Frequence;Amplitude
0.0;15.184
0.5;4.29
1.0;5.334
1.5;7.018
2.0;10.159
2.5;5.551
3.0;7.707
3.5;4.441
4.0;2.37
4.5;10.556
5.0;1.581
5.5;1.601
6.0;5.465
6.5;5.368
7.0;4.491
7.5;7.151
8.0;5.523
8.5;7.701
9.0;1.307
9.5;5.443
10.0;5.576
10.5;1.261
11.0;4.768
11.5;6.222
12.0;3.479
12.5;0.376
13.0;2.408
13.5;6.575
14.0;3.206
14.5;4.384
15.0;3.78
15.5;6.98
16.0;2.454
16.5;8.034
17.0;5.444
17.5;1.652
18.0;6.309
18.5;2.406
19.0;5.489
19.5;5.545
20.0;2.85
20.5;5.105
21.0;3.471
21.5;3.481
22.0;1.474
22.5;9.847
23.0;4.167
23.5;5.054
24.0;2.936
24.5;2.858
25.0;4.985
25.5;6.825
26.0;4.871
26.5;3.355
27.0;7.818
27.5;5.583
28.0;2.693
28.5;2.606
29.0;5.589
29.5;4.484
30.0;7.006
30.5;2.295
31.0;1.594
31.5;6.352
32.0;2.948
32.5;4.774
33.0;5.454
33.5;4.671
34.0;7.954
34.5;8.709
35.0;4.109
35.5;6.562
36.0;2.991
36.5;7.643
37.0;3.366
37.5;7.333
38.0;5.022
38.5;4.844
39.0;4.087
39.5;6.094
40.0;3.52
40.5;5.341
41.0;3.774
41.5;6.331
42.0;16.324
42.5;8.009
43.0;4.2
43.5;10.675
44.0;5.213
44.5;0.683
45.0;9.633
45.5;12.754
46.0;5.109
46.5;9.387
47.0;6.54
47.5;8.003
48.0;4.783
48.5;8.27
49.0;4.197
49.5;6.32
50.0;10.044
50.5;5.858
51.0;5.976
51.5;5.678
52.0;1.87
52.5;5.885
53.0;6.302
53.5;4.483
54.0;10.675
54.5;9.693
55.0;2.252
55.5;7.235
56.0;10.236
56.5;8.133
57.0;4.759
57.5;9.659
58.0;1.988
58.5;6.017
59.0;3.359
59.5;6.847
60.0;6.621
60.5;2.12
61.0;3.97
61.5;3.537
62.0;3.874
62.5;8.386
63.0;15.86
63.5;2.765
64.0;3.462
64.5;5.179
65.0;5.811
65.5;5.51
66.0;5.211
66.5;7.147
67.0;7.015
67.5;11.81
68.0;5.936
68.5;4.173
69.0;0.912
69.5;5.807
70.0;16.065
70.5;5.795
71.0;14.674
71.5;16.497
72.0;6.076
72.5;11.417
73.0;7.133
73.5;5.759
74.0;12.286
74.5;21.508
75.0;28.254
75.5;17.794
76.0;14.03
76.5;30.943
77.0;10.841
77.5;9.599
78.0;25.87
78.5;28.325
79.0;7.549
79.5;17.115
80.0;59.633
80.5;44.24
81.0;112.02
81.5;145.31
82.0;147.366
82.5;78.711
83.0;42.101
83.5;29.39
84.0;25.182
84.5;22.492
85.0;17.08
85.5;17.946
86.0;34.097
86.5;56.554
87.0;33.51
87.5;33.013
88.0;51.883
88.5;22.831
89.0;53.229
89.5;48.512
90.0;49.204
90.5;66.704
91.0;29.486
91.5;24.933
92.0;46.051
92.5;7.151
93.0;76.567
93.5;92.383
94.0;100.092
94.5;25.796
95.0;42.734
95.5;37.905
96.0;63.969
96.5;128.564
97.0;60.31
97.5;25.973
98.0;15.215
98.5;69.525
99.0;36.126
99.5;57.997
100.0;111.133
100.5;59.367
101.0;22.876
101.5;25.952
102.0;19.151
102.5;3.063
103.0;27.922
103.5;21.547
104.0;10.494
104.5;14.818
105.0;27.782
105.5;20.33
106.0;6.053
106.5;25.425
107.0;14.072
107.5;15.85
108.0;25.951
108.5;61.059
109.0;85.02
109.5;21.734
110.0;3.193
110.5;26.519
111.0;14.338
111.5;45.128
112.0;70.678
112.5;29.613
113.0;45.527
113.5;58.974
114.0;45.388
114.5;26.311
115.0;42.278
115.5;48.422
116.0;37.089
116.5;55.396
117.0;12.656
117.5;158.582
118.0;99.831
118.5;55.416
119.0;81.196
119.5;69.829
120.0;55.782
120.5;135.953
121.0;32.629
121.5;78.394
122.0;156.877
122.5;175.887
123.0;147.809
123.5;178.78
124.0;88.183
124.5;100.711
125.0;123.122
125.5;109.313
126.0;61.264
126.5;52.0
127.0;32.233
127.5;93.083
128.0;62.235
128.5;63.056
129.0;61.632
129.5;32.589
130.0;107.793
130.5;83.845
131.0;130.461
131.5;33.52
132.0;4.839
132.5;60.987
133.0;132.906
133.5;34.284
134.0;34.14
134.5;35.24
135.0;13.487
135.5;22.394
136.0;33.987
136.5;20.905
137.0;46.736
137.5;27.017
138.0;48.77
138.5;96.597
139.0;39.128
139.5;41.683
140.0;16.339
140.5;24.326
141.0;5.072
141.5;58.095
142.0;29.645
142.5;27.92
143.0;53.127
143.5;49.398
144.0;49.451
144.5;81.919
145.0;57.187
145.5;10.19
146.0;32.548
146.5;41.413
147.0;42.768
147.5;72.529
148.0;70.067
148.5;65.977
149.0;48.702
149.5;9.084
150.0;54.205
150.5;61.154
151.0;25.338
151.5;69.471
152.0;54.223
152.5;24.085
153.0;60.432
153.5;47.008
154.0;37.46
154.5;60.788
155.0;18.071
155.5;50.63
156.0;137.982
156.5;94.399
157.0;5.548
157.5;8.572
158.0;98.174
158.5;136.524
159.0;108.052
159.5;96.304
160.0;40.447
160.5;60.22
161.0;58.58
161.5;47.489
162.0;85.797
162.5;71.179
163.0;80.104
163.5;321.87
164.0;162.395
164.5;133.788
165.0;175.27
165.5;71.415
166.0;33.651
166.5;74.096
167.0;43.113
167.5;79.617
168.0;132.987
168.5;58.634
169.0;75.319
169.5;117.413
170.0;88.787
170.5;17.079
171.0;83.825
171.5;11.162
172.0;59.466
172.5;36.205
173.0;50.102
173.5;38.423
174.0;7.702
174.5;42.947
175.0;54.314
175.5;17.786
176.0;44.384
176.5;41.499
177.0;37.472
177.5;67.951
178.0;44.186
178.5;43.431
179.0;53.919
179.5;16.925
180.0;18.911
180.5;51.644
181.0;21.903
181.5;28.786
182.0;44.87
182.5;45.937
183.0;38.462
183.5;27.905
184.0;32.265
184.5;42.551
185.0;37.414
185.5;37.605
186.0;167.041
186.5;109.644
187.0;39.515
187.5;107.903
188.0;70.467
188.5;156.314
189.0;185.648
189.5;137.904
190.0;40.745
190.5;22.753
191.0;36.115
191.5;29.463
192.0;91.516
192.5;62.486
193.0;317.419
193.5;315.763
194.0;213.877
194.5;351.66
195.0;205.887
195.5;188.178
196.0;149.591
196.5;93.618
197.0;297.344
197.5;269.012
198.0;262.724
198.5;430.239
199.0;401.51
199.5;143.196
200.0;251.336
200.5;181.171
201.0;53.98
201.5;234.487
202.0;185.77
202.5;58.728
203.0;46.111
203.5;75.672
204.0;145.115
204.5;85.393
205.0;11.506
205.5;22.906
206.0;19.161
206.5;14.771
207.0;41.421
207.5;61.429
208.0;67.451
208.5;118.032
209.0;90.312
209.5;26.589
210.0;34.982
210.5;49.022
211.0;44.316
211.5;40.367
212.0;40.333
212.5;81.404
213.0;18.618
213.5;34.172
214.0;28.24
214.5;46.818
215.0;79.967
215.5;72.774
216.0;81.306
216.5;31.135
217.0;22.136
217.5;81.393
218.0;26.77
218.5;57.016
219.0;91.283
219.5;45.182
220.0;41.595
220.5;58.806
221.0;44.246
221.5;41.676
222.0;48.942
222.5;94.832
223.0;10.562
223.5;101.329
224.0;119.576
224.5;140.381
225.0;129.932
225.5;88.711
226.0;55.72
226.5;27.289
227.0;32.115
227.5;131.472
228.0;80.952
228.5;108.269
229.0;6.598
229.5;58.041
230.0;41.09
230.5;121.967
231.0;63.464
231.5;23.573
232.0;53.072
232.5;92.493
233.0;30.983
233.5;23.13
234.0;21.237
234.5;61.911
235.0;32.047
235.5;14.061
236.0;74.297
236.5;67.403
237.0;55.099
237.5;18.718
238.0;32.101
238.5;28.69
239.0;98.395
239.5;124.329
240.0;69.032
240.5;69.007
241.0;30.715
241.5;72.029
242.0;94.154
242.5;80.523
243.0;67.778
243.5;85.267
244.0;31.39
244.5;84.009
245.0;242.815
245.5;160.44
246.0;341.352
246.5;192.289
247.0;99.314
247.5;918.937
248.0;653.355
248.5;481.027
249.0;228.51
249.5;179.135
250.0;99.784
250.5;113.906
251.0;85.151
251.5;137.577
252.0;67.463
252.5;68.163
253.0;29.814
253.5;79.419
254.0;40.254
254.5;29.425
255.0;44.487
255.5;27.084
256.0;71.28
256.5;30.003
257.0;26.468
257.5;54.254
258.0;25.108
258.5;13.286
259.0;15.605
259.5;58.132
260.0;50.692
260.5;61.704
261.0;21.855
261.5;27.041
262.0;14.887
262.5;37.283
263.0;36.005
263.5;22.3
264.0;20.061
264.5;47.28
265.0;17.575
265.5;26.325
266.0;37.18
266.5;14.208
267.0;3.585
267.5;6.67
268.0;37.21
268.5;33.186
269.0;25.481
269.5;24.499
270.0;9.485
270.5;11.593
271.0;44.596
271.5;45.909
272.0;38.883
272.5;31.739
273.0;8.044
273.5;38.04
274.0;8.065
274.5;39.944
275.0;10.965
275.5;52.615
276.0;57.439
276.5;59.168
277.0;83.437
277.5;61.749
278.0;70.141
278.5;73.03
279.0;69.624
279.5;62.383
280.0;36.024
280.5;44.103
281.0;51.692
281.5;65.647
282.0;85.268
282.5;60.768
283.0;56.663
283.5;137.468
284.0;101.844
284.5;128.334
285.0;66.709
285.5;112.155
286.0;93.833
286.5;85.359
287.0;141.934
287.5;116.917
288.0;157.644
288.5;176.05
289.0;256.626
289.5;220.54
290.0;258.733
290.5;266.005
291.0;243.687
291.5;220.605
292.0;166.328
292.5;128.649
293.0;177.682
293.5;192.255
294.0;186.579
294.5;86.425
295.0;124.648
295.5;16.856
296.0;56.723
296.5;39.023
297.0;88.487
297.5;64.357
298.0;63.174
298.5;76.398
299.0;56.747
299.5;76.604
300.0;17.504
300.5;66.653
301.0;26.224
301.5;12.663
302.0;28.605
302.5;25.44
303.0;30.052
303.5;9.79
304.0;38.4
304.5;37.93
305.0;30.474
305.5;30.084
306.0;2.701
306.5;15.999
307.0;15.281
307.5;62.61
308.0;3.184
308.5;10.917
309.0;9.749
309.5;40.465
310.0;15.249
310.5;28.019
311.0;10.667
311.5;22.778
312.0;18.081
312.5;17.26
313.0;6.436
313.5;21.258
314.0;24.271
314.5;13.222
315.0;20.864
315.5;0.975
316.0;16.457
316.5;10.606
317.0;9.272
317.5;31.811
318.0;10.02
318.5;22.809
319.0;29.047
319.5;23.911
320.0;26.595
320.5;22.441
321.0;3.917
321.5;22.203
322.0;27.512
322.5;23.459
323.0;25.068
323.5;24.868
324.0;41.147
324.5;44.443
325.0;33.938
325.5;18.183
326.0;11.149
326.5;51.561
327.0;104.768
327.5;76.371
328.0;34.983
328.5;65.85
329.0;97.178
329.5;50.378
330.0;119.525
330.5;96.781
331.0;47.83
331.5;26.96
332.0;51.872
332.5;45.839
333.0;37.124
333.5;33.464
334.0;79.563
334.5;94.987
335.0;76.381
335.5;52.745
336.0;22.69
336.5;16.65
337.0;53.511
337.5;55.339
338.0;38.227
338.5;37.77
339.0;34.84
339.5;21.921
340.0;99.776
340.5;66.688
341.0;46.999
341.5;46.995
342.0;45.625
342.5;59.428
343.0;57.081
343.5;12.19
344.0;43.908
344.5;10.555
345.0;53.673
345.5;8.557
346.0;25.148
346.5;41.214
347.0;21.626
347.5;36.988
348.0;62.689
348.5;37.175
349.0;80.477
349.5;11.843
350.0;49.043
350.5;35.062
351.0;30.486
351.5;8.393
352.0;42.61
352.5;38.524
353.0;14.685
353.5;6.574
354.0;18.632
354.5;10.405
355.0;2.461
355.5;22.91
356.0;15.504
356.5;12.514
357.0;19.01
357.5;46.168
358.0;57.779
358.5;23.94
359.0;24.225
359.5;41.22
360.0;19.26
360.5;31.456
361.0;36.041
361.5;17.358
362.0;31.742
362.5;25.682
363.0;20.822
363.5;29.001
364.0;22.092
364.5;21.089
365.0;43.86
365.5;52.454
366.0;24.934
366.5;25.267
367.0;34.916
367.5;28.055
368.0;46.47
368.5;20.409
369.0;34.195
369.5;23.646
370.0;12.367
370.5;61.872
371.0;64.602
371.5;53.519
372.0;28.617
372.5;16.576
373.0;15.55
373.5;39.524
374.0;31.787
374.5;51.771
375.0;32.881
375.5;24.583
376.0;24.42
376.5;29.145
377.0;42.989
377.5;13.212
378.0;1.191
378.5;29.065
379.0;32.283
379.5;36.447
380.0;25.854
380.5;46.899
381.0;18.02
381.5;46.201
382.0;65.04
382.5;13.113
383.0;22.186
383.5;34.751
384.0;18.964
384.5;8.004
385.0;40.854
385.5;60.448
386.0;48.727
386.5;77.017
387.0;20.517
387.5;77.457
388.0;55.926
388.5;121.067
389.0;113.574
389.5;31.049
390.0;106.145
390.5;211.736
391.0;419.873
391.5;129.581
392.0;402.118
392.5;576.091
393.0;178.047
393.5;307.099
394.0;326.367
394.5;214.055
395.0;363.494
395.5;295.532
396.0;59.714
396.5;344.934
397.0;255.793
397.5;86.922
398.0;146.173
398.5;97.849
399.0;13.052
399.5;68.465
400.0;80.685
400.5;29.324
401.0;134.345
401.5;29.175
402.0;15.999
402.5;26.823
403.0;16.852
403.5;77.816
404.0;62.36
404.5;35.433
405.0;72.17
405.5;33.894
406.0;49.909
406.5;38.684
407.0;23.892
407.5;14.115
408.0;70.101
408.5;54.245
409.0;10.142
409.5;151.92
410.0;162.439
410.5;95.507
411.0;49.568
411.5;48.376
412.0;13.646
412.5;7.882
413.0;28.219
413.5;33.399
414.0;8.979
414.5;35.552
415.0;7.507
415.5;24.206
416.0;24.846
416.5;9.075
417.0;14.092
417.5;23.024
418.0;1.877
418.5;19.036
419.0;16.815
419.5;3.075
420.0;12.022
420.5;8.472
421.0;15.511
421.5;14.844
422.0;14.221
422.5;12.221
423.0;12.129
423.5;7.703
424.0;19.665
424.5;21.461
425.0;12.591
425.5;12.489
426.0;29.64
426.5;14.694
427.0;1.762
427.5;14.567
428.0;11.915
428.5;15.715
429.0;8.885
429.5;11.176
430.0;3.53
430.5;20.167
431.0;17.766
431.5;9.227
432.0;17.47
432.5;18.366
433.0;32.407
433.5;12.551
434.0;30.245
434.5;15.717
435.0;6.325
435.5;11.887
436.0;27.973
436.5;18.939
437.0;13.927
437.5;31.248
438.0;13.042
438.5;11.109
439.0;26.031
439.5;14.541
440.0;22.925
440.5;13.428
441.0;29.632
441.5;32.624
442.0;14.301
442.5;6.829
443.0;15.136
443.5;19.123
444.0;39.214
444.5;17.798
445.0;11.114
445.5;10.976
446.0;17.895
446.5;14.639
447.0;35.348
447.5;27.33
448.0;22.163
448.5;23.475
449.0;13.632
449.5;30.718
450.0;19.042
450.5;63.257
451.0;42.648
451.5;16.617
452.0;13.553
452.5;15.359
453.0;34.037
453.5;20.536
454.0;2.318
454.5;20.839
455.0;8.066
455.5;14.945
456.0;2.252
456.5;26.121
457.0;15.668
457.5;25.942
458.0;10.869
458.5;5.492
459.0;22.39
459.5;5.05
460.0;1.636
460.5;8.736
461.0;17.335
461.5;6.692
462.0;4.938
462.5;24.956
463.0;19.783
463.5;3.501
464.0;12.979
464.5;7.948
465.0;13.271
465.5;2.449
466.0;18.562
466.5;11.489
467.0;28.834
467.5;6.322
468.0;8.141
468.5;2.305
469.0;16.437
469.5;11.912
470.0;1.322
470.5;19.86
471.0;30.885
471.5;7.524
472.0;19.929
472.5;19.763
473.0;8.359
473.5;15.407
474.0;3.021
474.5;23.823
475.0;15.052
475.5;27.938
476.0;5.721
476.5;21.385
477.0;21.985
477.5;14.813
478.0;4.365
478.5;11.401
479.0;26.538
479.5;5.4
480.0;7.092
480.5;16.794
481.0;9.709
481.5;8.922
482.0;16.207
482.5;7.675
483.0;7.454
483.5;11.929
484.0;8.792
484.5;15.805
485.0;12.425
485.5;15.327
486.0;14.925
486.5;12.989
487.0;12.156
487.5;3.93
488.0;11.362
488.5;24.099
489.0;22.646
489.5;20.617
490.0;9.146
490.5;12.422
491.0;7.278
491.5;12.943
492.0;31.152
492.5;33.313
493.0;49.026
493.5;9.175
494.0;91.39
494.5;71.687
495.0;87.501
495.5;43.231
496.0;53.206
496.5;32.759
497.0;25.004
497.5;17.852
498.0;16.579
498.5;28.252
499.0;16.04
499.5;4.352
500.0;10.904
500.5;4.518
501.0;4.77
501.5;12.999
502.0;11.452
502.5;10.721
503.0;13.032
503.5;15.299
504.0;6.723
504.5;8.375
505.0;12.481
505.5;8.493
506.0;6.106
506.5;5.906
507.0;10.306
507.5;4.297
508.0;5.066
508.5;5.748
509.0;7.461
509.5;5.975
510.0;7.714
510.5;5.866
511.0;11.534
511.5;8.864
512.0;12.563
512.5;5.89
513.0;4.654
513.5;6.471
514.0;9.239
514.5;2.876
515.0;3.112
515.5;4.637
516.0;6.514
516.5;3.904
517.0;3.624
517.5;7.767
518.0;2.824
518.5;3.234
519.0;17.457
519.5;14.188
520.0;15.446
520.5;10.753
521.0;6.935
521.5;10.545
522.0;6.63
522.5;14.881
523.0;5.353
523.5;6.006
524.0;5.095
524.5;7.193
525.0;6.651
525.5;5.317
526.0;9.371
526.5;1.454
527.0;12.231
527.5;8.811
528.0;7.806
528.5;4.522
529.0;8.156
529.5;3.685
530.0;4.569
530.5;6.132
531.0;11.152
531.5;13.51
532.0;5.64
532.5;5.643
533.0;8.739
533.5;7.915
534.0;11.5
534.5;8.591
535.0;13.234
535.5;11.473
536.0;3.235
536.5;21.712
537.0;6.726
537.5;14.103
538.0;16.66
538.5;12.104
539.0;12.433
539.5;6.294
540.0;10.266
540.5;17.372
541.0;15.296
541.5;4.684
542.0;5.381
542.5;3.945
543.0;3.845
543.5;3.477
544.0;16.852
544.5;7.818
545.0;2.241
545.5;8.009
546.0;5.785
546.5;6.22
547.0;11.856
547.5;4.716
548.0;5.105
548.5;0.771
549.0;9.41
549.5;12.775
550.0;6.814
550.5;14.365
551.0;8.138
551.5;8.745
552.0;11.783
552.5;12.682
553.0;5.894
553.5;8.274
554.0;3.428
554.5;3.39
555.0;11.991
555.5;8.999
556.0;15.128
556.5;6.672
557.0;12.118
557.5;21.877
558.0;8.464
558.5;2.786
559.0;26.27
559.5;12.065
560.0;9.947
560.5;3.427
561.0;12.099
561.5;4.789
562.0;17.559
562.5;11.705
563.0;25.469
563.5;16.208
564.0;17.706
564.5;13.381
565.0;0.741
565.5;12.122
566.0;7.67
566.5;11.716
567.0;12.456
567.5;16.573
568.0;11.981
568.5;22.342
569.0;9.647
569.5;11.72
570.0;10.271
570.5;25.498
571.0;9.285
571.5;46.651
572.0;47.58
572.5;91.034
573.0;53.284
573.5;47.235
574.0;47.06
574.5;51.239
575.0;32.285
575.5;16.807
576.0;38.529
576.5;21.706
577.0;13.699
577.5;19.521
578.0;13.673
578.5;32.139
579.0;46.901
579.5;5.97
580.0;43.501
580.5;63.453
581.0;77.623
581.5;69.215
582.0;76.055
582.5;59.024
583.0;99.168
583.5;66.828
584.0;53.622
584.5;29.875
585.0;41.737
585.5;40.391
586.0;6.384
586.5;17.424
587.0;84.244
587.5;45.038
588.0;87.261
588.5;94.038
589.0;75.319
589.5;156.864
590.0;60.795
590.5;51.212
591.0;94.318
591.5;101.841
592.0;95.057
592.5;32.271
593.0;41.39
593.5;13.972
594.0;32.681
594.5;20.438
595.0;25.182
595.5;14.314
596.0;5.354
596.5;1.095
597.0;22.183
597.5;13.696
598.0;10.753
598.5;9.706
599.0;16.613
599.5;19.676
600.0;7.672
600.5;15.118
601.0;16.397
601.5;7.573
602.0;11.542
602.5;13.028
603.0;18.659
603.5;34.109
604.0;15.912
604.5;10.753
605.0;9.299
605.5;21.06
606.0;16.119
606.5;14.405
607.0;11.594
607.5;8.194
608.0;12.081
608.5;2.258
609.0;13.431
609.5;22.237
610.0;24.953
610.5;15.357
611.0;7.609
611.5;7.087
612.0;10.279
612.5;15.418
613.0;11.184
613.5;7.848
614.0;22.902
614.5;26.065
615.0;26.426
615.5;8.519
616.0;1.883
616.5;17.466
617.0;16.027
617.5;12.04
618.0;7.986
618.5;0.617
619.0;3.308
619.5;5.293
620.0;8.927
620.5;11.199
621.0;20.212
621.5;7.056
622.0;15.56
622.5;13.648
623.0;18.728
623.5;35.744
624.0;25.759
624.5;10.163
625.0;12.09
625.5;12.178
626.0;8.072
626.5;9.339
627.0;12.932
627.5;8.749
628.0;13.156
628.5;16.689
629.0;9.922
629.5;20.968
630.0;16.408
630.5;3.279
631.0;18.208
631.5;7.183
632.0;1.984
632.5;10.754
633.0;12.678
633.5;10.925
634.0;25.799
634.5;11.981
635.0;15.467
635.5;11.734
636.0;2.934
636.5;9.79
637.0;19.545
637.5;15.147
638.0;24.245
638.5;21.227
639.0;11.414
639.5;13.752
640.0;13.269
640.5;7.982
641.0;14.603
641.5;11.255
642.0;4.948
642.5;12.962
643.0;8.983
643.5;29.488
644.0;13.111
644.5;29.107
645.0;40.497
645.5;16.215
646.0;4.895
646.5;20.216
647.0;32.174
647.5;26.902
648.0;41.493
648.5;38.658
649.0;24.358
649.5;75.252
650.0;78.181
650.5;52.393
651.0;40.977
651.5;44.081
652.0;35.998
652.5;23.112
653.0;144.752
653.5;85.656
654.0;45.423
654.5;121.949
655.0;61.723
655.5;107.718
656.0;127.699
656.5;55.296
657.0;203.061
657.5;107.646
658.0;67.855
658.5;45.987
659.0;68.775
659.5;57.99
660.0;69.845
660.5;19.097
661.0;19.617
661.5;56.396
662.0;52.522
662.5;27.585
663.0;6.742
663.5;24.705
664.0;34.368
664.5;49.669
665.0;30.324
665.5;20.574
666.0;25.047
666.5;12.671
667.0;12.317
667.5;17.389
668.0;25.509
668.5;8.522
669.0;16.967
669.5;22.923
670.0;3.589
670.5;19.552
671.0;13.627
671.5;22.546
672.0;25.095
672.5;10.374
673.0;12.109
673.5;21.21
674.0;13.062
674.5;23.688
675.0;5.153
675.5;14.653
676.0;10.296
676.5;4.286
677.0;14.986
677.5;10.983
678.0;7.202
678.5;6.509
679.0;23.119
679.5;9.406
680.0;19.109
680.5;21.769
681.0;4.078
681.5;16.595
682.0;10.865
682.5;5.813
683.0;7.438
683.5;21.643
684.0;9.892
684.5;11.386
685.0;10.707
685.5;17.31
686.0;13.552
686.5;17.478
687.0;3.184
687.5;8.329
688.0;8.941
688.5;15.429
689.0;19.666
689.5;19.906
690.0;15.196
690.5;22.099
691.0;18.378
691.5;8.086
692.0;10.603
692.5;8.049
693.0;16.465
693.5;22.583
694.0;22.184
694.5;29.5
695.0;6.869
695.5;9.987
696.0;8.274
696.5;12.109
697.0;8.835
697.5;0.322
698.0;4.88
698.5;26.634
699.0;3.097
699.5;23.386
700.0;11.937
700.5;13.549
701.0;12.295
701.5;7.525
702.0;17.827
702.5;15.017
703.0;15.365
703.5;17.271
704.0;9.085
704.5;11.706
705.0;15.647
705.5;14.153
706.0;13.349
706.5;3.394
707.0;8.584
707.5;8.509
708.0;12.049
708.5;15.479
709.0;4.823
709.5;16.467
710.0;6.833
710.5;13.892
711.0;4.281
711.5;8.431
712.0;15.915
712.5;10.428
713.0;4.206
713.5;8.033
714.0;20.669
714.5;22.736
715.0;4.545
715.5;18.036
716.0;18.58
716.5;18.716
717.0;17.991
717.5;14.507
718.0;10.559
718.5;15.115
719.0;12.156
719.5;16.267
720.0;15.113
720.5;14.246
721.0;17.73
721.5;15.879
722.0;14.046
722.5;5.858
723.0;17.033
723.5;6.872
724.0;19.829
724.5;11.584
725.0;9.539
725.5;18.944
726.0;29.278
726.5;28.646
727.0;33.085
727.5;23.672
728.0;9.409
728.5;6.098
729.0;5.12
729.5;19.425
730.0;3.922
730.5;5.932
731.0;29.536
731.5;36.749
732.0;12.846
732.5;28.005
733.0;33.36
733.5;39.05
734.0;26.839
734.5;20.761
735.0;27.654
735.5;9.494
736.0;19.179
736.5;53.363
737.0;20.116
737.5;15.905
738.0;55.39
738.5;14.433
739.0;37.634
739.5;33.821
740.0;148.093
740.5;66.581
741.0;138.151
741.5;133.685
742.0;196.456
742.5;121.655
743.0;88.855
743.5;60.036
744.0;68.583
744.5;86.949
745.0;37.071
745.5;67.869
746.0;137.608
746.5;56.46
747.0;89.023
747.5;44.121
748.0;71.006
748.5;19.624
749.0;40.945
749.5;72.749
750.0;67.457
750.5;27.051
751.0;9.554
751.5;21.284
752.0;10.389
752.5;31.242
753.0;36.902
753.5;11.426
754.0;23.52
754.5;29.64
755.0;22.055
755.5;15.413
756.0;24.791
756.5;34.831
757.0;40.994
757.5;17.006
758.0;20.115
758.5;6.37
759.0;6.387
759.5;25.028
760.0;25.244
760.5;8.807
761.0;15.503
761.5;26.68
762.0;23.293
762.5;22.246
763.0;40.167
763.5;44.079
764.0;14.27
764.5;20.608
765.0;30.49
765.5;8.892
766.0;14.878
766.5;20.07
767.0;23.542
767.5;27.729
768.0;16.648
768.5;4.752
769.0;12.908
769.5;26.682
770.0;34.511
770.5;36.818
771.0;41.536
771.5;66.695
772.0;63.393
772.5;38.773
773.0;24.845
773.5;45.761
774.0;11.09
774.5;39.203
775.0;41.208
775.5;26.675
776.0;48.759
776.5;42.851
777.0;23.332
777.5;45.588
778.0;25.328
778.5;42.128
779.0;22.498
779.5;23.233
780.0;72.709
780.5;108.804
781.0;81.007
781.5;37.373
782.0;18.492
782.5;36.602
783.0;80.827
783.5;48.277
784.0;23.845
784.5;250.805
785.0;234.663
785.5;134.462
786.0;72.75
786.5;192.748
787.0;96.482
787.5;217.115
788.0;70.659
788.5;344.781
789.0;327.788
789.5;438.242
790.0;929.978
790.5;509.136
791.0;327.492
791.5;325.794
792.0;185.156
792.5;104.751
793.0;211.306
793.5;209.414
794.0;203.242
794.5;176.23
795.0;172.473
795.5;88.512
796.0;68.852
796.5;102.888
797.0;83.309
797.5;73.75
798.0;44.796
798.5;81.61
799.0;61.418
799.5;52.849
800.0;100.664
800.5;69.165
801.0;39.882
801.5;90.995
802.0;77.606
802.5;79.651
803.0;71.871
803.5;120.565
804.0;146.426
804.5;130.081
805.0;78.601
805.5;38.337
806.0;49.947
806.5;53.67
807.0;41.109
807.5;46.239
808.0;24.112
808.5;47.636
809.0;49.159
809.5;32.216
810.0;22.139
810.5;33.286
811.0;53.805
811.5;26.975
812.0;15.605
812.5;26.411
813.0;20.7
813.5;17.009
814.0;10.227
814.5;19.454
815.0;17.789
815.5;21.618
816.0;11.437
816.5;13.528
817.0;14.952
817.5;11.379
818.0;16.099
818.5;15.156
819.0;19.999
819.5;13.813
820.0;32.262
820.5;24.222
821.0;5.772
821.5;7.124
822.0;10.092
822.5;11.861
823.0;11.37
823.5;13.398
824.0;9.923
824.5;14.445
825.0;9.763
825.5;3.502
826.0;19.008
826.5;8.851
827.0;21.692
827.5;7.527
828.0;17.142
828.5;24.198
829.0;37.173
829.5;14.597
830.0;12.072
830.5;11.421
831.0;16.194
831.5;21.536
832.0;24.197
832.5;18.039
833.0;10.255
833.5;17.986
834.0;4.947
834.5;13.507
835.0;18.322
835.5;28.165
836.0;17.302
836.5;23.337
837.0;23.191
837.5;28.167
838.0;6.481
838.5;9.017
839.0;7.728
839.5;7.358
840.0;9.048
840.5;18.919
841.0;14.03
841.5;23.213
842.0;18.371
842.5;21.072
843.0;11.456
843.5;10.177
844.0;22.364
844.5;22.436
845.0;32.011
845.5;21.513
846.0;4.805
846.5;18.82
847.0;2.274
847.5;11.569
848.0;1.235
848.5;12.163
849.0;8.292
849.5;15.997
850.0;15.011
850.5;14.544
851.0;3.592
851.5;9.711
852.0;2.535
852.5;10.702
853.0;6.405
853.5;14.144
854.0;18.671
854.5;17.353
855.0;17.11
855.5;12.367
856.0;4.005
856.5;18.654
857.0;14.803
857.5;19.726
858.0;10.734
858.5;12.229
859.0;6.02
859.5;6.786
860.0;13.92
860.5;11.545
861.0;13.243
861.5;12.463
862.0;11.575
862.5;9.78
863.0;7.799
863.5;5.23
864.0;11.736
864.5;2.66
865.0;1.599
865.5;6.643
866.0;9.127
866.5;14.425
867.0;9.719
867.5;14.605
868.0;17.291
868.5;10.919
869.0;6.064
869.5;7.598
870.0;4.451
870.5;10.724
871.0;10.041
871.5;14.563
872.0;7.818
872.5;1.117
873.0;9.313
873.5;14.02
874.0;13.697
874.5;13.483
875.0;17.546
875.5;17.692
876.0;9.139
876.5;22.885
877.0;10.054
877.5;19.298
878.0;14.821
878.5;0.84
879.0;3.183
879.5;12.212
880.0;17.873
880.5;8.571
881.0;6.289
881.5;6.518
882.0;15.848
882.5;11.408
883.0;5.069
883.5;13.754
884.0;9.736
884.5;11.749
885.0;18.361
885.5;20.897
886.0;7.145
886.5;6.273
887.0;13.802
887.5;4.997
888.0;7.917
888.5;16.111
889.0;12.746
889.5;1.518
890.0;12.25
890.5;5.705
891.0;4.797
891.5;6.351
892.0;6.573
892.5;5.872
893.0;17.619
893.5;13.295
894.0;13.957
894.5;8.184
895.0;7.012
895.5;12.688
896.0;9.052
896.5;8.691
897.0;5.811
897.5;2.219
898.0;15.943
898.5;4.446
899.0;19.575
899.5;14.046
900.0;20.89
900.5;10.124
901.0;5.021
901.5;9.651
902.0;13.441
902.5;22.042
903.0;22.407
903.5;36.361
904.0;20.947
904.5;13.953
905.0;1.214
905.5;4.571
906.0;6.203
906.5;7.938
907.0;7.452
907.5;13.95
908.0;10.547
908.5;9.236
909.0;7.836
909.5;4.958
910.0;6.971
910.5;3.89
911.0;7.492
911.5;15.194
912.0;4.108
912.5;2.468
913.0;4.112
913.5;5.249
914.0;10.596
914.5;10.094
915.0;3.592
915.5;5.678
916.0;6.646
916.5;11.953
917.0;4.041
917.5;7.996
918.0;7.218
918.5;10.115
919.0;6.383
919.5;3.247
920.0;10.828
920.5;2.766
921.0;10.813
921.5;7.461
922.0;6.852
922.5;6.908
923.0;5.4
923.5;6.756
924.0;5.797
924.5;5.421
925.0;9.852
925.5;2.543
926.0;9.735
926.5;0.314
927.0;8.122
927.5;3.928
928.0;14.354
928.5;7.021
929.0;8.958
929.5;8.4
930.0;2.246
930.5;7.612
931.0;17.635
931.5;8.733
932.0;8.07
932.5;3.193
933.0;4.996
933.5;6.955
934.0;9.466
934.5;15.832
935.0;11.767
935.5;16.214
936.0;9.327
936.5;14.337
937.0;7.062
937.5;16.307
938.0;11.871
938.5;15.104
939.0;8.373
939.5;27.266
940.0;11.944
940.5;2.043
941.0;20.29
941.5;17.484
942.0;7.484
942.5;10.839
943.0;5.73
943.5;7.482
944.0;14.212
944.5;6.847
945.0;7.888
945.5;4.239
946.0;5.296
946.5;6.95
947.0;2.922
947.5;7.012
948.0;4.549
948.5;17.897
949.0;6.121
949.5;13.648
950.0;8.884
950.5;7.802
951.0;8.325
951.5;7.654
952.0;11.917
952.5;4.254
953.0;12.528
953.5;10.426
954.0;6.45
954.5;4.404
955.0;6.723
955.5;6.081
956.0;8.016
956.5;5.493
957.0;22.159
957.5;12.506
958.0;10.206
958.5;9.669
959.0;17.827
959.5;14.193
960.0;14.083
960.5;9.437
961.0;7.812
961.5;16.772
962.0;17.38
962.5;6.728
963.0;7.901
963.5;13.746
964.0;8.188
964.5;18.922
965.0;12.308
965.5;24.178
966.0;16.663
966.5;7.573
967.0;13.185
967.5;6.953
968.0;8.297
968.5;14.367
969.0;10.538
969.5;20.62
970.0;5.964
970.5;2.983
971.0;16.089
971.5;25.936
972.0;27.869
972.5;7.687
973.0;6.15
973.5;48.825
974.0;26.552
974.5;44.007
975.0;67.996
975.5;126.524
976.0;81.832
976.5;176.373
977.0;141.259
977.5;52.307
978.0;14.849
978.5;71.48
979.0;93.228
979.5;68.717
980.0;126.711
980.5;154.227
981.0;99.826
981.5;81.318
982.0;109.715
982.5;69.942
983.0;102.595
983.5;119.263
984.0;93.367
984.5;92.364
985.0;97.977
985.5;94.272
986.0;76.317
986.5;28.923
987.0;128.324
987.5;59.984
988.0;41.657
988.5;296.513
989.0;446.096
989.5;469.075
990.0;193.073
990.5;248.45
991.0;119.563
991.5;174.632
992.0;23.347
992.5;169.243
993.0;14.072
993.5;78.472
994.0;105.669
994.5;31.513
995.0;88.204
995.5;28.439
996.0;30.856
996.5;6.378
997.0;44.379
997.5;28.742
998.0;35.059
998.5;34.276
999.0;18.411
999.5;12.321
1000.0;41.586
1000.5;21.64
1001.0;24.255
1001.5;9.317
1002.0;15.338
1002.5;36.331
1003.0;19.576
1003.5;36.228
1004.0;8.554
1004.5;12.279
1005.0;20.785
1005.5;9.388
1006.0;12.534
1006.5;8.069
1007.0;21.868
1007.5;5.169
1008.0;9.188
1008.5;14.827
1009.0;8.259
1009.5;16.516
1010.0;7.964
1010.5;7.614
1011.0;19.227
1011.5;25.799
1012.0;10.868
1012.5;16.388
1013.0;17.978
1013.5;9.88
1014.0;19.256
1014.5;6.986
1015.0;14.846
1015.5;4.369
1016.0;6.116
1016.5;3.521
1017.0;7.571
1017.5;6.068
1018.0;17.144
1018.5;12.999
1019.0;3.816
1019.5;4.831
1020.0;8.824
1020.5;6.937
1021.0;5.887
1021.5;9.689
1022.0;12.78
1022.5;18.47
1023.0;7.648
1023.5;4.486
1024.0;11.681
1024.5;1.369
1025.0;4.223
1025.5;0.473
1026.0;2.973
1026.5;3.465
1027.0;6.889
1027.5;9.371
1028.0;20.06
1028.5;3.817
1029.0;5.405
1029.5;8.966
1030.0;8.275
1030.5;16.37
1031.0;10.885
1031.5;13.567
1032.0;14.907
1032.5;6.814
1033.0;3.235
1033.5;8.032
1034.0;8.782
1034.5;2.139
1035.0;2.446
1035.5;13.138
1036.0;8.808
1036.5;6.489
1037.0;7.764
1037.5;8.167
1038.0;7.773
1038.5;5.012
1039.0;8.581
1039.5;6.026
1040.0;3.11
1040.5;13.695
1041.0;14.14
1041.5;7.132
1042.0;5.173
1042.5;14.535
1043.0;13.975
1043.5;7.304
1044.0;8.468
1044.5;17.539
1045.0;17.088
1045.5;1.007
1046.0;12.689
1046.5;8.33
1047.0;6.24
1047.5;6.309
1048.0;10.615
1048.5;10.105
1049.0;10.447
1049.5;4.988
1050.0;3.853
1050.5;6.941
1051.0;3.011
1051.5;7.111
1052.0;13.066
1052.5;5.378
1053.0;8.618
1053.5;11.812
1054.0;4.368
1054.5;6.45
1055.0;7.618
1055.5;8.32
1056.0;6.095
1056.5;13.296
1057.0;5.656
1057.5;5.053
1058.0;13.278
1058.5;3.843
1059.0;5.819
1059.5;5.348
1060.0;3.084
1060.5;2.749
1061.0;1.706
1061.5;5.109
1062.0;4.837
1062.5;5.402
1063.0;5.712
1063.5;5.045
1064.0;9.368
1064.5;17.08
1065.0;18.883
1065.5;27.508
1066.0;11.274
1066.5;20.524
1067.0;26.709
1067.5;32.284
1068.0;15.316
1068.5;8.549
1069.0;4.447
1069.5;3.495
1070.0;1.433
1070.5;6.853
1071.0;7.929
1071.5;3.705
1072.0;5.567
1072.5;11.066
1073.0;7.297
1073.5;14.139
1074.0;6.134
1074.5;2.476
1075.0;1.942
1075.5;4.617
1076.0;4.596
1076.5;8.312
1077.0;0.456
1077.5;2.443
1078.0;3.541
1078.5;3.321
1079.0;5.46
1079.5;4.541
1080.0;6.511
1080.5;12.667
1081.0;12.778
1081.5;4.023
1082.0;4.36
1082.5;5.388
1083.0;8.884
1083.5;2.859
1084.0;4.28
1084.5;1.461
1085.0;6.656
1085.5;9.373
1086.0;1.268
1086.5;6.611
1087.0;9.087
1087.5;2.813
1088.0;2.181
1088.5;4.159
1089.0;2.525
1089.5;2.436
1090.0;5.398
1090.5;7.284
1091.0;1.885
1091.5;0.915
1092.0;4.305
1092.5;6.014
1093.0;5.3
1093.5;0.491
1094.0;7.946
1094.5;2.29
1095.0;3.098
1095.5;5.188
1096.0;11.59
1096.5;3.109
1097.0;0.481
1097.5;8.704
1098.0;4.04
1098.5;5.642
1099.0;3.382
1099.5;4.574
1100.0;0.987
1100.5;9.286
1101.0;7.931
1101.5;4.755
1102.0;9.648
1102.5;1.355
1103.0;5.242
1103.5;4.395
1104.0;2.482
1104.5;7.732
1105.0;4.332
1105.5;9.883
1106.0;2.292
1106.5;4.5
1107.0;4.392
1107.5;6.191
1108.0;6.867
1108.5;3.226
1109.0;5.299
1109.5;2.567
1110.0;0.679
1110.5;8.266
1111.0;5.596
1111.5;4.123
1112.0;3.073
1112.5;2.695
1113.0;2.444
1113.5;3.846
1114.0;2.371
1114.5;5.379
1115.0;3.801
1115.5;10.146
1116.0;9.243
1116.5;5.996
1117.0;5.957
1117.5;5.495
1118.0;12.015
1118.5;13.2
1119.0;16.474
1119.5;16.799
1120.0;10.968
1120.5;4.332
1121.0;5.24
1121.5;8.676
1122.0;4.6
1122.5;2.064
1123.0;6.039
1123.5;4.119
1124.0;3.077
1124.5;6.122
1125.0;6.421
1125.5;5.911
1126.0;6.302
1126.5;2.183
1127.0;5.752
1127.5;5.974
1128.0;3.504
1128.5;3.708
1129.0;4.395
1129.5;4.83
1130.0;1.09
1130.5;6.026
1131.0;5.659
1131.5;2.763
1132.0;4.675
1132.5;4.674
1133.0;10.476
1133.5;4.618
1134.0;3.052
1134.5;2.875
1135.0;6.55
1135.5;2.919
1136.0;8.821
1136.5;2.009
1137.0;5.39
1137.5;6.467
1138.0;2.47
1138.5;3.671
1139.0;8.61
1139.5;2.317
1140.0;4.994
1140.5;5.606
1141.0;2.15
1141.5;1.185
1142.0;5.496
1142.5;3.63
1143.0;4.881
1143.5;7.582
1144.0;5.184
1144.5;14.997
1145.0;9.503
1145.5;17.718
1146.0;20.291
1146.5;7.032
1147.0;15.478
1147.5;2.249
1148.0;6.788
1148.5;20.581
1149.0;33.949
1149.5;34.702
1150.0;40.533
1150.5;11.967
1151.0;11.288
1151.5;3.323
1152.0;0.417
1152.5;7.138
1153.0;6.206
1153.5;8.768
1154.0;3.144
1154.5;3.303
1155.0;10.692
1155.5;9.591
1156.0;11.41
1156.5;6.968
1157.0;3.11
1157.5;8.226
1158.0;6.343
1158.5;13.37
1159.0;6.711
1159.5;7.891
1160.0;6.929
1160.5;4.504
1161.0;7.352
1161.5;13.897
1162.0;4.585
1162.5;4.087
1163.0;5.826
1163.5;15.589
1164.0;8.136
1164.5;11.861
1165.0;18.004
1165.5;8.277
1166.0;15.237
1166.5;8.885
1167.0;4.365
1167.5;8.781
1168.0;14.431
1168.5;10.837
1169.0;9.343
1169.5;20.106
1170.0;11.375
1170.5;11.765
1171.0;8.283
1171.5;9.752
1172.0;5.522
1172.5;11.491
1173.0;10.554
1173.5;3.388
1174.0;16.93
1174.5;3.67
1175.0;4.031
1175.5;7.288
1176.0;12.778
1176.5;13.572
1177.0;2.188
1177.5;20.618
1178.0;5.32
1178.5;39.838
1179.0;39.831
1179.5;21.4
1180.0;29.495
1180.5;39.426
1181.0;31.25
1181.5;27.472
1182.0;29.524
1182.5;6.334
1183.0;46.902
1183.5;53.518
1184.0;48.943
1184.5;25.991
1185.0;34.541
1185.5;15.648
1186.0;26.302
1186.5;41.378
1187.0;33.437
1187.5;10.436
1188.0;19.028
1188.5;4.666
1189.0;9.511
1189.5;10.485
1190.0;3.472
1190.5;11.17
1191.0;5.752
1191.5;9.97
1192.0;3.564
1192.5;7.388
1193.0;3.537
1193.5;12.354
1194.0;14.864
1194.5;7.407
1195.0;7.804
1195.5;7.223
1196.0;8.419
1196.5;12.677
1197.0;10.604
1197.5;10.916
1198.0;4.189
1198.5;16.388
1199.0;3.588
1199.5;14.139
1200.0;3.125
1200.5;8.728
1201.0;5.258
1201.5;6.284
1202.0;1.918
1202.5;4.205
1203.0;10.332
1203.5;12.55
1204.0;13.152
1204.5;3.017
1205.0;4.536
1205.5;5.475
1206.0;2.437
1206.5;1.004
1207.0;12.058
1207.5;4.128
1208.0;9.683
1208.5;3.957
1209.0;2.232
1209.5;5.072
1210.0;7.322
1210.5;1.584
1211.0;14.103
1211.5;16.407
1212.0;7.4
1212.5;2.266
1213.0;11.461
1213.5;10.545
1214.0;11.247
1214.5;6.786
1215.0;12.223
1215.5;13.616
1216.0;7.742
1216.5;16.118
1217.0;0.955
1217.5;18.709
1218.0;22.718
1218.5;15.874
1219.0;8.321
1219.5;17.575
1220.0;10.473
1220.5;9.312
1221.0;10.235
1221.5;12.576
1222.0;16.581
1222.5;26.449
1223.0;25.047
1223.5;27.25
1224.0;30.696
1224.5;7.72
1225.0;20.471
1225.5;23.171
1226.0;6.756
1226.5;34.009
1227.0;20.742
1227.5;18.488
1228.0;17.523
1228.5;16.603
1229.0;15.323
1229.5;36.962
1230.0;16.694
1230.5;24.926
1231.0;20.508
1231.5;57.852
1232.0;68.772
1232.5;58.267
1233.0;107.852
1233.5;43.184
1234.0;108.706
1234.5;141.817
1235.0;62.356
1235.5;83.481
1236.0;298.47
1236.5;129.943
1237.0;257.245
1237.5;202.838
1238.0;200.901
1238.5;81.078
1239.0;16.258
1239.5;194.783
1240.0;57.933
1240.5;85.853
1241.0;88.753
1241.5;23.566
1242.0;99.127
1242.5;65.411
1243.0;86.353
1243.5;62.283
1244.0;39.441
1244.5;45.525
1245.0;27.341
1245.5;31.605
1246.0;5.61
1246.5;22.249
1247.0;21.615
1247.5;36.058
1248.0;12.659
1248.5;10.601
1249.0;12.278
1249.5;26.166
1250.0;32.56
1250.5;7.25
1251.0;24.796
1251.5;33.985
1252.0;51.262
1252.5;18.506
1253.0;23.661
1253.5;11.178
1254.0;20.481
1254.5;15.216
1255.0;20.293
1255.5;5.908
1256.0;4.647
1256.5;12.303
1257.0;4.101
1257.5;11.063
1258.0;8.274
1258.5;15.478
1259.0;4.798
1259.5;16.865
1260.0;10.748
1260.5;14.919
1261.0;2.823
1261.5;1.734
1262.0;11.258
1262.5;15.68
1263.0;6.255
1263.5;10.189
1264.0;7.623
1264.5;4.108
1265.0;17.825
1265.5;11.132
1266.0;2.434
1266.5;6.409
1267.0;5.084
1267.5;5.002
1268.0;2.053
1268.5;3.975
1269.0;11.874
1269.5;9.28
1270.0;11.235
1270.5;8.305
1271.0;18.199
1271.5;6.586
1272.0;5.504
1272.5;5.719
1273.0;4.651
1273.5;7.451
1274.0;3.873
1274.5;16.829
1275.0;13.009
1275.5;18.571
1276.0;12.304
1276.5;6.66
1277.0;5.662
1277.5;0.177
1278.0;10.868
1278.5;10.573
1279.0;10.6
1279.5;4.075
1280.0;2.367
1280.5;4.377
1281.0;5.603
1281.5;5.708
1282.0;10.436
1282.5;4.297
1283.0;11.489
1283.5;10.27
1284.0;4.865
1284.5;8.358
1285.0;6.209
1285.5;9.621
1286.0;16.844
1286.5;10.299
1287.0;8.983
1287.5;8.112
1288.0;6.236
1288.5;10.018
1289.0;4.801
1289.5;2.253
1290.0;11.369
1290.5;8.52
1291.0;9.674
1291.5;8.239
1292.0;6.906
1292.5;8.378
1293.0;5.411
1293.5;3.866
1294.0;15.97
1294.5;2.013
1295.0;10.998
1295.5;10.508
1296.0;12.071
1296.5;0.926
1297.0;8.031
1297.5;7.998
1298.0;14.093
1298.5;18.699
1299.0;13.331
1299.5;34.606
1300.0;5.311
1300.5;31.333
1301.0;8.543
1301.5;15.849
1302.0;11.842
1302.5;16.643
1303.0;19.732
1303.5;3.126
1304.0;35.116
1304.5;12.324
1305.0;17.88
1305.5;25.352
1306.0;9.436
1306.5;29.404
1307.0;20.792
1307.5;19.258
1308.0;35.458
1308.5;34.164
1309.0;32.19
1309.5;35.381
1310.0;33.546
1310.5;55.179
1311.0;28.656
1311.5;38.486
1312.0;35.907
1312.5;39.728
1313.0;33.362
1313.5;64.446
1314.0;44.523
1314.5;73.763
1315.0;56.898
1315.5;65.165
1316.0;53.618
1316.5;62.267
1317.0;23.43
1317.5;49.28
1318.0;38.648
1318.5;12.514
1319.0;11.141
1319.5;14.876
1320.0;6.286
1320.5;10.964
1321.0;17.346
1321.5;7.851
1322.0;20.258
1322.5;25.417
1323.0;25.919
1323.5;20.98
1324.0;8.382
1324.5;12.664
1325.0;12.857
1325.5;5.87
1326.0;14.119
1326.5;11.155
1327.0;5.557
1327.5;2.766
1328.0;4.967
1328.5;1.6
1329.0;7.332
1329.5;8.91
1330.0;1.218
1330.5;8.638
1331.0;11.459
1331.5;7.616
1332.0;5.352
1332.5;6.622
1333.0;8.596
1333.5;7.498
1334.0;5.383
1334.5;2.11
1335.0;5.002
1335.5;3.818
1336.0;3.805
1336.5;2.477
1337.0;6.382
1337.5;0.536
1338.0;7.322
1338.5;11.718
1339.0;3.459
1339.5;6.659
1340.0;4.405
1340.5;3.294
1341.0;5.165
1341.5;7.682
1342.0;7.909
1342.5;1.601
1343.0;11.126
1343.5;5.935
1344.0;9.118
1344.5;2.341
1345.0;5.635
1345.5;12.646
1346.0;1.198
1346.5;6.42
1347.0;7.945
1347.5;3.216
1348.0;2.39
1348.5;7.17
1349.0;4.083
1349.5;8.816
1350.0;12.165
1350.5;3.6
1351.0;2.883
1351.5;6.627
1352.0;3.597
1352.5;6.007
1353.0;1.717
1353.5;1.986
1354.0;4.829
1354.5;3.889
1355.0;7.931
1355.5;2.958
1356.0;5.479
1356.5;4.75
1357.0;7.849
1357.5;9.54
1358.0;4.681
1358.5;4.345
1359.0;6.075
1359.5;6.713
1360.0;8.585
1360.5;9.859
1361.0;2.97
1361.5;4.265
1362.0;7.144
1362.5;7.19
1363.0;1.72
1363.5;10.091
1364.0;10.533
1364.5;13.048
1365.0;5.819
1365.5;3.37
1366.0;9.154
1366.5;5.361
1367.0;9.832
1367.5;7.801
1368.0;9.136
1368.5;3.131
1369.0;1.893
1369.5;6.75
1370.0;2.739
1370.5;13.365
1371.0;4.623
1371.5;8.377
1372.0;14.078
1372.5;11.345
1373.0;7.008
1373.5;11.505
1374.0;8.127
1374.5;10.403
1375.0;5.944
1375.5;17.004
1376.0;33.191
1376.5;38.092
1377.0;30.626
1377.5;38.68
1378.0;24.093
1378.5;11.967
1379.0;12.082
1379.5;7.613
1380.0;11.518
1380.5;11.19
1381.0;18.299
1381.5;21.115
1382.0;25.935
1382.5;20.818
1383.0;24.586
1383.5;22.943
1384.0;9.051
1384.5;3.351
1385.0;8.352
1385.5;2.742
1386.0;4.85
1386.5;11.678
1387.0;10.557
1387.5;3.953
1388.0;12.957
1388.5;5.499
1389.0;10.193
1389.5;6.056
1390.0;5.031
1390.5;7.185
1391.0;9.005
1391.5;11.771
1392.0;11.058
1392.5;10.865
1393.0;15.301
1393.5;11.978
1394.0;7.738
1394.5;7.795
1395.0;7.963
1395.5;6.551
1396.0;5.614
1396.5;8.25
1397.0;4.089
1397.5;8.518
1398.0;6.547
1398.5;4.686
1399.0;2.252
1399.5;9.602
1400.0;7.871
1400.5;10.16
1401.0;11.852
1401.5;7.355
1402.0;0.758
1402.5;4.343
1403.0;5.44
1403.5;3.332
1404.0;4.517
1404.5;3.593
1405.0;5.567
1405.5;4.11
1406.0;7.869
1406.5;8.648
1407.0;6.994
1407.5;11.023
1408.0;9.838
1408.5;9.257
1409.0;7.91
1409.5;6.442
1410.0;1.872
1410.5;2.509
1411.0;5.98
1411.5;7.727
1412.0;12.453
1412.5;7.396
1413.0;3.227
1413.5;9.436
1414.0;2.35
1414.5;4.223
1415.0;6.486
1415.5;5.239
1416.0;1.925
1416.5;3.136
1417.0;8.413
1417.5;12.048
1418.0;3.051
1418.5;6.806
1419.0;9.83
1419.5;8.778
1420.0;6.691
1420.5;4.196
1421.0;3.007
1421.5;11.979
1422.0;12.558
1422.5;9.043
1423.0;5.115
1423.5;4.759
1424.0;5.745
1424.5;8.491
1425.0;4.574
1425.5;3.353
1426.0;6.645
1426.5;11.579
1427.0;8.21
1427.5;6.095
1428.0;3.905
1428.5;9.992
1429.0;8.598
1429.5;6.279
1430.0;7.492
1430.5;3.771
1431.0;5.857
1431.5;3.303
1432.0;9.121
1432.5;4.744
1433.0;9.482
1433.5;10.747
1434.0;11.408
1434.5;9.872
1435.0;1.457
1435.5;8.02
1436.0;13.956
1436.5;7.016
1437.0;6.706
1437.5;10.158
1438.0;10.379
1438.5;10.162
1439.0;6.643
1439.5;6.86
1440.0;7.475
1440.5;10.481
1441.0;2.612
1441.5;2.857
1442.0;3.582
1442.5;5.954
1443.0;4.811
1443.5;4.997
1444.0;6.713
1444.5;1.929
1445.0;4.704
1445.5;5.354
1446.0;3.223
1446.5;5.367
1447.0;7.924
1447.5;4.349
1448.0;5.45
1448.5;8.246
1449.0;4.189
1449.5;9.999
1450.0;8.502
1450.5;6.489
1451.0;6.059
1451.5;10.8
1452.0;12.047
1452.5;12.861
1453.0;6.683
1453.5;5.287
1454.0;11.479
1454.5;6.61
1455.0;6.333
1455.5;3.504
1456.0;1.062
1456.5;3.137
1457.0;8.985
1457.5;10.407
1458.0;3.406
1458.5;9.999
1459.0;14.223
1459.5;12.072
1460.0;5.986
1460.5;3.926
1461.0;4.797
1461.5;15.837
1462.0;8.961
1462.5;10.51
1463.0;8.66
1463.5;14.238
1464.0;12.237
1464.5;6.66
1465.0;13.56
1465.5;6.545
1466.0;7.459
1466.5;8.041
1467.0;7.539
1467.5;10.146
1468.0;4.159
1468.5;6.739
1469.0;4.29
1469.5;9.984
1470.0;8.532
1470.5;15.606
1471.0;12.067
1471.5;16.347
1472.0;16.897
1472.5;13.309
1473.0;11.353
1473.5;7.37
1474.0;12.519
1474.5;14.457
1475.0;14.198
1475.5;15.274
1476.0;12.743
1476.5;6.758
1477.0;21.33
1477.5;12.924
1478.0;5.743
1478.5;27.804
1479.0;9.071
1479.5;40.686
1480.0;36.324
1480.5;12.19
1481.0;56.583
1481.5;7.956
1482.0;66.096
1482.5;33.422
1483.0;29.434
1483.5;135.578
1484.0;56.259
1484.5;69.255
1485.0;124.073
1485.5;55.421
1486.0;72.654
1486.5;45.322
1487.0;38.625
1487.5;65.488
1488.0;46.489
1488.5;100.664
1489.0;101.413
1489.5;38.925
1490.0;63.862
1490.5;70.618
1491.0;79.925
1491.5;93.287
1492.0;100.401
1492.5;65.731
1493.0;38.13
1493.5;28.392
1494.0;43.356
1494.5;36.298
1495.0;33.088
1495.5;34.768
1496.0;32.233
1496.5;15.418
1497.0;19.451
1497.5;3.696
1498.0;22.314
1498.5;15.568
1499.0;4.723
1499.5;19.16
1500.0;23.898
1500.5;17.538
1501.0;11.83
1501.5;6.31
1502.0;12.312
1502.5;14.425
1503.0;14.789
1503.5;26.095
1504.0;9.981
1504.5;29.78
1505.0;5.065
1505.5;16.819
1506.0;25.712
1506.5;15.797
1507.0;40.865
1507.5;23.715
1508.0;14.279
1508.5;10.974
1509.0;18.28
1509.5;16.89
1510.0;8.946
1510.5;12.736
1511.0;23.263
1511.5;20.017
1512.0;15.692
1512.5;11.689
1513.0;5.68
1513.5;8.216
1514.0;7.303
1514.5;8.13
1515.0;6.4
1515.5;11.37
1516.0;16.025
1516.5;20.88
1517.0;17.664
1517.5;7.031
1518.0;11.08
1518.5;8.685
1519.0;11.163
1519.5;4.876
1520.0;6.603
1520.5;6.98
1521.0;18.938
1521.5;15.086
1522.0;14.248
1522.5;10.551
1523.0;8.564
1523.5;26.268
1524.0;22.055
1524.5;20.829
1525.0;14.895
1525.5;5.344
1526.0;9.777
1526.5;7.46
1527.0;8.924
1527.5;17.781
1528.0;5.307
1528.5;20.165
1529.0;11.343
1529.5;14.203
1530.0;10.147
1530.5;24.817
1531.0;22.093
1531.5;2.409
1532.0;20.555
1532.5;27.791
1533.0;12.275
1533.5;13.046
1534.0;12.204
1534.5;9.261
1535.0;11.348
1535.5;3.977
1536.0;11.428
1536.5;11.647
1537.0;0.136
1537.5;5.414
1538.0;12.753
1538.5;14.481
1539.0;9.009
1539.5;13.303
1540.0;3.785
1540.5;12.113
1541.0;3.121
1541.5;13.175
1542.0;6.988
1542.5;2.737
1543.0;9.85
1543.5;1.538
1544.0;13.009
1544.5;7.974
1545.0;16.741
1545.5;11.652
1546.0;6.373
1546.5;21.685
1547.0;13.433
1547.5;8.433
1548.0;18.945
1548.5;11.482
1549.0;16.088
1549.5;6.829
1550.0;6.345
1550.5;14.558
1551.0;22.862
1551.5;13.875
1552.0;6.707
1552.5;12.386
1553.0;0.287
1553.5;16.53
1554.0;3.649
1554.5;9.987
1555.0;8.914
1555.5;9.982
1556.0;16.104
1556.5;7.838
1557.0;7.341
1557.5;11.911
1558.0;10.003
1558.5;13.327
1559.0;9.912
1559.5;6.849
1560.0;12.64
1560.5;3.23
1561.0;13.588
1561.5;7.683
1562.0;11.459
1562.5;17.519
1563.0;24.259
1563.5;32.501
1564.0;19.027
1564.5;7.737
1565.0;15.289
1565.5;27.836
1566.0;21.173
1566.5;19.477
1567.0;29.058
1567.5;23.779
1568.0;31.669
1568.5;24.015
1569.0;30.647
1569.5;12.72
1570.0;24.047
1570.5;23.761
1571.0;13.127
1571.5;36.861
1572.0;61.216
1572.5;89.68
1573.0;55.855
1573.5;61.782
1574.0;79.87
1574.5;21.748
1575.0;61.263
1575.5;66.977
1576.0;31.251
1576.5;96.813
1577.0;99.898
1577.5;23.656
1578.0;96.917
1578.5;47.879
1579.0;50.655
1579.5;83.49
1580.0;52.649
1580.5;142.787
1581.0;115.71
1581.5;67.842
1582.0;17.921
1582.5;113.277
1583.0;110.874
1583.5;306.415
1584.0;215.765
1584.5;70.424
1585.0;46.536
1585.5;28.583
1586.0;109.714
1586.5;164.407
1587.0;170.589
1587.5;112.355
1588.0;89.858
1588.5;45.677
1589.0;51.293
1589.5;29.565
1590.0;25.596
1590.5;52.817
1591.0;84.436
1591.5;98.454
1592.0;87.8
1592.5;34.339
1593.0;42.647
1593.5;40.969
1594.0;25.403
1594.5;27.61
1595.0;22.164
1595.5;12.563
1596.0;15.351
1596.5;20.334
1597.0;36.011
1597.5;39.125
1598.0;48.3
1598.5;33.436
1599.0;32.077
1599.5;14.698
1600.0;7.595
1600.5;10.23
1601.0;16.142
1601.5;11.315
1602.0;23.982
1602.5;12.931
1603.0;16.097
1603.5;26.623
1604.0;7.863
1604.5;4.214
1605.0;4.975
1605.5;9.392
1606.0;5.705
1606.5;6.57
1607.0;9.952
1607.5;18.369
1608.0;27.693
1608.5;17.859
1609.0;23.065
1609.5;15.722
1610.0;10.794
1610.5;16.399
1611.0;11.187
1611.5;9.775
1612.0;18.758
1612.5;13.428
1613.0;7.067
1613.5;10.537
1614.0;14.761
1614.5;14.974
1615.0;16.076
1615.5;12.209
1616.0;7.911
1616.5;13.513
1617.0;18.194
1617.5;18.38
1618.0;14.151
1618.5;13.592
1619.0;14.434
1619.5;22.439
1620.0;17.764
1620.5;25.394
1621.0;11.449
1621.5;13.641
1622.0;12.387
1622.5;11.607
1623.0;16.392
1623.5;10.493
1624.0;17.323
1624.5;13.671
1625.0;1.302
1625.5;10.078
1626.0;6.386
1626.5;7.1
1627.0;0.864
1627.5;17.647
1628.0;12.01
1628.5;9.693
1629.0;11.011
1629.5;11.292
1630.0;26.459
1630.5;14.779
1631.0;11.504
1631.5;14.334
1632.0;5.83
1632.5;3.951
1633.0;2.827
1633.5;4.98
1634.0;3.092
1634.5;5.218
1635.0;8.019
1635.5;8.972
1636.0;19.3
1636.5;10.623
1637.0;2.295
1637.5;6.023
1638.0;8.602
1638.5;15.164
1639.0;12.16
1639.5;44.528
1640.0;27.56
1640.5;48.366
1641.0;27.85
1641.5;13.928
1642.0;18.423
1642.5;15.863
1643.0;10.75
1643.5;6.151
1644.0;5.971
1644.5;8.6
1645.0;18.617
1645.5;8.518
1646.0;12.783
1646.5;16.583
1647.0;2.94
1647.5;12.598
1648.0;19.98
1648.5;21.069
1649.0;7.914
1649.5;17.794
1650.0;3.627
1650.5;8.579
1651.0;15.007
1651.5;5.757
1652.0;16.236
1652.5;19.48
1653.0;16.29
1653.5;13.764
1654.0;26.227
1654.5;8.041
1655.0;20.149
1655.5;8.571
1656.0;8.925
1656.5;7.661
1657.0;20.9
1657.5;25.595
1658.0;22.043
1658.5;12.735
1659.0;6.522
1659.5;8.192
1660.0;7.162
1660.5;8.865
1661.0;17.544
1661.5;14.726
1662.0;2.651
1662.5;8.944
1663.0;6.984
1663.5;9.875
1664.0;6.718
1664.5;6.035
1665.0;11.886
1665.5;11.305
1666.0;10.835
1666.5;8.493
1667.0;10.122
1667.5;1.755
1668.0;8.17
1668.5;7.012
1669.0;12.292
1669.5;5.615
1670.0;6.039
1670.5;1.117
1671.0;10.582
1671.5;5.943
1672.0;2.675
1672.5;3.641
1673.0;5.299
1673.5;7.365
1674.0;6.287
1674.5;6.66
1675.0;5.078
1675.5;4.004
1676.0;2.704
1676.5;14.585
1677.0;11.562
1677.5;11.735
1678.0;9.289
1678.5;6.296
1679.0;11.404
1679.5;4.865
1680.0;3.488
1680.5;7.271
1681.0;7.301
1681.5;4.335
1682.0;3.173
1682.5;6.733
1683.0;16.628
1683.5;11.351
1684.0;9.654
1684.5;4.214
1685.0;9.145
1685.5;6.848
1686.0;9.707
1686.5;6.338
1687.0;19.234
1687.5;15.299
1688.0;2.129
1688.5;13.283
1689.0;11.295
1689.5;11.575
1690.0;6.964
1690.5;12.695
1691.0;11.276
1691.5;6.216
1692.0;6.209
1692.5;7.745
1693.0;1.307
1693.5;2.963
1694.0;4.002
1694.5;8.035
1695.0;3.092
1695.5;5.233
1696.0;11.038
1696.5;9.176
1697.0;5.446
1697.5;9.806
1698.0;8.089
1698.5;1.56
1699.0;8.911
1699.5;10.301
1700.0;5.819
1700.5;8.419
1701.0;3.242
1701.5;3.026
1702.0;6.438
1702.5;3.384
1703.0;3.686
1703.5;12.31
1704.0;14.364
1704.5;8.446
1705.0;8.29
1705.5;1.918
1706.0;3.798
1706.5;6.895
1707.0;5.543
1707.5;8.188
1708.0;1.883
1708.5;8.29
1709.0;9.02
1709.5;1.126
1710.0;11.041
1710.5;7.772
1711.0;5.53
1711.5;6.669
1712.0;10.316
1712.5;11.096
1713.0;6.722
1713.5;4.483
1714.0;4.178
1714.5;0.501
1715.0;5.505
1715.5;9.518
1716.0;14.081
1716.5;14.815
1717.0;17.463
1717.5;21.576
1718.0;10.541
1718.5;7.727
1719.0;11.055
1719.5;9.853
1720.0;10.61
1720.5;16.548
1721.0;17.06
1721.5;16.874
1722.0;22.466
1722.5;21.732
1723.0;1.083
1723.5;14.378
1724.0;17.602
1724.5;14.097
1725.0;35.775
1725.5;47.676
1726.0;33.678
1726.5;70.275
1727.0;59.405
1727.5;53.669
1728.0;49.8
1728.5;57.052
1729.0;113.904
1729.5;140.062
1730.0;129.848
1730.5;116.836
1731.0;111.122
1731.5;221.011
1732.0;175.376
1732.5;55.492
1733.0;125.325
1733.5;104.355
1734.0;133.982
1734.5;149.982
1735.0;75.829
1735.5;113.78
1736.0;91.101
1736.5;83.857
1737.0;68.042
1737.5;49.398
1738.0;41.501
1738.5;20.904
1739.0;10.288
1739.5;17.09
1740.0;46.548
1740.5;54.248
1741.0;36.228
1741.5;20.042
1742.0;7.077
1742.5;4.718
1743.0;28.399
1743.5;38.021
1744.0;13.3
1744.5;20.755
1745.0;36.631
1745.5;40.329
1746.0;43.371
1746.5;25.817
1747.0;4.629
1747.5;9.75
1748.0;8.355
1748.5;20.83
1749.0;13.883
1749.5;14.169
1750.0;27.11
1750.5;27.764
1751.0;25.846
1751.5;6.455
1752.0;21.529
1752.5;29.189
1753.0;20.493
1753.5;4.113
1754.0;2.97
1754.5;15.152
1755.0;14.466
1755.5;7.7
1756.0;28.699
1756.5;36.232
1757.0;18.151
1757.5;15.342
1758.0;33.353
1758.5;30.506
1759.0;19.78
1759.5;27.322
1760.0;37.981
1760.5;20.639
1761.0;9.172
1761.5;23.415
1762.0;12.624
1762.5;24.29
1763.0;28.408
1763.5;21.398
1764.0;28.385
1764.5;17.641
1765.0;35.712
1765.5;57.846
1766.0;26.629
1766.5;58.035
1767.0;77.823
1767.5;72.134
1768.0;88.207
1768.5;69.149
1769.0;50.702
1769.5;15.792
1770.0;16.414
1770.5;40.375
1771.0;59.55
1771.5;86.57
1772.0;94.23
1772.5;70.659
1773.0;46.42
1773.5;39.961
1774.0;33.138
1774.5;34.401
1775.0;62.336
1775.5;62.567
1776.0;37.711
1776.5;24.383
1777.0;58.148
1777.5;60.275
1778.0;31.625
1778.5;12.812
1779.0;8.438
1779.5;29.94
1780.0;33.573
1780.5;22.902
1781.0;12.851
1781.5;40.11
1782.0;50.837
1782.5;44.728
1783.0;47.132
1783.5;47.345
1784.0;29.277
1784.5;14.983
1785.0;16.509
1785.5;18.27
1786.0;23.262
1786.5;38.856
1787.0;50.207
1787.5;34.777
1788.0;20.91
1788.5;27.858
1789.0;19.044
1789.5;23.957
1790.0;31.265
1790.5;26.232
1791.0;6.079
1791.5;7.794
1792.0;5.033
1792.5;5.41
1793.0;10.05
1793.5;14.434
1794.0;13.811
1794.5;11.116
1795.0;31.724
1795.5;20.637
1796.0;7.16
1796.5;13.867
1797.0;17.984
1797.5;13.837
1798.0;4.019
1798.5;7.234
1799.0;6.893
1799.5;3.615
1800.0;8.651
1800.5;6.804
1801.0;11.761
1801.5;14.202
1802.0;8.854
1802.5;6.884
1803.0;3.909
1803.5;7.043
1804.0;5.716
1804.5;3.594
1805.0;9.2
1805.5;8.744
1806.0;3.031
1806.5;2.9
1807.0;3.139
1807.5;2.058
1808.0;3.937
1808.5;1.864
1809.0;8.757
1809.5;10.832
1810.0;10.026
1810.5;17.24
1811.0;11.183
1811.5;6.408
1812.0;1.822
1812.5;11.686
1813.0;11.366
1813.5;12.324
1814.0;17.748
1814.5;16.11
1815.0;6.86
1815.5;6.785
1816.0;1.904
1816.5;5.95
1817.0;6.156
1817.5;12.488
1818.0;16.902
1818.5;11.696
1819.0;8.451
1819.5;12.168
1820.0;9.627
1820.5;3.254
1821.0;6.689
1821.5;8.42
1822.0;3.974
1822.5;7.883
1823.0;15.714
1823.5;12.497
1824.0;13.65
1824.5;3.034
1825.0;12.445
1825.5;11.95
1826.0;10.459
1826.5;8.282
1827.0;9.953
1827.5;9.115
1828.0;5.406
1828.5;7.749
1829.0;11.923
1829.5;3.842
1830.0;8.451
1830.5;13.815
1831.0;11.764
1831.5;12.889
1832.0;10.681
1832.5;10.799
1833.0;13.968
1833.5;8.987
1834.0;14.099
1834.5;11.314
1835.0;14.947
1835.5;10.522
1836.0;13.25
1836.5;7.524
1837.0;9.478
1837.5;4.62
1838.0;4.056
1838.5;6.312
1839.0;9.259
1839.5;15.628
1840.0;19.603
1840.5;11.539
1841.0;16.913
1841.5;10.715
1842.0;3.185
1842.5;5.269
1843.0;14.862
1843.5;19.026
1844.0;26.72
1844.5;26.164
1845.0;19.993
1845.5;6.453
1846.0;17.316
1846.5;6.864
1847.0;6.099
1847.5;8.686
1848.0;14.285
1848.5;12.721
1849.0;7.712
1849.5;24.148
1850.0;31.23
1850.5;27.067
1851.0;28.93
1851.5;26.035
1852.0;17.201
1852.5;15.335
1853.0;20.307
1853.5;29.193
1854.0;21.341
1854.5;9.246
1855.0;5.451
1855.5;14.754
1856.0;20.173
1856.5;32.148
1857.0;21.865
1857.5;16.26
1858.0;14.264
1858.5;13.011
1859.0;10.464
1859.5;16.172
1860.0;16.586
1860.5;25.682
1861.0;9.819
1861.5;11.0
1862.0;23.175
1862.5;24.455
1863.0;13.463
1863.5;9.239
1864.0;11.965
1864.5;18.017
1865.0;20.311
1865.5;0.926
1866.0;12.534
1866.5;20.381
1867.0;5.653
1867.5;25.452
1868.0;24.974
1868.5;13.193
1869.0;10.752
1869.5;11.294
1870.0;18.976
1870.5;5.821
1871.0;13.095
1871.5;17.422
1872.0;12.298
1872.5;15.68
1873.0;20.662
1873.5;27.924
1874.0;20.946
1874.5;18.944
1875.0;6.185
1875.5;5.812
1876.0;5.533
1876.5;4.27
1877.0;1.343
1877.5;7.215
1878.0;14.157
1878.5;17.956
1879.0;23.056
1879.5;17.621
1880.0;7.273
1880.5;5.434
1881.0;3.218
1881.5;9.23
1882.0;7.528
1882.5;21.682
1883.0;13.234
1883.5;15.511
1884.0;31.351
1884.5;19.919
1885.0;7.838
1885.5;9.886
1886.0;11.02
1886.5;11.701
1887.0;6.138
1887.5;10.035
1888.0;14.121
1888.5;9.907
1889.0;1.936
1889.5;1.81
1890.0;8.665
1890.5;5.729
1891.0;8.929
1891.5;10.013
1892.0;6.251
1892.5;6.49
1893.0;7.128
1893.5;3.577
1894.0;24.564
1894.5;23.83
1895.0;19.312
1895.5;16.145
1896.0;15.124
1896.5;13.24
1897.0;7.216
1897.5;3.781
1898.0;8.51
1898.5;7.19
1899.0;11.194
1899.5;5.189
1900.0;3.19
1900.5;4.433
1901.0;10.089
1901.5;0.284
1902.0;4.049
1902.5;2.652
1903.0;1.264
1903.5;6.165
1904.0;12.549
1904.5;7.031
1905.0;8.747
1905.5;1.179
1906.0;4.778
1906.5;3.881
1907.0;2.377
1907.5;9.36
1908.0;5.154
1908.5;5.349
1909.0;2.689
1909.5;5.841
1910.0;3.189
1910.5;5.25
1911.0;3.443
1911.5;1.786
1912.0;4.66
1912.5;5.539
1913.0;3.634
1913.5;8.149
1914.0;2.171
1914.5;6.713
1915.0;7.911
1915.5;2.86
1916.0;9.743
1916.5;1.621
1917.0;3.632
1917.5;2.434
1918.0;3.984
1918.5;4.854
1919.0;8.041
1919.5;4.72
1920.0;5.748
1920.5;4.231
1921.0;2.511
1921.5;1.903
1922.0;3.852
1922.5;2.556
1923.0;3.765
1923.5;3.425
1924.0;7.24
1924.5;4.085
1925.0;0.975
1925.5;3.095
1926.0;3.596
1926.5;4.871
1927.0;1.67
1927.5;1.426
1928.0;3.597
1928.5;7.909
1929.0;5.925
1929.5;5.336
1930.0;6.404
1930.5;5.149
1931.0;1.994
1931.5;0.478
1932.0;3.973
1932.5;5.831
1933.0;3.785
1933.5;3.206
1934.0;3.778
1934.5;5.35
1935.0;3.092
1935.5;8.543
1936.0;2.671
1936.5;8.06
1937.0;3.363
1937.5;4.027
1938.0;2.931
1938.5;4.618
1939.0;6.921
1939.5;6.408
1940.0;7.937
1940.5;1.089
1941.0;2.651
1941.5;2.265
1942.0;4.121
1942.5;11.292
1943.0;10.792
1943.5;5.643
1944.0;3.876
1944.5;5.073
1945.0;3.516
1945.5;2.943
1946.0;2.618
1946.5;5.107
1947.0;5.719
1947.5;10.011
1948.0;5.087
1948.5;1.191
1949.0;6.615
1949.5;6.078
1950.0;2.249
1950.5;6.738
1951.0;5.416
1951.5;4.753
1952.0;4.015
1952.5;4.217
1953.0;5.899
1953.5;4.31
1954.0;9.658
1954.5;7.423
1955.0;16.023
1955.5;17.409
1956.0;6.74
1956.5;6.787
1957.0;2.686
1957.5;1.566
1958.0;4.689
1958.5;12.352
1959.0;7.879
1959.5;15.669
1960.0;5.844
1960.5;5.866
1961.0;3.125
1961.5;0.409
1962.0;8.442
1962.5;4.818
1963.0;10.833
1963.5;3.406
1964.0;7.054
1964.5;1.155
1965.0;12.064
1965.5;12.42
1966.0;12.485
1966.5;3.037
1967.0;18.526
1967.5;17.138
1968.0;5.851
1968.5;6.843
1969.0;14.376
1969.5;9.627
1970.0;33.838
1970.5;34.302
1971.0;8.639
1971.5;20.408
1972.0;31.093
1972.5;20.339
1973.0;25.492
1973.5;35.719
1974.0;29.079
1974.5;37.897
1975.0;12.792
1975.5;26.976
1976.0;36.773
1976.5;14.635
1977.0;29.63
1977.5;26.585
1978.0;10.54
1978.5;38.207
1979.0;24.795
1979.5;13.187
1980.0;22.721
1980.5;24.458
1981.0;7.626
1981.5;22.209
1982.0;42.803
1982.5;35.594
1983.0;43.691
1983.5;5.792
1984.0;65.924
1984.5;4.912
1985.0;23.148
1985.5;3.164
1986.0;15.062
1986.5;30.249
1987.0;33.356
1987.5;7.624
1988.0;6.594
1988.5;9.735
1989.0;11.728
1989.5;19.324
1990.0;11.088
1990.5;21.425
1991.0;8.941
1991.5;8.932
1992.0;4.293
1992.5;16.832
1993.0;12.892
1993.5;4.943
1994.0;14.298
1994.5;9.718
1995.0;9.953
1995.5;9.728
1996.0;7.661
1996.5;6.57
1997.0;5.869
1997.5;14.081
1998.0;14.264
1998.5;10.505
1999.0;8.07
1999.5;3.287
2000.0;10.408
2000.5;2.225
2001.0;13.814
2001.5;13.152
2002.0;15.84
2002.5;3.113
2003.0;4.185
2003.5;10.321
2004.0;10.105
2004.5;4.135
2005.0;19.091
2005.5;6.222
2006.0;3.727
2006.5;12.891
2007.0;9.635
2007.5;8.3
2008.0;3.735
2008.5;5.523
2009.0;7.647
2009.5;9.499
2010.0;11.953
2010.5;8.311
2011.0;4.36
2011.5;5.306
2012.0;10.144
2012.5;4.408
2013.0;8.388
2013.5;17.19
2014.0;3.278
2014.5;6.261
2015.0;8.462
2015.5;9.388
2016.0;14.575
2016.5;5.808
2017.0;7.584
2017.5;9.208
2018.0;4.877
2018.5;0.916
2019.0;10.661
2019.5;4.681
2020.0;11.045
2020.5;4.0
2021.0;9.195
2021.5;4.526
2022.0;4.486
2022.5;3.916
2023.0;5.883
2023.5;8.157
2024.0;5.266
2024.5;14.474
2025.0;4.367
2025.5;4.103
2026.0;10.479
2026.5;6.119
2027.0;5.829
2027.5;2.811
2028.0;5.248
2028.5;3.542
2029.0;4.3
2029.5;1.795
2030.0;5.967
2030.5;9.879
2031.0;7.562
2031.5;8.424
2032.0;7.355
2032.5;8.77
2033.0;4.633
2033.5;5.053
2034.0;1.703
2034.5;6.334
2035.0;4.033
2035.5;7.218
2036.0;4.746
2036.5;5.939
2037.0;2.789
2037.5;5.062
2038.0;7.866
2038.5;6.51
2039.0;3.51
2039.5;1.18
2040.0;5.016
2040.5;5.493
2041.0;4.222
2041.5;6.148
2042.0;9.591
2042.5;6.962
2043.0;2.901
2043.5;5.814
2044.0;5.204
2044.5;4.612
2045.0;9.094
2045.5;2.77
2046.0;8.765
2046.5;3.49
2047.0;9.223
2047.5;3.853
2048.0;1.41
2048.5;4.393
2049.0;5.547
2049.5;2.733
2050.0;7.09
2050.5;1.71
2051.0;1.846
2051.5;4.082
2052.0;6.595
2052.5;5.536
2053.0;2.403
2053.5;0.691
2054.0;6.396
2054.5;8.017
2055.0;1.781
2055.5;5.567
2056.0;5.533
2056.5;4.297
2057.0;5.968
2057.5;5.327
2058.0;9.606
2058.5;6.347
2059.0;6.687
2059.5;6.626
2060.0;1.801
2060.5;1.989
2061.0;9.302
2061.5;2.449
2062.0;8.024
2062.5;7.828
2063.0;4.185
2063.5;4.45
2064.0;3.186
2064.5;0.959
2065.0;5.865
2065.5;0.414
2066.0;8.421
2066.5;3.028
2067.0;0.92
2067.5;2.057
2068.0;2.339
2068.5;3.489
2069.0;1.862
2069.5;3.986
2070.0;1.419
2070.5;5.548
2071.0;5.92
2071.5;1.147
2072.0;8.983
2072.5;5.752
2073.0;3.967
2073.5;3.819
2074.0;5.375
2074.5;7.958
2075.0;2.621
2075.5;6.381
2076.0;4.604
2076.5;4.371
2077.0;5.668
2077.5;2.524
2078.0;3.727
2078.5;2.648
2079.0;6.666
2079.5;7.103
2080.0;2.234
2080.5;3.087
2081.0;9.221
2081.5;6.562
2082.0;5.105
2082.5;0.937
2083.0;9.059
2083.5;1.764
2084.0;8.084
2084.5;1.843
2085.0;4.732
2085.5;0.852
2086.0;1.237
2086.5;1.932
2087.0;4.567
2087.5;0.293
2088.0;7.111
2088.5;3.219
2089.0;2.19
2089.5;4.731
2090.0;2.496
2090.5;3.567
2091.0;3.173
2091.5;3.127
2092.0;2.144
2092.5;4.338
2093.0;1.008
2093.5;1.711
2094.0;3.893
2094.5;3.029
2095.0;2.168
2095.5;2.95
2096.0;2.467
2096.5;2.684
2097.0;5.209
2097.5;1.998
2098.0;6.289
2098.5;4.904
2099.0;7.3
2099.5;6.022
2100.0;3.13
2100.5;2.429
2101.0;4.921
2101.5;2.673
2102.0;0.816
2102.5;5.287
2103.0;5.025
2103.5;8.006
2104.0;4.664
2104.5;4.543
2105.0;7.752
2105.5;5.483
2106.0;6.833
2106.5;3.61
2107.0;6.121
2107.5;6.504
2108.0;2.406
2108.5;4.665
2109.0;4.72
2109.5;6.089
2110.0;5.549
2110.5;4.421
2111.0;2.596
2111.5;4.531
2112.0;3.255
2112.5;1.76
2113.0;2.271
2113.5;2.297
2114.0;5.276
2114.5;2.4
2115.0;2.339
2115.5;2.286
2116.0;2.748
2116.5;2.827
2117.0;4.459
2117.5;4.949
2118.0;6.615
2118.5;7.29
2119.0;3.956
2119.5;0.793
2120.0;1.701
2120.5;2.804
2121.0;1.386
2121.5;7.41
2122.0;8.357
2122.5;3.656
2123.0;3.697
2123.5;6.956
2124.0;1.767
2124.5;2.641
2125.0;1.818
2125.5;7.717
2126.0;6.007
2126.5;8.015
2127.0;2.473
2127.5;0.388
2128.0;4.444
2128.5;8.59
2129.0;6.077
2129.5;3.187
2130.0;5.366
2130.5;5.749
2131.0;0.465
2131.5;4.874
2132.0;5.241
2132.5;5.683
2133.0;1.29
2133.5;0.731
2134.0;2.875
2134.5;9.898
2135.0;4.964
2135.5;3.662
2136.0;3.137
2136.5;4.372
2137.0;1.742
2137.5;4.376
2138.0;2.558
2138.5;0.328
2139.0;0.495
2139.5;8.293
2140.0;4.441
2140.5;9.037
2141.0;6.568
2141.5;2.551
2142.0;4.051
2142.5;1.099
2143.0;7.323
2143.5;8.831
2144.0;4.334
2144.5;13.034
2145.0;6.125
2145.5;5.033
2146.0;6.036
2146.5;2.305
2147.0;5.36
2147.5;1.723
2148.0;4.061
2148.5;2.097
2149.0;4.258
2149.5;7.906
2150.0;2.331
2150.5;0.267
2151.0;5.254
2151.5;2.253
2152.0;3.639
2152.5;2.554
2153.0;4.793
2153.5;4.504
2154.0;2.391
2154.5;2.784
2155.0;2.936
2155.5;3.854
2156.0;3.65
2156.5;2.836
2157.0;9.317
2157.5;11.838
2158.0;4.342
2158.5;1.195
2159.0;1.85
2159.5;3.556
2160.0;2.359
2160.5;1.908
2161.0;4.469
2161.5;9.319
2162.0;8.794
2162.5;9.026
2163.0;4.951
2163.5;2.787
2164.0;5.759
2164.5;8.151
2165.0;4.785
2165.5;14.469
2166.0;2.715
2166.5;1.472
2167.0;4.758
2167.5;6.343
2168.0;4.216
2168.5;7.617
2169.0;11.552
2169.5;5.757
2170.0;9.355
2170.5;10.429
2171.0;13.004
2171.5;19.82
2172.0;11.725
2172.5;4.305
2173.0;16.342
2173.5;17.122
2174.0;32.35
2174.5;25.194
2175.0;44.922
2175.5;38.629
2176.0;22.72
2176.5;23.9
2177.0;12.452
2177.5;9.664
2178.0;7.015
2178.5;20.574
2179.0;28.927
2179.5;36.595
2180.0;22.869
2180.5;28.155
2181.0;28.83
2181.5;20.676
2182.0;21.87
2182.5;25.313
2183.0;22.319
2183.5;29.913
2184.0;20.684
2184.5;19.489
2185.0;24.471
2185.5;9.407
2186.0;14.987
2186.5;12.967
2187.0;9.08
2187.5;4.654
2188.0;3.708
2188.5;7.666
2189.0;10.317
2189.5;4.81
2190.0;7.417
2190.5;8.506
2191.0;5.447
2191.5;6.519
2192.0;8.423
2192.5;10.128
2193.0;2.24
2193.5;6.071
2194.0;7.402
2194.5;4.462
2195.0;4.265
2195.5;2.508
2196.0;8.625
2196.5;5.882
2197.0;1.834
2197.5;3.949
2198.0;5.412
2198.5;3.909
2199.0;3.708
2199.5;6.272
2200.0;3.032
2200.5;8.792
2201.0;3.379
2201.5;6.573
2202.0;2.632
2202.5;7.86
2203.0;6.63
2203.5;4.839
2204.0;8.731
2204.5;7.324
2205.0;4.481
2205.5;5.284
2206.0;6.277
2206.5;2.183
2207.0;10.129
2207.5;6.429
2208.0;11.791
2208.5;8.568
2209.0;15.404
2209.5;3.495
2210.0;4.514
2210.5;4.316
2211.0;9.136
2211.5;7.056
2212.0;1.973
2212.5;5.476
2213.0;3.974
2213.5;6.614
2214.0;3.484
2214.5;10.996
2215.0;5.649
2215.5;6.986
2216.0;9.914
2216.5;3.259
2217.0;2.169
2217.5;6.729
2218.0;1.733
2218.5;4.407
2219.0;6.75
2219.5;5.549
2220.0;7.34
2220.5;2.874
2221.0;5.268
2221.5;4.32
2222.0;10.43
2222.5;12.783
2223.0;9.018
2223.5;17.34
2224.0;11.192
2224.5;11.185
2225.0;17.478
2225.5;23.898
2226.0;10.004
2226.5;25.345
2227.0;3.841
2227.5;17.989
2228.0;23.469
2228.5;10.919
2229.0;7.504
2229.5;9.226
2230.0;3.481
2230.5;20.242
2231.0;30.127
2231.5;19.653
2232.0;27.606
2232.5;22.551
2233.0;29.458
2233.5;31.601
2234.0;19.002
2234.5;16.418
2235.0;16.279
2235.5;19.938
2236.0;22.356
2236.5;16.374
2237.0;5.565
2237.5;7.079
2238.0;10.087
2238.5;7.558
2239.0;13.864
2239.5;18.826
2240.0;19.705
2240.5;5.33
2241.0;5.832
2241.5;17.557
2242.0;12.094
2242.5;13.897
2243.0;16.272
2243.5;9.124
2244.0;3.351
2244.5;2.783
2245.0;9.456
2245.5;6.086
2246.0;7.374
2246.5;6.762
2247.0;11.113
2247.5;8.201
2248.0;11.162
2248.5;13.297
2249.0;2.313
2249.5;1.824
2250.0;4.976
2250.5;13.309
2251.0;15.787
2251.5;6.204
2252.0;6.159
2252.5;5.774
2253.0;6.846
2253.5;3.799
2254.0;4.399
2254.5;5.208
2255.0;9.465
2255.5;5.625
2256.0;5.681
2256.5;3.402
2257.0;5.365
2257.5;3.693
2258.0;4.757
2258.5;5.331
2259.0;7.491
2259.5;11.836
2260.0;3.937
2260.5;6.845
2261.0;5.502
2261.5;6.11
2262.0;3.2
2262.5;8.305
2263.0;5.165
2263.5;5.908
2264.0;5.704
2264.5;6.625
2265.0;0.375
2265.5;3.297
2266.0;6.724
2266.5;14.344
2267.0;8.396
2267.5;14.093
2268.0;14.003
2268.5;7.01
2269.0;5.232
2269.5;5.326
2270.0;9.25
2270.5;1.488
2271.0;19.6
2271.5;5.247
2272.0;7.614
2272.5;5.187
2273.0;8.109
2273.5;2.306
2274.0;3.907
2274.5;19.662
2275.0;12.518
2275.5;15.289
2276.0;16.641
2276.5;4.168
2277.0;15.193
2277.5;16.461
2278.0;33.948
2278.5;23.93
2279.0;33.506
2279.5;21.036
2280.0;16.25
2280.5;21.527
2281.0;24.909
2281.5;18.795
2282.0;15.427
2282.5;11.181
2283.0;14.777
2283.5;15.049
2284.0;19.362
2284.5;14.418
2285.0;17.143
2285.5;14.102
2286.0;5.961
2286.5;9.684
2287.0;5.705
2287.5;3.213
2288.0;9.352
2288.5;2.906
2289.0;10.922
2289.5;7.514
2290.0;5.367
2290.5;8.823
2291.0;6.621
2291.5;3.203
2292.0;6.183
2292.5;11.405
2293.0;5.135
2293.5;11.294
2294.0;5.991
2294.5;5.733
2295.0;8.184
2295.5;2.147
2296.0;14.161
2296.5;18.086
2297.0;24.903
2297.5;17.324
2298.0;19.943
2298.5;20.533
2299.0;22.317
2299.5;17.895
2300.0;14.564
2300.5;21.003
2301.0;17.898
2301.5;27.705
2302.0;27.399
2302.5;14.456
2303.0;10.45
2303.5;9.449
2304.0;9.259
2304.5;3.689
2305.0;1.559
2305.5;22.08
2306.0;21.71
2306.5;13.373
2307.0;6.063
2307.5;7.941
2308.0;9.268
2308.5;13.257
2309.0;6.614
2309.5;4.725
2310.0;1.082
2310.5;14.372
2311.0;8.132
2311.5;8.619
2312.0;7.6
2312.5;4.155
2313.0;15.191
2313.5;18.432
2314.0;13.353
2314.5;14.547
2315.0;14.326
2315.5;8.761
2316.0;9.237
2316.5;7.772
2317.0;11.793
2317.5;8.327
2318.0;6.793
2318.5;5.659
2319.0;8.822
2319.5;7.157
2320.0;2.57
2320.5;5.76
2321.0;12.897
2321.5;9.172
2322.0;3.095
2322.5;4.395
2323.0;3.891
2323.5;10.342
2324.0;2.786
2324.5;1.009
2325.0;3.832
2325.5;5.782
2326.0;7.443
2326.5;9.386
2327.0;9.113
2327.5;5.126
2328.0;10.634
2328.5;6.968
2329.0;10.218
2329.5;6.814
2330.0;5.639
2330.5;5.166
2331.0;1.321
2331.5;6.317
2332.0;9.971
2332.5;11.29
2333.0;5.861
2333.5;9.954
2334.0;8.878
2334.5;16.539
2335.0;17.868
2335.5;7.642
2336.0;3.907
2336.5;9.161
2337.0;10.979
2337.5;20.555
2338.0;15.401
2338.5;6.419
2339.0;10.891
2339.5;14.598
2340.0;7.788
2340.5;6.523
2341.0;3.262
2341.5;2.09
2342.0;4.813
2342.5;5.586
2343.0;2.785
2343.5;5.873
2344.0;2.951
2344.5;5.621
2345.0;6.257
2345.5;8.292
2346.0;6.688
2346.5;0.936
2347.0;5.671
2347.5;1.86
2348.0;4.467
2348.5;4.423
2349.0;13.762
2349.5;2.797
2350.0;9.127
2350.5;5.998
2351.0;8.638
2351.5;8.066
2352.0;5.873
2352.5;7.602
2353.0;3.51
2353.5;10.644
2354.0;4.138
2354.5;8.588
2355.0;5.9
2355.5;9.57
2356.0;26.634
2356.5;22.256
2357.0;11.794
2357.5;11.816
2358.0;2.936
2358.5;13.747
2359.0;20.04
2359.5;20.775
2360.0;30.966
2360.5;16.062
2361.0;11.584
2361.5;2.62
2362.0;18.315
2362.5;14.27
2363.0;21.746
2363.5;24.834
2364.0;7.925
2364.5;13.759
2365.0;21.874
2365.5;16.56
2366.0;16.388
2366.5;14.955
2367.0;10.795
2367.5;42.34
2368.0;14.812
2368.5;46.484
2369.0;44.888
2369.5;71.656
2370.0;50.595
2370.5;67.995
2371.0;8.776
2371.5;20.013
2372.0;24.864
2372.5;41.793
2373.0;67.733
2373.5;22.33
2374.0;67.514
2374.5;92.713
2375.0;5.301
2375.5;45.501
2376.0;9.322
2376.5;69.228
2377.0;55.804
2377.5;53.139
2378.0;55.632
2378.5;20.449
2379.0;29.8
2379.5;45.227
2380.0;40.122
2380.5;32.381
2381.0;30.385
2381.5;31.384
2382.0;51.488
2382.5;9.308
2383.0;55.924
2383.5;62.843
2384.0;28.35
2384.5;24.615
2385.0;51.452
2385.5;47.014
2386.0;7.021
2386.5;20.54
2387.0;16.423
2387.5;13.617
2388.0;2.751
2388.5;4.524
2389.0;26.076
2389.5;3.473
2390.0;20.56
2390.5;24.073
2391.0;13.247
2391.5;15.622
2392.0;11.065
2392.5;10.23
2393.0;11.228
2393.5;15.761
2394.0;10.157
2394.5;4.111
2395.0;2.246
2395.5;7.321
2396.0;3.957
2396.5;12.034
2397.0;4.69
2397.5;16.654
2398.0;3.581
2398.5;10.715
2399.0;5.513
2399.5;2.409
2400.1;6.423
2400.6;9.697
2401.1;5.279
2401.6;6.344
2402.1;10.938
2402.6;4.727
2403.1;4.307
2403.6;5.16
2404.1;3.34
2404.6;4.342
2405.1;3.392
2405.6;7.713
2406.1;3.037
2406.6;9.024
2407.1;1.062
2407.6;7.212
2408.1;1.437
2408.6;13.18
2409.1;6.777
2409.6;2.836
2410.1;9.173
2410.6;7.452
2411.1;6.137
2411.6;9.603
2412.1;10.246
2412.6;7.018
2413.1;6.563
2413.6;7.448
2414.1;5.91
2414.6;6.055
2415.1;7.605
2415.6;4.056
2416.1;9.763
2416.6;4.713
2417.1;12.798
2417.6;10.144
2418.1;6.997
2418.6;4.187
2419.1;3.028
2419.6;7.611
2420.1;4.81
2420.6;6.268
2421.1;2.151
2421.6;5.58
2422.1;6.164
2422.6;5.661
2423.1;7.219
2423.6;8.291
2424.1;2.963
2424.6;6.607
2425.1;2.504
2425.6;3.497
2426.1;4.09
2426.6;3.98
2427.1;2.497
2427.6;1.531
2428.1;7.929
2428.6;5.792
2429.1;4.511
2429.6;6.719
2430.1;2.539
2430.6;2.17
2431.1;3.422
2431.6;4.275
2432.1;4.572
2432.6;6.245
2433.1;5.568
2433.6;3.602
2434.1;3.145
2434.6;5.756
2435.1;2.073
2435.6;1.976
2436.1;7.004
2436.6;7.367
2437.1;0.803
2437.6;3.725
2438.1;5.734
2438.6;5.732
2439.1;4.643
2439.6;4.177
2440.1;5.343
2440.6;1.351
2441.1;5.121
2441.6;6.825
2442.1;4.608
2442.6;3.119
2443.1;5.744
2443.6;1.975
2444.1;2.725
2444.6;2.912
2445.1;4.403
2445.6;3.649
2446.1;4.327
2446.6;8.052
2447.1;3.0
2447.6;5.415
2448.1;0.768
2448.6;2.355
2449.1;1.686
2449.6;3.096
2450.1;1.848
2450.6;2.95
2451.1;4.914
2451.6;6.975
2452.1;1.588
2452.6;4.586
2453.1;3.59
2453.6;3.426
2454.1;5.595
2454.6;2.667
2455.1;3.719
2455.6;3.372
2456.1;3.164
2456.6;4.752
2457.1;4.483
2457.6;3.971
2458.1;4.474
2458.6;4.025
2459.1;2.189
2459.6;2.252
2460.1;4.357
2460.6;9.757
2461.1;4.625
2461.6;6.579
2462.1;2.903
2462.6;4.435
2463.1;4.486
2463.6;6.343
2464.1;1.688
2464.6;2.532
2465.1;2.828
2465.6;3.865
2466.1;9.718
2466.6;3.709
2467.1;3.895
2467.6;3.852
2468.1;2.119
2468.6;6.909
2469.1;1.745
2469.6;10.931
2470.1;3.656
2470.6;4.409
2471.1;6.64
2471.6;11.234
2472.1;7.943
2472.6;5.712
2473.1;3.439
2473.6;4.781
2474.1;5.413
2474.6;2.687
2475.1;7.051
2475.6;14.945
2476.1;23.175
2476.6;18.621
2477.1;8.92
2477.6;6.171
2478.1;7.944
2478.6;22.504
2479.1;11.982
2479.6;11.39
2480.1;16.115
2480.6;19.341
2481.1;16.71
2481.6;12.103
2482.1;10.396
2482.6;19.155
2483.1;6.774
2483.6;10.682
2484.1;12.552
2484.6;5.858
2485.1;3.096
2485.6;9.134
2486.1;5.164
2486.6;7.916
2487.1;0.839
2487.6;2.825
2488.1;3.237
2488.6;4.428
2489.1;0.59
2489.6;3.678
2490.1;4.822
2490.6;8.975
2491.1;7.647
2491.6;3.644
2492.1;3.467
2492.6;2.342
2493.1;3.968
2493.6;3.484
2494.1;8.222
2494.6;2.929
2495.1;7.138
2495.6;3.152
2496.1;3.149
2496.6;2.648
2497.1;3.61
2497.6;3.616
2498.1;3.577
2498.6;2.386
2499.1;2.386
2499.6;3.762
2500.1;4.444
2500.6;0.793
2501.1;3.587
2501.6;4.017
2502.1;3.669
2502.6;5.854
2503.1;6.546
2503.6;5.463
2504.1;0.997
2504.6;3.046
2505.1;6.127
2505.6;4.285
2506.1;5.354
2506.6;5.233
2507.1;2.493
2507.6;3.23
2508.1;0.314
2508.6;3.713
2509.1;2.21
2509.6;3.057
2510.1;3.769
2510.6;3.297
2511.1;2.043
2511.6;1.182
2512.1;3.474
2512.6;5.112
2513.1;2.942
2513.6;1.775
2514.1;4.446
2514.6;6.314
2515.1;3.403
2515.6;1.58
2516.1;2.908
2516.6;4.027
2517.1;2.92
2517.6;2.92
2518.1;3.622
2518.6;1.448
2519.1;5.316
2519.6;1.103
2520.1;7.425
2520.6;4.008
2521.1;6.522
2521.6;0.744
2522.1;3.207
2522.6;4.563
2523.1;2.233
2523.6;2.694
2524.1;5.283
2524.6;0.722
2525.1;1.621
2525.6;3.973
2526.1;1.414
2526.6;3.269
2527.1;1.944
2527.6;3.58
2528.1;3.334
2528.6;3.483
2529.1;1.91
2529.6;2.031
2530.1;1.713
2530.6;0.523
2531.1;4.18
2531.6;0.303
2532.1;5.343
2532.6;2.031
2533.1;1.829
2533.6;5.655
2534.1;3.196
2534.6;6.431
2535.1;5.474
2535.6;11.016
2536.1;4.0
2536.6;1.8
2537.1;3.035
2537.6;3.105
2538.1;2.411
2538.6;3.136
2539.1;2.001
2539.6;6.285
2540.1;3.9
2540.6;5.858
2541.1;1.392
2541.6;4.781
2542.1;2.967
2542.6;2.957
2543.1;2.854
2543.6;3.3
2544.1;6.374
2544.6;1.548
2545.1;8.077
2545.6;4.386
2546.1;4.436
2546.6;5.112
2547.1;5.113
2547.6;6.236
2548.1;4.443
2548.6;7.997
2549.1;2.988
2549.6;2.282
2550.1;5.314
2550.6;1.75
2551.1;2.398
2551.6;9.58
2552.1;5.042
2552.6;1.084
2553.1;3.489
2553.6;1.242
2554.1;5.392
2554.6;1.466
2555.1;4.93
2555.6;2.95
2556.1;4.572
2556.6;4.763
2557.1;6.919
2557.6;4.36
2558.1;3.492
2558.6;9.151
2559.1;8.356
2559.6;1.951
2560.1;8.3
2560.6;6.113
2561.1;5.744
2561.6;1.074
2562.1;9.892
2562.6;4.221
2563.1;3.22
2563.6;2.244
2564.1;4.978
2564.6;6.993
2565.1;5.198
2565.6;9.127
2566.1;3.827
2566.6;5.214
2567.1;4.579
2567.6;8.239
2568.1;7.463
2568.6;9.814
2569.1;6.996
2569.6;8.995
2570.1;4.103
2570.6;10.902
2571.1;2.11
2571.6;11.145
2572.1;11.831
2572.6;6.569
2573.1;1.204
2573.6;8.176
2574.1;8.659
2574.6;14.473
2575.1;14.376
2575.6;17.41
2576.1;4.214
2576.6;5.426
2577.1;15.337
2577.6;27.273
2578.1;25.042
2578.6;26.699
2579.1;29.616
2579.6;10.408
2580.1;17.227
2580.6;6.43
2581.1;7.209
2581.6;9.324
2582.1;6.764
2582.6;8.174
2583.1;8.21
2583.6;19.294
2584.1;17.747
2584.6;8.219
2585.1;10.631
2585.6;16.304
2586.1;13.916
2586.6;16.101
2587.1;8.845
2587.6;6.763
2588.1;9.511
2588.6;9.115
2589.1;17.014
2589.6;12.764
2590.1;2.752
2590.6;8.081
2591.1;5.647
2591.6;6.214
2592.1;2.83
2592.6;2.21
2593.1;2.394
2593.6;7.58
2594.1;1.822
2594.6;5.488
2595.1;1.811
2595.6;6.561
2596.1;2.925
2596.6;5.609
2597.1;2.538
2597.6;3.62
2598.1;4.78
2598.6;6.369
2599.1;9.072
2599.6;4.087
2600.1;4.652
2600.6;5.363
2601.1;4.64
2601.6;8.244
2602.1;2.408
2602.6;10.666
2603.1;9.861
2603.6;8.346
2604.1;2.857
2604.6;6.812
2605.1;10.82
2605.6;8.996
2606.1;14.599
2606.6;7.948
2607.1;20.28
2607.6;12.433
2608.1;6.451
2608.6;10.525
2609.1;9.743
2609.6;5.937
2610.1;11.248
2610.6;19.61
2611.1;20.976
2611.6;19.061
2612.1;21.435
2612.6;9.25
2613.1;5.191
2613.6;7.712
2614.1;3.784
2614.6;3.971
2615.1;9.155
2615.6;8.698
2616.1;1.591
2616.6;11.613
2617.1;7.292
2617.6;3.807
2618.1;3.819
2618.6;5.672
2619.1;6.863
2619.6;5.085
2620.1;1.406
2620.6;3.215
2621.1;9.93
2621.6;4.109
2622.1;10.36
2622.6;9.892
2623.1;6.181
2623.6;10.895
2624.1;4.589
2624.6;15.9
2625.1;11.545
2625.6;13.047
2626.1;9.349
2626.6;12.448
2627.1;2.76
2627.6;21.594
2628.1;11.009
2628.6;12.525
2629.1;21.342
2629.6;6.643
2630.1;12.223
2630.6;6.034
2631.1;2.589
2631.6;9.554
2632.1;13.566
2632.6;2.879
2633.1;14.851
2633.6;8.547
2634.1;10.182
2634.6;14.354
2635.1;5.883
2635.6;8.808
2636.1;6.272
2636.6;3.877
2637.1;6.094
2637.6;6.516
2638.1;2.494
2638.6;4.049
2639.1;7.541
2639.6;5.193
2640.1;2.396
2640.6;3.822
2641.1;4.593
2641.6;1.257
2642.1;2.318
2642.6;2.284
2643.1;1.527
2643.6;5.22
2644.1;4.428
2644.6;3.982
2645.1;6.933
2645.6;2.401
2646.1;3.798
2646.6;1.711
2647.1;3.148
2647.6;3.804
2648.1;3.108
2648.6;4.259
2649.1;6.293
2649.6;6.848
2650.1;7.482
2650.6;3.459
2651.1;5.862
2651.6;4.231
2652.1;1.719
2652.6;4.02
2653.1;2.291
2653.6;6.714
2654.1;0.599
2654.6;5.785
2655.1;4.559
2655.6;4.163
2656.1;3.738
2656.6;3.489
2657.1;0.394
2657.6;2.173
2658.1;4.41
2658.6;2.273
2659.1;2.696
2659.6;5.064
2660.1;4.963
2660.6;3.786
2661.1;4.086
2661.6;1.259
2662.1;2.168
2662.6;1.396
2663.1;4.122
2663.6;4.043
2664.1;0.974
2664.6;5.173
2665.1;1.358
2665.6;5.48
2666.1;2.523
2666.6;1.551
2667.1;1.148
2667.6;2.323
2668.1;0.546
2668.6;2.794
2669.1;1.666
2669.6;2.471
2670.1;1.976
2670.6;0.221
2671.1;3.631
2671.6;3.709
2672.1;2.409
2672.6;0.297
2673.1;1.323
2673.6;0.99
2674.1;4.198
2674.6;1.548
2675.1;3.273
2675.6;5.863
2676.1;1.166
2676.6;1.495
2677.1;2.217
2677.6;2.643
2678.1;4.2
2678.6;1.785
2679.1;0.529
2679.6;0.103
2680.1;4.173
2680.6;1.534
2681.1;2.455
2681.6;1.634
2682.1;1.386
2682.6;3.46
2683.1;0.672
2683.6;3.869
2684.1;2.997
2684.6;2.524
2685.1;1.76
2685.6;3.322
2686.1;3.082
2686.6;3.297
2687.1;1.241
2687.6;2.338
2688.1;3.749
2688.6;4.744
2689.1;3.042
2689.6;1.306
2690.1;2.384
2690.6;1.995
2691.1;2.327
2691.6;2.796
2692.1;0.691
2692.6;1.549
2693.1;1.539
2693.6;2.932
2694.1;3.213
2694.6;0.162
2695.1;2.602
2695.6;0.3
2696.1;1.593
2696.6;3.231
2697.1;2.012
2697.6;4.271
2698.1;3.905
2698.6;3.936
2699.1;2.771
2699.6;2.581
2700.1;3.051
2700.6;1.366
2701.1;2.723
2701.6;1.525
2702.1;2.222
2702.6;3.34
2703.1;2.495
2703.6;1.25
2704.1;1.569
2704.6;3.194
2705.1;0.323
2705.6;3.209
2706.1;0.832
2706.6;1.174
2707.1;2.962
2707.6;2.184
2708.1;2.157
2708.6;1.336
2709.1;0.878
2709.6;2.421
2710.1;4.324
2710.6;1.507
2711.1;0.509
2711.6;1.521
2712.1;1.998
2712.6;3.204
2713.1;4.312
2713.6;1.999
2714.1;0.85
2714.6;0.888
2715.1;1.989
2715.6;1.787
2716.1;4.21
2716.6;3.355
2717.1;7.575
2717.6;3.232
2718.1;5.272
2718.6;3.815
2719.1;2.993
2719.6;4.074
2720.1;9.437
2720.6;2.626
2721.1;8.043
2721.6;3.77
2722.1;4.93
2722.6;3.142
2723.1;3.391
2723.6;5.808
2724.1;12.776
2724.6;9.161
2725.1;7.015
2725.6;6.268
2726.1;5.135
2726.6;17.312
2727.1;10.878
2727.6;7.047
2728.1;9.346
2728.6;3.242
2729.1;12.015
2729.6;15.716
2730.1;9.6
2730.6;1.778
2731.1;1.375
2731.6;7.734
2732.1;5.379
2732.6;5.537
2733.1;1.107
2733.6;2.728
2734.1;3.747
2734.6;6.69
2735.1;3.111
2735.6;5.096
2736.1;2.048
2736.6;4.724
2737.1;3.204
2737.6;2.405
2738.1;3.591
2738.6;4.241
2739.1;2.095
2739.6;3.746
2740.1;0.216
2740.6;2.382
2741.1;4.869
2741.6;2.629
2742.1;1.873
2742.6;2.623
2743.1;1.658
2743.6;1.396
2744.1;2.761
2744.6;1.297
2745.1;0.271
2745.6;0.35
2746.1;0.249
2746.6;1.788
2747.1;3.139
2747.6;3.262
2748.1;2.747
2748.6;2.454
2749.1;2.433
2749.6;2.799
2750.1;0.769
2750.6;3.575
2751.1;1.741
2751.6;1.548
2752.1;1.765
2752.6;1.562
2753.1;3.248
2753.6;2.299
2754.1;1.345
2754.6;1.75
2755.1;1.099
2755.6;4.022
2756.1;1.574
2756.6;3.028
2757.1;1.566
2757.6;2.022
2758.1;4.677
2758.6;0.377
2759.1;2.24
2759.6;2.257
2760.1;1.588
2760.6;2.418
2761.1;2.243
2761.6;2.239
2762.1;3.758
2762.6;3.158
2763.1;2.155
2763.6;1.958
2764.1;2.354
2764.6;2.008
2765.1;2.396
2765.6;2.491
2766.1;1.042
2766.6;1.753
2767.1;0.962
2767.6;2.326
2768.1;4.632
2768.6;1.986
2769.1;2.645
2769.6;1.748
2770.1;2.521
2770.6;2.38
2771.1;2.244
2771.6;0.99
2772.1;3.878
2772.6;3.057
2773.1;1.713
2773.6;1.36
2774.1;1.17
2774.6;4.154
2775.1;1.4
2775.6;3.199
2776.1;3.386
2776.6;5.326
2777.1;3.303
2777.6;4.56
2778.1;3.107
2778.6;6.992
2779.1;7.91
2779.6;5.019
2780.1;10.237
2780.6;5.884
2781.1;6.961
2781.6;2.611
2782.1;6.625
2782.6;6.602
2783.1;15.148
2783.6;14.325
2784.1;18.867
2784.6;9.316
2785.1;7.295
2785.6;11.085
2786.1;4.465
2786.6;10.124
2787.1;7.563
2787.6;8.595
2788.1;7.693
2788.6;5.024
2789.1;4.232
2789.6;2.096
2790.1;1.206
2790.6;2.384
2791.1;4.758
2791.6;3.282
2792.1;4.823
2792.6;2.848
2793.1;2.42
2793.6;3.122
2794.1;1.513
2794.6;0.516
2795.1;1.767
2795.6;2.446
2796.1;0.686
2796.6;1.991
2797.1;3.334
2797.6;4.477
2798.1;3.944
2798.6;2.508
2799.1;2.002
2799.6;2.774
2800.1;3.53
2800.6;2.804
2801.1;0.92
2801.6;1.411
2802.1;4.586
2802.6;3.334
2803.1;2.783
2803.6;1.621
2804.1;2.481
2804.6;3.302
2805.1;2.531
2805.6;1.777
2806.1;3.465
2806.6;1.78
2807.1;3.701
2807.6;3.449
2808.1;2.434
2808.6;3.573
2809.1;6.523
2809.6;3.284
2810.1;6.631
2810.6;2.853
2811.1;2.477
2811.6;2.151
2812.1;3.102
2812.6;5.787
2813.1;6.051
2813.6;5.364
2814.1;2.322
2814.6;1.238
2815.1;3.17
2815.6;2.743
2816.1;3.855
2816.6;1.453
2817.1;3.116
2817.6;2.923
2818.1;3.764
2818.6;5.447
2819.1;5.119
2819.6;2.459
2820.1;1.679
2820.6;3.745
2821.1;3.556
2821.6;3.318
2822.1;3.928
2822.6;1.304
2823.1;0.459
2823.6;0.691
2824.1;2.465
2824.6;1.254
2825.1;2.565
2825.6;1.665
2826.1;1.496
2826.6;0.386
2827.1;2.251
2827.6;0.825
2828.1;0.756
2828.6;2.041
2829.1;2.086
2829.6;1.267
2830.1;0.783
2830.6;1.954
2831.1;1.721
2831.6;2.586
2832.1;0.82
2832.6;2.694
2833.1;3.132
2833.6;1.888
2834.1;1.283
2834.6;1.944
2835.1;1.729
2835.6;1.753
2836.1;2.28
2836.6;4.254
2837.1;2.726
2837.6;3.295
2838.1;2.892
2838.6;3.61
2839.1;3.746
2839.6;2.007
2840.1;2.245
2840.6;2.085
2841.1;2.95
2841.6;2.489
2842.1;3.022
2842.6;1.349
2843.1;1.734
2843.6;4.426
2844.1;4.388
2844.6;1.963
2845.1;3.211
2845.6;2.375
2846.1;2.262
2846.6;0.938
2847.1;2.641
2847.6;3.443
2848.1;2.128
2848.6;0.873
2849.1;1.494
2849.6;0.871
2850.1;0.353
2850.6;1.484
2851.1;4.344
2851.6;2.423
2852.1;2.521
2852.6;0.974
2853.1;0.534
2853.6;2.66
2854.1;1.558
2854.6;2.052
2855.1;2.64
2855.6;2.821
2856.1;3.577
2856.6;1.221
2857.1;0.219
2857.6;1.819
2858.1;0.637
2858.6;2.167
2859.1;2.523
2859.6;0.866
2860.1;2.747
2860.6;4.326
2861.1;0.591
2861.6;1.117
2862.1;0.981
2862.6;0.8
2863.1;2.72
2863.6;3.366
2864.1;1.618
2864.6;1.014
2865.1;1.104
2865.6;0.264
2866.1;4.189
2866.6;2.863
2867.1;3.252
2867.6;2.182
2868.1;0.245
2868.6;2.475
2869.1;1.543
2869.6;1.077
2870.1;2.442
2870.6;3.602
2871.1;1.773
2871.6;4.316
2872.1;2.277
2872.6;1.168
2873.1;1.954
2873.6;1.981
2874.1;2.603
2874.6;3.039
2875.1;1.415
2875.6;3.575
2876.1;2.599
2876.6;3.154
2877.1;1.355
2877.6;1.404
2878.1;1.555
2878.6;2.849
2879.1;2.053
2879.6;3.814
2880.1;1.143
2880.6;4.244
2881.1;2.404
2881.6;2.553
2882.1;2.257
2882.6;2.977
2883.1;4.431
2883.6;1.725
2884.1;1.753
2884.6;4.237
2885.1;6.342
2885.6;3.078
2886.1;2.846
2886.6;2.888
2887.1;1.954
2887.6;6.139
2888.1;3.727
2888.6;0.803
2889.1;1.878
2889.6;2.943
2890.1;4.458
2890.6;3.789
2891.1;0.633
2891.6;3.208
2892.1;3.695
2892.6;1.351
2893.1;1.774
2893.6;2.492
2894.1;1.091
2894.6;0.868
2895.1;2.301
2895.6;2.243
2896.1;1.778
2896.6;3.216
2897.1;6.197
2897.6;3.665
2898.1;1.894
2898.6;3.096
2899.1;5.394
2899.6;3.368
2900.1;0.613
2900.6;2.745
2901.1;3.148
2901.6;3.928
2902.1;1.53
2902.6;1.672
2903.1;0.856
2903.6;3.826
2904.1;4.646
2904.6;5.321
2905.1;1.316
2905.6;4.068
2906.1;6.979
2906.6;5.916
2907.1;3.44
2907.6;4.099
2908.1;6.243
2908.6;6.031
2909.1;4.18
2909.6;5.033
2910.1;6.986
2910.6;3.33
2911.1;1.371
2911.6;2.102
2912.1;1.871
2912.6;4.332
2913.1;1.823
2913.6;2.665
2914.1;4.112
2914.6;8.357
2915.1;5.478
2915.6;4.846
2916.1;5.701
2916.6;4.456
2917.1;5.683
2917.6;4.733
2918.1;6.61
2918.6;1.886
2919.1;2.291
2919.6;3.007
2920.1;1.732
2920.6;0.943
2921.1;2.973
2921.6;3.588
2922.1;7.56
2922.6;8.067
2923.1;9.173
2923.6;4.314
2924.1;3.866
2924.6;2.093
2925.1;1.855
2925.6;3.824
2926.1;3.18
2926.6;5.487
2927.1;7.282
2927.6;7.608
2928.1;4.268
2928.6;4.405
2929.1;2.048
2929.6;4.892
2930.1;5.179
2930.6;7.074
2931.1;9.465
2931.6;8.251
2932.1;3.963
2932.6;5.787
2933.1;3.023
2933.6;4.443
2934.1;10.75
2934.6;13.823
2935.1;9.853
2935.6;6.567
2936.1;2.922
2936.6;4.884
2937.1;4.811
2937.6;3.431
2938.1;5.914
2938.6;7.3
2939.1;4.687
2939.6;9.14
2940.1;9.777
2940.6;3.02
2941.1;4.543
2941.6;3.057
2942.1;6.346
2942.6;3.148
2943.1;6.455
2943.6;11.241
2944.1;9.542
2944.6;8.873
2945.1;4.093
2945.6;0.996
2946.1;3.469
2946.6;5.264
2947.1;3.628
2947.6;4.995
2948.1;6.391
2948.6;2.825
2949.1;2.176
2949.6;4.078
2950.1;2.514
2950.6;2.59
2951.1;2.215
2951.6;0.547
2952.1;9.728
2952.6;9.639
2953.1;7.565
2953.6;2.096
2954.1;4.894
2954.6;9.099
2955.1;3.926
2955.6;5.228
2956.1;2.861
2956.6;4.86
2957.1;7.35
2957.6;6.649
2958.1;6.603
2958.6;5.637
2959.1;2.333
2959.6;2.812
2960.1;7.52
2960.6;1.872
2961.1;5.639
2961.6;7.045
2962.1;0.972
2962.6;4.524
2963.1;2.944
2963.6;3.026
2964.1;4.94
2964.6;13.845
2965.1;12.917
2965.6;6.873
2966.1;8.231
2966.6;3.659
2967.1;14.172
2967.6;9.822
2968.1;10.679
2968.6;6.912
2969.1;2.855
2969.6;4.954
2970.1;2.962
2970.6;4.277
2971.1;6.686
2971.6;10.939
2972.1;7.879
2972.6;9.241
2973.1;16.749
2973.6;11.843
2974.1;3.234
2974.6;5.87
2975.1;4.684
2975.6;6.218
2976.1;4.901
2976.6;6.689
2977.1;16.104
2977.6;17.917
2978.1;6.795
2978.6;11.256
2979.1;8.406
2979.6;6.695
2980.1;8.854
2980.6;12.702
2981.1;2.437
2981.6;3.765
2982.1;10.697
2982.6;14.751
2983.1;15.214
2983.6;22.646
2984.1;22.999
2984.6;9.321
2985.1;22.734
2985.6;5.597
2986.1;15.141
2986.6;6.767
2987.1;1.846
2987.6;6.731
2988.1;4.981
2988.6;10.217
2989.1;13.964
2989.6;7.801
2990.1;3.594
2990.6;7.487
2991.1;10.432
2991.6;17.405
2992.1;14.293
2992.6;10.214
2993.1;7.684
2993.6;4.781
2994.1;2.293
2994.6;4.77
2995.1;8.961
2995.6;15.02
2996.1;16.503
2996.6;12.532
2997.1;7.01
2997.6;8.851
2998.1;3.224
2998.6;7.597
2999.1;9.88
2999.6;2.832
3000.1;6.801
3000.6;4.741
3001.1;4.488
3001.6;5.037
3002.1;1.158
3002.6;3.279
3003.1;3.788
3003.6;5.274
3004.1;3.872
3004.6;2.661
3005.1;4.726
3005.6;5.705
3006.1;4.876
3006.6;3.335
3007.1;2.592
3007.6;1.067
3008.1;3.156
3008.6;5.793
3009.1;0.576
3009.6;4.939
3010.1;1.932
3010.6;2.646
3011.1;5.657
3011.6;5.277
3012.1;2.052
3012.6;5.649
3013.1;4.731
3013.6;1.286
3014.1;2.849
3014.6;4.766
3015.1;3.012
3015.6;4.692
3016.1;2.567
3016.6;6.917
3017.1;4.824
3017.6;1.49
3018.1;4.988
3018.6;5.075
3019.1;2.744
3019.6;0.56
3020.1;2.366
3020.6;3.676
3021.1;2.182
3021.6;1.397
3022.1;4.227
3022.6;2.763
3023.1;1.535
3023.6;1.221
3024.1;0.902
3024.6;1.201
3025.1;1.229
3025.6;3.632
3026.1;2.014
3026.6;4.023
3027.1;5.414
3027.6;3.39
3028.1;1.934
3028.6;3.168
3029.1;1.833
3029.6;2.263
3030.1;2.531
3030.6;3.116
3031.1;2.26
3031.6;2.381
3032.1;3.39
3032.6;2.37
3033.1;4.946
3033.6;4.27
3034.1;2.725
3034.6;2.271
3035.1;2.381
3035.6;0.946
3036.1;2.895
3036.6;1.805
3037.1;2.582
3037.6;0.906
3038.1;4.991
3038.6;5.176
3039.1;5.363
3039.6;3.614
3040.1;4.389
3040.6;2.112
3041.1;2.267
3041.6;4.544
3042.1;1.604
3042.6;0.397
3043.1;1.244
3043.6;1.178
3044.1;0.316
3044.6;2.36
3045.1;1.206
3045.6;1.797
3046.1;2.235
3046.6;2.244
3047.1;1.309
3047.6;1.672
3048.1;0.69
3048.6;1.523
3049.1;0.968
3049.6;2.165
3050.1;1.889
3050.6;0.376
3051.1;0.76
3051.6;2.577
3052.1;0.729
3052.6;1.2
3053.1;1.245
3053.6;0.023
3054.1;2.171
3054.6;0.515
3055.1;0.952
3055.6;3.173
3056.1;1.104
3056.6;2.223
3057.1;1.626
3057.6;2.886
3058.1;1.661
3058.6;1.845
3059.1;1.418
3059.6;3.858
3060.1;2.571
3060.6;0.886
3061.1;1.603
3061.6;1.546
3062.1;3.816
3062.6;1.718
3063.1;1.503
3063.6;2.577
3064.1;1.437
3064.6;1.693
3065.1;3.4
3065.6;3.252
3066.1;2.244
3066.6;1.777
3067.1;1.646
3067.6;0.897
3068.1;3.321
3068.6;2.189
3069.1;1.57
3069.6;2.611
3070.1;1.867
3070.6;1.36
3071.1;1.699
3071.6;1.375
3072.1;1.471
3072.6;1.183
3073.1;1.618
3073.6;1.074
3074.1;1.235
3074.6;1.4
3075.1;1.243
3075.6;0.501
3076.1;1.518
3076.6;1.051
3077.1;2.1
3077.6;2.071
3078.1;1.234
3078.6;2.674
3079.1;1.997
3079.6;0.894
3080.1;0.497
3080.6;0.918
3081.1;0.71
3081.6;1.145
3082.1;1.781
3082.6;0.607
3083.1;1.511
3083.6;1.71
3084.1;1.095
3084.6;0.352
3085.1;1.556
3085.6;0.439
3086.1;1.018
3086.6;1.366
3087.1;1.756
3087.6;1.751
3088.1;1.624
3088.6;3.423
3089.1;1.116
3089.6;3.223
3090.1;1.517
3090.6;1.171
3091.1;2.195
3091.6;1.953
3092.1;1.487
3092.6;3.014
3093.1;1.258
3093.6;0.515
3094.1;0.537
3094.6;1.456
3095.1;0.989
3095.6;2.049
3096.1;0.751
3096.6;2.681
3097.1;0.321
3097.6;0.647
3098.1;1.206
3098.6;1.716
3099.1;1.075
3099.6;0.57
3100.1;2.333
3100.6;0.173
3101.1;1.611
3101.6;0.834
3102.1;1.285
3102.6;1.029
3103.1;1.577
3103.6;0.885
3104.1;0.827
3104.6;1.277
3105.1;1.376
3105.6;2.608
3106.1;1.484
3106.6;1.167
3107.1;1.442
3107.6;0.175
3108.1;1.567
3108.6;0.859
3109.1;1.198
3109.6;3.775
3110.1;1.086
3110.6;1.623
3111.1;1.115
3111.6;1.887
3112.1;0.258
3112.6;1.804
3113.1;0.916
3113.6;2.565
3114.1;0.456
3114.6;2.213
3115.1;2.324
3115.6;1.34
3116.1;1.03
3116.6;1.961
3117.1;0.825
3117.6;1.156
3118.1;0.849
3118.6;2.572
3119.1;2.146
3119.6;0.809
3120.1;0.591
3120.6;0.956
3121.1;0.333
3121.6;0.601
3122.1;0.768
3122.6;1.118
3123.1;1.778
3123.6;1.333
3124.1;1.417
3124.6;0.951
3125.1;0.745
3125.6;1.113
3126.1;0.634
3126.6;2.315
3127.1;1.347
3127.6;1.081
3128.1;0.768
3128.6;0.543
3129.1;0.153
3129.6;0.811
3130.1;2.593
3130.6;1.758
3131.1;1.363
3131.6;1.993
3132.1;1.322
3132.6;1.956
3133.1;1.917
3133.6;0.576
3134.1;1.228
3134.6;1.683
3135.1;1.775
3135.6;1.303
3136.1;2.094
3136.6;2.308
3137.1;1.426
3137.6;0.928
3138.1;1.209
3138.6;0.871
3139.1;1.209
3139.6;1.539
3140.1;1.358
3140.6;1.904
3141.1;2.377
3141.6;0.141
3142.1;2.501
3142.6;1.959
3143.1;0.924
3143.6;3.382
3144.1;1.461
3144.6;3.62
3145.1;4.146
3145.6;1.699
3146.1;4.25
3146.6;5.383
3147.1;4.289
3147.6;5.715
3148.1;2.661
3148.6;6.813
3149.1;5.945
3149.6;3.783
3150.1;6.896
3150.6;5.525
3151.1;6.032
3151.6;4.447
3152.1;2.535
3152.6;6.825
3153.1;7.69
3153.6;5.804
3154.1;6.88
3154.6;2.563
3155.1;5.494
3155.6;3.821
3156.1;1.422
3156.6;7.929
3157.1;6.137
3157.6;4.488
3158.1;8.337
3158.6;7.15
3159.1;6.041
3159.6;6.412
3160.1;1.874
3160.6;3.595
3161.1;0.961
3161.6;3.076
3162.1;4.526
3162.6;3.831
3163.1;10.911
3163.6;10.879
3164.1;7.713
3164.6;9.044
3165.1;9.568
3165.6;6.038
3166.1;6.0
3166.6;5.145
3167.1;5.465
3167.6;7.694
3168.1;5.181
3168.6;1.212
3169.1;3.231
3169.6;2.918
3170.1;2.033
3170.6;1.476
3171.1;1.648
3171.6;2.459
3172.1;4.624
3172.6;3.792
3173.1;2.342
3173.6;1.823
3174.1;1.239
3174.6;2.618
3175.1;3.374
3175.6;0.573
3176.1;2.218
3176.6;2.324
3177.1;3.007
3177.6;2.887
3178.1;2.465
3178.6;0.516
3179.1;2.241
3179.6;3.253
3180.1;1.25
3180.6;0.827
3181.1;5.15
3181.6;1.187
3182.1;2.673
3182.6;1.593
3183.1;2.01
3183.6;0.612
3184.1;4.958
3184.6;2.719
3185.1;1.763
3185.6;1.436
3186.1;3.608
3186.6;4.047
3187.1;5.476
3187.6;1.899
3188.1;7.57
3188.6;2.692
3189.1;0.797
3189.6;5.479
3190.1;1.431
3190.6;3.094
3191.1;0.447
3191.6;2.693
3192.1;5.723
3192.6;8.395
3193.1;7.269
3193.6;5.251
3194.1;3.17
3194.6;3.018
3195.1;5.825
3195.6;4.73
3196.1;3.47
3196.6;0.945
3197.1;2.243
3197.6;2.622
3198.1;1.366
3198.6;4.519
3199.1;4.633
3199.6;4.831
3200.1;3.171
3200.6;6.41
3201.1;2.362
3201.6;1.193
3202.1;3.132
3202.6;3.184
3203.1;1.558
3203.6;1.057
3204.1;2.373
3204.6;2.621
3205.1;2.582
3205.6;2.808
3206.1;2.546
3206.6;0.433
3207.1;2.632
3207.6;4.705
3208.1;7.931
3208.6;5.942
3209.1;1.73
3209.6;1.248
3210.1;0.953
3210.6;1.791
3211.1;1.993
3211.6;3.324
3212.1;4.141
3212.6;5.092
3213.1;5.248
3213.6;5.679
3214.1;3.241
3214.6;0.218
3215.1;3.591
3215.6;1.102
3216.1;3.792
3216.6;3.431
3217.1;2.019
3217.6;2.479
3218.1;5.257
3218.6;5.055
3219.1;5.308
3219.6;5.026
3220.1;5.511
3220.6;8.337
3221.1;6.365
3221.6;3.483
3222.1;4.873
3222.6;2.831
3223.1;4.709
3223.6;7.407
3224.1;2.671
3224.6;3.634
3225.1;10.917
3225.6;12.014
3226.1;13.557
3226.6;6.075
3227.1;7.237
3227.6;5.941
3228.1;15.921
3228.6;11.962
3229.1;7.033
3229.6;3.649
3230.1;19.014
3230.6;4.02
3231.1;11.418
3231.6;5.54
3232.1;3.605
3232.6;9.57
3233.1;7.491
3233.6;8.751
3234.1;4.894
3234.6;4.748
3235.1;10.156
3235.6;5.909
3236.1;4.499
3236.6;2.167
3237.1;2.386
3237.6;5.853
3238.1;5.864
3238.6;2.138
3239.1;0.925
3239.6;2.014
3240.1;4.181
3240.6;1.268
3241.1;0.488
3241.6;3.261
3242.1;1.537
3242.6;1.008
3243.1;2.412
3243.6;3.379
3244.1;4.748
3244.6;2.686
3245.1;2.332
3245.6;1.105
3246.1;1.106
3246.6;2.765
3247.1;1.605
3247.6;1.635
3248.1;2.405
3248.6;2.138
3249.1;1.898
3249.6;1.636
3250.1;1.509
3250.6;1.692
3251.1;3.128
3251.6;2.92
3252.1;2.37
3252.6;4.835
3253.1;2.482
3253.6;1.121
3254.1;1.902
3254.6;2.313
3255.1;1.564
3255.6;1.516
3256.1;1.289
3256.6;1.194
3257.1;2.661
3257.6;0.835
3258.1;2.141
3258.6;0.865
3259.1;1.544
3259.6;0.716
3260.1;2.131
3260.6;1.716
3261.1;1.794
3261.6;1.819
3262.1;1.803
3262.6;1.41
3263.1;2.075
3263.6;0.377
3264.1;1.984
3264.6;0.883
3265.1;0.478
3265.6;4.51
3266.1;1.043
3266.6;0.462
3267.1;1.64
3267.6;2.837
3268.1;1.484
3268.6;1.244
3269.1;1.709
3269.6;0.606
3270.1;2.384
3270.6;0.446
3271.1;1.745
3271.6;1.824
3272.1;1.213
3272.6;3.083
3273.1;1.824
3273.6;0.437
3274.1;4.004
3274.6;1.564
3275.1;0.695
3275.6;0.751
3276.1;2.942
3276.6;2.961
3277.1;0.701
3277.6;1.429
3278.1;1.463
3278.6;2.312
3279.1;1.661
3279.6;0.39
3280.1;1.176
3280.6;0.657
3281.1;2.425
3281.6;0.704
3282.1;1.872
3282.6;2.425
3283.1;1.48
3283.6;3.232
3284.1;0.788
3284.6;1.141
3285.1;3.805
3285.6;2.125
3286.1;5.011
3286.6;1.642
3287.1;3.735
3287.6;1.344
3288.1;1.936
3288.6;1.357
3289.1;1.9
3289.6;0.515
3290.1;2.901
3290.6;2.424
3291.1;0.835
3291.6;2.388
3292.1;4.14
3292.6;1.8
3293.1;1.045
3293.6;3.695
3294.1;4.801
3294.6;3.824
3295.1;3.668
3295.6;5.24
3296.1;4.745
3296.6;2.985
3297.1;3.057
3297.6;0.982
3298.1;1.929
3298.6;2.423
3299.1;2.716
3299.6;2.22
3300.1;0.685
3300.6;2.153
3301.1;2.904
3301.6;0.686
3302.1;0.738
3302.6;3.624
3303.1;2.074
3303.6;1.834
3304.1;2.995
3304.6;3.089
3305.1;1.508
3305.6;1.534
3306.1;2.475
3306.6;1.764
3307.1;3.257
3307.6;3.859
3308.1;0.093
3308.6;2.541
3309.1;1.673
3309.6;2.623
3310.1;1.683
3310.6;0.215
3311.1;0.768
3311.6;3.605
3312.1;2.384
3312.6;1.266
3313.1;1.592
3313.6;1.207
3314.1;1.396
3314.6;0.287
3315.1;1.034
3315.6;0.557
3316.1;2.966
3316.6;2.172
3317.1;1.488
3317.6;1.196
3318.1;0.539
3318.6;0.233
3319.1;1.097
3319.6;2.092
3320.1;1.136
3320.6;1.339
3321.1;2.645
3321.6;2.713
3322.1;0.88
3322.6;3.922
3323.1;1.285
3323.6;1.205
3324.1;1.515
3324.6;1.52
3325.1;0.511
3325.6;1.39
3326.1;1.094
3326.6;1.206
3327.1;2.687
3327.6;1.389
3328.1;1.153
3328.6;0.621
3329.1;1.713
3329.6;1.568
3330.1;2.354
3330.6;1.992
3331.1;2.045
3331.6;2.012
3332.1;1.046
3332.6;1.703
3333.1;1.141
3333.6;1.372
3334.1;1.52
3334.6;1.493
3335.1;1.815
3335.6;1.845
3336.1;2.902
3336.6;1.962
3337.1;1.179
3337.6;3.391
3338.1;1.505
3338.6;0.767
3339.1;3.055
3339.6;1.067
3340.1;3.531
3340.6;0.388
3341.1;2.544
3341.6;1.542
3342.1;1.344
3342.6;1.502
3343.1;1.033
3343.6;2.611
3344.1;1.156
3344.6;2.363
3345.1;1.064
3345.6;1.0
3346.1;1.573
3346.6;1.845
3347.1;1.577
3347.6;0.891
3348.1;1.513
3348.6;2.634
3349.1;1.729
3349.6;2.425
3350.1;0.867
3350.6;3.755
3351.1;1.219
3351.6;1.608
3352.1;3.039
3352.6;1.283
3353.1;3.487
3353.6;0.56
3354.1;1.456
3354.6;6.436
3355.1;1.267
3355.6;2.056
3356.1;1.945
3356.6;2.743
3357.1;3.562
3357.6;0.765
3358.1;1.385
3358.6;1.196
3359.1;1.213
3359.6;0.938
3360.1;1.664
3360.6;1.753
3361.1;2.332
3361.6;2.286
3362.1;1.805
3362.6;0.855
3363.1;1.287
3363.6;5.198
3364.1;1.698
3364.6;3.083
3365.1;1.807
3365.6;2.791
3366.1;0.927
3366.6;1.916
3367.1;0.87
3367.6;3.484
3368.1;0.482
3368.6;0.63
3369.1;1.685
3369.6;1.809
3370.1;0.203
3370.6;1.779
3371.1;1.003
3371.6;1.581
3372.1;2.12
3372.6;1.607
3373.1;1.56
3373.6;2.727
3374.1;0.456
3374.6;1.792
3375.1;0.559
3375.6;0.458
3376.1;0.655
3376.6;2.709
3377.1;2.333
3377.6;2.861
3378.1;2.797
3378.6;1.124
3379.1;3.713
3379.6;2.997
3380.1;0.443
3380.6;1.351
3381.1;1.641
3381.6;1.22
3382.1;3.821
3382.6;1.503
3383.1;2.168
3383.6;1.433
3384.1;0.545
3384.6;0.985
3385.1;2.636
3385.6;2.101
3386.1;2.956
3386.6;0.618
3387.1;1.385
3387.6;1.215
3388.1;1.426
3388.6;0.97
3389.1;2.053
3389.6;0.598
3390.1;0.461
3390.6;2.117
3391.1;1.042
3391.6;1.731
3392.1;1.731
3392.6;0.891
3393.1;0.373
3393.6;1.031
3394.1;2.077
3394.6;2.268
3395.1;1.63
3395.6;3.236
3396.1;2.841
3396.6;2.429
3397.1;0.752
3397.6;1.92
3398.1;0.964
3398.6;4.154
3399.1;4.462
3399.6;0.496
3400.1;2.981
3400.6;3.552
3401.1;1.663
3401.6;2.806
3402.1;1.535
3402.6;1.618
3403.1;1.546
3403.6;2.286
3404.1;3.349
3404.6;1.895
3405.1;5.569
3405.6;3.624
3406.1;1.945
3406.6;5.568
3407.1;3.636
3407.6;2.836
3408.1;2.629
3408.6;2.283
3409.1;1.225
3409.6;0.888
3410.1;2.521
3410.6;2.042
3411.1;0.497
3411.6;2.152
3412.1;2.461
3412.6;1.854
3413.1;2.238
3413.6;0.618
3414.1;2.947
3414.6;1.176
3415.1;1.723
3415.6;1.347
3416.1;0.389
3416.6;1.85
3417.1;2.43
3417.6;2.891
3418.1;1.162
3418.6;3.016
3419.1;0.947
3419.6;1.587
3420.1;1.704
3420.6;2.394
3421.1;2.96
3421.6;0.866
3422.1;1.759
3422.6;1.042
3423.1;1.343
3423.6;1.386
3424.1;1.937
3424.6;2.36
3425.1;2.327
3425.6;1.861
3426.1;2.696
3426.6;2.179
3427.1;0.211
3427.6;2.435
3428.1;0.548
3428.6;1.125
3429.1;0.72
3429.6;0.628
3430.1;1.851
3430.6;2.449
3431.1;0.94
3431.6;0.771
3432.1;1.122
3432.6;2.842
3433.1;2.559
3433.6;0.845
3434.1;2.394
3434.6;2.146
3435.1;2.292
3435.6;1.983
3436.1;1.484
3436.6;0.7
3437.1;1.321
3437.6;0.925
3438.1;2.0
3438.6;0.319
3439.1;4.467
3439.6;0.913
3440.1;2.795
3440.6;1.846
3441.1;1.418
3441.6;1.982
3442.1;0.355
3442.6;0.229
3443.1;2.786
3443.6;3.51
3444.1;0.771
3444.6;3.084
3445.1;1.408
3445.6;2.072
3446.1;1.642
3446.6;0.373
3447.1;2.07
3447.6;3.98
3448.1;0.878
3448.6;1.62
3449.1;1.276
3449.6;3.711
3450.1;5.29
3450.6;1.594
3451.1;2.355
3451.6;0.184
3452.1;2.008
3452.6;2.417
3453.1;1.397
3453.6;2.277
3454.1;1.473
3454.6;4.631
3455.1;3.049
3455.6;1.998
3456.1;0.732
3456.6;1.529
3457.1;3.091
3457.6;2.338
3458.1;2.799
3458.6;1.979
3459.1;3.994
3459.6;0.819
3460.1;2.934
3460.6;3.502
3461.1;4.381
3461.6;5.527
3462.1;2.427
3462.6;1.147
3463.1;3.279
3463.6;0.794
3464.1;6.587
3464.6;2.277
3465.1;3.186
3465.6;11.25
3466.1;13.045
3466.6;7.678
3467.1;4.145
3467.6;4.062
3468.1;6.455
3468.6;9.293
3469.1;4.836
3469.6;3.449
3470.1;2.449
3470.6;7.319
3471.1;4.831
3471.6;7.036
3472.1;7.499
3472.6;5.404
3473.1;1.799
3473.6;3.84
3474.1;0.523
3474.6;4.139
3475.1;13.448
3475.6;8.756
3476.1;5.189
3476.6;3.084
3477.1;10.135
3477.6;9.416
3478.1;8.133
3478.6;21.944
3479.1;10.099
3479.6;7.624
3480.1;5.623
3480.6;5.025
3481.1;3.476
3481.6;26.966
3482.1;21.16
3482.6;3.317
3483.1;7.899
3483.6;6.614
3484.1;13.346
3484.6;3.38
3485.1;4.738
3485.6;5.086
3486.1;8.04
3486.6;7.385
3487.1;4.242
3487.6;6.295
3488.1;6.111
3488.6;1.407
3489.1;9.104
3489.6;2.887
3490.1;8.549
3490.6;4.922
3491.1;4.122
3491.6;4.013
3492.1;5.399
3492.6;5.719
3493.1;3.954
3493.6;5.373
3494.1;1.408
3494.6;0.786
3495.1;3.898
3495.6;4.75
3496.1;3.724
3496.6;4.02
3497.1;4.074
3497.6;1.723
3498.1;1.571
3498.6;2.914
3499.1;3.087
3499.6;1.932
3500.1;0.601
3500.6;2.112
3501.1;2.71
3501.6;1.575
3502.1;1.374
3502.6;1.474
3503.1;1.752
3503.6;1.984
3504.1;1.754
3504.6;3.294
3505.1;2.002
3505.6;2.275
3506.1;0.64
3506.6;0.864
3507.1;3.154
3507.6;0.553
3508.1;1.377
3508.6;2.448
3509.1;1.891
3509.6;0.865
3510.1;4.274
3510.6;1.952
3511.1;1.84
3511.6;3.073
3512.1;1.505
3512.6;1.892
3513.1;1.341
3513.6;2.156
3514.1;1.837
3514.6;1.865
3515.1;1.942
3515.6;1.27
3516.1;0.975
3516.6;1.999
3517.1;1.828
3517.6;0.98
3518.1;1.835
3518.6;2.008
3519.1;0.486
3519.6;2.963
3520.1;2.878
3520.6;0.497
3521.1;2.357
3521.6;0.869
3522.1;1.5
3522.6;2.259
3523.1;0.864
3523.6;1.332
3524.1;2.322
3524.6;2.057
3525.1;1.574
3525.6;0.345
3526.1;1.753
3526.6;2.533
3527.1;2.824
3527.6;2.608
3528.1;1.691
3528.6;0.922
3529.1;0.359
3529.6;2.819
3530.1;2.241
3530.6;1.887
3531.1;1.858
3531.6;1.647
3532.1;2.183
3532.6;1.429
3533.1;3.221
3533.6;2.487
3534.1;1.519
3534.6;1.81
3535.1;3.0
3535.6;2.67
3536.1;0.623
3536.6;1.06
3537.1;3.836
3537.6;0.85
3538.1;0.655
3538.6;1.324
3539.1;2.102
3539.6;2.575
3540.1;3.573
3540.6;2.581
3541.1;0.744
3541.6;2.696
3542.1;1.353
3542.6;1.678
3543.1;0.559
3543.6;1.495
3544.1;3.475
3544.6;2.417
3545.1;0.289
3545.6;1.651
3546.1;0.513
3546.6;1.745
3547.1;3.173
3547.6;1.373
3548.1;1.122
3548.6;0.636
3549.1;1.808
3549.6;0.651
3550.1;1.417
3550.6;2.08
3551.1;1.73
3551.6;0.819
3552.1;1.637
3552.6;0.836
3553.1;3.277
3553.6;1.407
3554.1;1.04
3554.6;0.343
3555.1;0.842
3555.6;1.939
3556.1;1.352
3556.6;2.313
3557.1;0.46
3557.6;1.548
3558.1;1.048
3558.6;0.923
3559.1;1.411
3559.6;1.245
3560.1;2.543
3560.6;1.868
3561.1;2.001
3561.6;2.657
3562.1;0.771
3562.6;3.982
3563.1;3.328
3563.6;3.375
3564.1;1.545
3564.6;1.374
3565.1;0.332
3565.6;1.861
3566.1;1.027
3566.6;0.711
3567.1;0.464
3567.6;2.314
3568.1;0.711
3568.6;1.703
3569.1;2.017
3569.6;1.486
3570.1;1.604
3570.6;1.192
3571.1;1.389
3571.6;0.761
3572.1;1.937
3572.6;1.544
3573.1;1.076
3573.6;0.487
3574.1;1.976
3574.6;1.606
3575.1;0.624
3575.6;0.749
3576.1;2.594
3576.6;0.873
3577.1;3.235
3577.6;2.71
3578.1;1.64
3578.6;1.11
3579.1;0.757
3579.6;1.404
3580.1;0.639
3580.6;2.238
3581.1;1.626
3581.6;1.74
3582.1;1.327
3582.6;2.607
3583.1;2.708
3583.6;1.661
3584.1;0.28
3584.6;0.556
3585.1;4.247
3585.6;1.849
3586.1;1.828
3586.6;3.41
3587.1;1.972
3587.6;1.599
3588.1;2.644
3588.6;2.053
3589.1;1.323
3589.6;2.599
3590.1;3.05
3590.6;1.238
3591.1;2.508
3591.6;2.369
3592.1;1.628
3592.6;0.545
3593.1;1.332
3593.6;0.399
3594.1;2.102
3594.6;1.672
3595.1;3.068
3595.6;1.032
3596.1;1.779
3596.6;2.464
3597.1;1.141
3597.6;0.549
3598.1;1.462
3598.6;1.959
3599.1;0.698
3599.6;0.935
3600.1;2.818
3600.6;0.73
3601.1;1.625
3601.6;1.825
3602.1;3.864
3602.6;0.8
3603.1;0.293
3603.6;3.05
3604.1;3.09
3604.6;1.035
3605.1;1.806
3605.6;3.028
3606.1;2.951
3606.6;1.741
3607.1;0.751
3607.6;1.274
3608.1;2.148
3608.6;2.363
3609.1;1.542
3609.6;1.679
3610.1;2.32
3610.6;0.983
3611.1;3.16
3611.6;1.736
3612.1;3.892
3612.6;2.464
3613.1;4.323
3613.6;1.352
3614.1;1.902
3614.6;1.871
3615.1;4.082
3615.6;1.987
3616.1;1.407
3616.6;3.061
3617.1;2.209
3617.6;2.603
3618.1;4.129
3618.6;3.586
3619.1;2.208
3619.6;3.293
3620.1;2.206
3620.6;2.362
3621.1;3.249
3621.6;0.938
3622.1;1.894
3622.6;3.552
3623.1;2.389
3623.6;1.526
3624.1;2.689
3624.6;2.406
3625.1;0.771
3625.6;0.799
3626.1;2.398
3626.6;3.674
3627.1;1.975
3627.6;2.531
3628.1;1.283
3628.6;2.162
3629.1;2.495
3629.6;2.292
3630.1;1.013
3630.6;1.884
3631.1;3.598
3631.6;3.412
3632.1;2.567
3632.6;1.423
3633.1;3.25
3633.6;1.623
3634.1;0.836
3634.6;0.426
3635.1;2.241
3635.6;1.972
3636.1;1.815
3636.6;1.268
3637.1;3.058
3637.6;1.946
3638.1;3.611
3638.6;3.434
3639.1;3.294
3639.6;1.235
3640.1;2.662
3640.6;5.226
3641.1;1.421
3641.6;3.953
3642.1;0.94
3642.6;4.046
3643.1;1.47
3643.6;4.929
3644.1;4.462
3644.6;1.715
3645.1;3.778
3645.6;1.826
3646.1;3.043
3646.6;0.838
3647.1;4.939
3647.6;4.16
3648.1;2.543
3648.6;2.791
3649.1;2.879
3649.6;0.677
3650.1;1.01
3650.6;1.55
3651.1;1.724
3651.6;2.828
3652.1;4.421
3652.6;3.015
3653.1;2.639
3653.6;1.729
3654.1;0.639
3654.6;1.302
3655.1;1.905
3655.6;3.367
3656.1;4.163
3656.6;3.397
3657.1;3.23
3657.6;4.523
3658.1;2.965
3658.6;4.278
3659.1;1.206
3659.6;1.958
3660.1;4.728
3660.6;4.691
3661.1;1.433
3661.6;3.539
3662.1;3.145
3662.6;2.113
3663.1;2.232
3663.6;3.715
3664.1;4.485
3664.6;3.67
3665.1;3.204
3665.6;4.035
3666.1;3.631
3666.6;2.873
3667.1;1.61
3667.6;1.087
3668.1;0.786
3668.6;5.083
3669.1;3.579
3669.6;3.749
3670.1;3.954
3670.6;5.4
3671.1;5.382
3671.6;2.954
3672.1;2.172
3672.6;4.961
3673.1;3.696
3673.6;5.834
3674.1;7.654
3674.6;3.368
3675.1;3.089
3675.6;3.108
3676.1;0.72
3676.6;3.06
3677.1;8.172
3677.6;6.6
3678.1;7.441
3678.6;8.209
3679.1;4.722
3679.6;5.052
3680.1;4.363
3680.6;2.06
3681.1;1.699
3681.6;5.398
3682.1;6.788
3682.6;6.206
3683.1;8.763
3683.6;8.695
3684.1;3.61
3684.6;4.498
3685.1;4.199
3685.6;6.446
3686.1;8.832
3686.6;8.329
3687.1;6.999
3687.6;4.948
3688.1;5.854
3688.6;5.611
3689.1;3.445
3689.6;2.921
3690.1;6.775
3690.6;8.885
3691.1;9.151
3691.6;9.514
3692.1;8.4
3692.6;5.208
3693.1;3.911
3693.6;2.617
3694.1;4.013
3694.6;6.295
3695.1;8.401
3695.6;8.99
3696.1;9.479
3696.6;6.103
3697.1;5.038
3697.6;3.46
3698.1;3.761
3698.6;5.37
3699.1;7.433
3699.6;7.145
3700.1;10.911
3700.6;11.067
3701.1;10.53
3701.6;7.672
3702.1;5.673
3702.6;4.584
3703.1;6.958
3703.6;8.926
3704.1;10.714
3704.6;13.361
3705.1;11.283
3705.6;11.982
3706.1;8.472
3706.6;6.484
3707.1;9.027
3707.6;9.889
3708.1;8.505
3708.6;11.69
3709.1;11.604
3709.6;9.791
3710.1;9.601
3710.6;6.233
3711.1;4.167
3711.6;4.413
3712.1;11.172
3712.6;8.725
3713.1;12.476
3713.6;13.461
3714.1;11.082
3714.6;9.315
3715.1;8.098
3715.6;8.022
3716.1;8.654
3716.6;11.793
3717.1;11.293
3717.6;15.178
3718.1;16.956
3718.6;16.488
3719.1;12.347
3719.6;11.809
3720.1;13.63
3720.6;9.16
3721.1;12.141
3721.6;13.555
3722.1;14.511
3722.6;11.825
3723.1;10.201
3723.6;5.492
3724.1;7.606
3724.6;8.959
3725.1;15.226
3725.6;13.122
3726.1;17.486
3726.6;16.16
3727.1;12.858
3727.6;13.155
3728.1;10.76
3728.6;6.728
3729.1;6.355
3729.6;12.168
3730.1;15.178
3730.6;15.981
3731.1;13.422
3731.6;14.3
3732.1;10.489
3732.6;5.54
3733.1;8.304
3733.6;10.289
3734.1;13.877
3734.6;10.229
3735.1;11.35
3735.6;13.113
3736.1;19.916
3736.6;14.087
3737.1;7.101
3737.6;11.435
3738.1;8.7
3738.6;7.598
3739.1;10.708
3739.6;20.315
3740.1;18.091
3740.6;14.428
3741.1;15.749
3741.6;13.811
3742.1;20.604
3742.6;18.774
3743.1;15.6
3743.6;13.199
3744.1;10.965
3744.6;14.366
3745.1;13.494
3745.6;13.552
3746.1;20.067
3746.6;20.899
3747.1;17.161
3747.6;18.568
3748.1;22.184
3748.6;12.55
3749.1;5.805
3749.6;10.071
3750.1;10.287
3750.6;4.483
3751.1;13.314
3751.6;15.47
3752.1;7.441
3752.6;9.717
3753.1;12.81
3753.6;7.817
3754.1;12.393
3754.6;18.152
3755.1;14.885
3755.6;15.298
3756.1;19.249
3756.6;20.325
3757.1;15.53
3757.6;12.756
3758.1;16.22
3758.6;6.962
3759.1;14.3
3759.6;20.597
3760.1;17.633
3760.6;13.952
3761.1;19.354
3761.6;12.316
3762.1;2.031
3762.6;7.582
3763.1;11.758
3763.6;8.474
3764.1;14.112
3764.6;19.141
3765.1;13.501
3765.6;6.773
3766.1;6.344
3766.6;7.942
3767.1;4.353
3767.6;11.695
3768.1;13.266
3768.6;9.848
3769.1;15.552
3769.6;19.386
3770.1;13.832
3770.6;12.426
3771.1;16.671
3771.6;15.803
3772.1;12.692
3772.6;16.034
3773.1;22.256
3773.6;18.252
3774.1;15.343
3774.6;14.761
3775.1;10.816
3775.6;10.131
3776.1;12.682
3776.6;16.559
3777.1;14.223
3777.6;17.571
3778.1;13.718
3778.6;13.41
3779.1;14.921
3779.6;14.178
3780.1;14.249
3780.6;13.897
3781.1;16.087
3781.6;16.43
3782.1;14.563
3782.6;14.6
3783.1;13.24
3783.6;12.486
3784.1;8.984
3784.6;4.718
3785.1;6.042
3785.6;6.744
3786.1;13.969
3786.6;15.295
3787.1;14.804
3787.6;13.486
3788.1;10.543
3788.6;9.251
3789.1;8.866
3789.6;9.096
3790.1;10.455
3790.6;7.025
3791.1;13.306
3791.6;13.726
3792.1;11.583
3792.6;8.897
3793.1;7.266
3793.6;6.805
3794.1;10.702
3794.6;7.474
3795.1;14.249
3795.6;18.535
3796.1;12.075
3796.6;6.812
3797.1;11.332
3797.6;13.081
3798.1;11.744
3798.6;11.167
3799.1;12.099
3799.6;13.794
3800.1;10.675
3800.6;7.251
3801.1;4.649
3801.6;13.831
3802.1;18.569
3802.6;10.723
3803.1;8.093
3803.6;12.396
3804.1;11.875
3804.6;4.52
3805.1;9.25
3805.6;8.424
3806.1;4.101
3806.6;7.017
3807.1;6.526
3807.6;8.773
3808.1;12.536
3808.6;10.766
3809.1;3.273
3809.6;3.077
3810.1;7.749
3810.6;6.432
3811.1;4.052
3811.6;11.725
3812.1;12.912
3812.6;10.638
3813.1;6.141
3813.6;7.18
3814.1;6.163
3814.6;4.644
3815.1;10.342
3815.6;12.273
3816.1;4.747
3816.6;9.353
3817.1;8.91
3817.6;6.456
3818.1;7.045
3818.6;6.86
3819.1;1.793
3819.6;3.344
3820.1;5.766
3820.6;4.998
3821.1;9.348
3821.6;9.843
3822.1;5.923
3822.6;4.951
3823.1;7.945
3823.6;6.376
3824.1;7.417
3824.6;6.692
3825.1;8.108
3825.6;7.585
3826.1;4.275
3826.6;7.813
3827.1;7.468
3827.6;4.708
3828.1;6.433
3828.6;8.732
3829.1;7.07
3829.6;7.507
3830.1;8.809
3830.6;9.217
3831.1;8.877
3831.6;9.09
3832.1;6.958
3832.6;9.237
3833.1;9.926
3833.6;5.288
3834.1;3.049
3834.6;3.905
3835.1;6.166
3835.6;5.441
3836.1;4.634
3836.6;3.698
3837.1;5.014
3837.6;3.925
3838.1;3.886
3838.6;3.43
3839.1;5.113
3839.6;6.206
3840.1;3.464
3840.6;1.916
3841.1;3.614
3841.6;3.019
3842.1;3.327
3842.6;3.323
3843.1;4.984
3843.6;5.801
3844.1;4.014
3844.6;3.468
3845.1;3.447
3845.6;3.136
3846.1;0.327
3846.6;1.806
3847.1;2.493
3847.6;2.451
3848.1;1.952
3848.6;1.924
3849.1;3.291
3849.6;4.006
3850.1;0.844
3850.6;2.655
3851.1;2.566
3851.6;1.529
3852.1;3.07
3852.6;1.438
3853.1;3.822
3853.6;0.815
3854.1;3.172
3854.6;1.509
3855.1;2.64
3855.6;1.039
3856.1;2.031
3856.6;2.135
3857.1;1.769
3857.6;3.457
3858.1;0.532
3858.6;2.583
3859.1;0.86
3859.6;3.852
3860.1;2.307
3860.6;0.73
3861.1;3.786
3861.6;2.455
3862.1;3.144
3862.6;1.893
3863.1;2.054
3863.6;0.689
3864.1;2.368
3864.6;2.945
3865.1;2.808
3865.6;1.138
3866.1;2.407
3866.6;1.249
3867.1;1.725
3867.6;2.525
3868.1;1.861
3868.6;2.711
3869.1;1.938
3869.6;3.978
3870.1;1.572
3870.6;2.536
3871.1;2.12
3871.6;4.43
3872.1;1.037
3872.6;0.907
3873.1;2.476
3873.6;3.821
3874.1;1.857
3874.6;2.126
3875.1;2.887
3875.6;1.406
3876.1;1.485
3876.6;1.219
3877.1;3.153
3877.6;3.19
3878.1;5.423
3878.6;3.196
3879.1;0.906
3879.6;4.086
3880.1;2.474
3880.6;1.742
3881.1;1.214
3881.6;5.128
3882.1;2.326
3882.6;3.276
3883.1;1.59
3883.6;2.197
3884.1;1.025
3884.6;2.851
3885.1;1.373
3885.6;3.5
3886.1;5.754
3886.6;4.622
3887.1;2.145
3887.6;2.385
3888.1;3.166
3888.6;2.966
3889.1;1.056
3889.6;0.966
3890.1;5.609
3890.6;2.589
3891.1;3.201
3891.6;0.555
3892.1;4.725
3892.6;3.704
3893.1;4.451
3893.6;3.139
3894.1;3.156
3894.6;4.366
3895.1;2.844
3895.6;2.895
3896.1;1.95
3896.6;4.62
3897.1;3.154
3897.6;3.001
3898.1;2.768
3898.6;5.556
3899.1;3.168
3899.6;2.37
3900.1;1.656
3900.6;3.942
3901.1;4.815
3901.6;5.742
3902.1;3.861
3902.6;2.321
3903.1;4.996
3903.6;0.607
3904.1;2.604
3904.6;1.198
3905.1;4.585
3905.6;2.486
3906.1;2.226
3906.6;6.841
3907.1;5.509
3907.6;3.005
3908.1;3.117
3908.6;0.724
3909.1;0.219
3909.6;4.25
3910.1;1.18
3910.6;3.655
3911.1;0.853
3911.6;3.783
3912.1;1.761
3912.6;1.816
3913.1;1.465
3913.6;2.005
3914.1;1.379
3914.6;1.598
3915.1;4.313
3915.6;5.109
3916.1;2.321
3916.6;1.172
3917.1;0.977
3917.6;1.304
3918.1;2.814
3918.6;0.513
3919.1;2.638
3919.6;2.429
3920.1;4.414
3920.6;3.082
3921.1;1.487
3921.6;0.148
3922.1;2.912
3922.6;0.863
3923.1;1.128
3923.6;1.052
3924.1;4.8
3924.6;1.297
3925.1;2.978
3925.6;1.05
3926.1;2.626
3926.6;1.777
3927.1;1.786
3927.6;2.57
3928.1;2.508
3928.6;4.32
3929.1;2.481
3929.6;4.498
3930.1;4.328
3930.6;2.172
3931.1;3.45
3931.6;3.946
3932.1;3.136
3932.6;3.825
3933.1;4.983
3933.6;6.227
3934.1;2.552
3934.6;2.321
3935.1;1.87
3935.6;5.26
3936.1;2.716
3936.6;1.821
3937.1;1.629
3937.6;1.146
3938.1;4.001
3938.6;2.227
3939.1;2.253
3939.6;7.656
3940.1;3.534
3940.6;6.262
3941.1;6.562
3941.6;4.385
3942.1;4.375
3942.6;6.897
3943.1;4.367
3943.6;3.907
3944.1;0.814
3944.6;2.804
3945.1;0.93
3945.6;3.825
3946.1;6.861
3946.6;6.124
3947.1;5.585
3947.6;0.898
3948.1;4.443
3948.6;3.218
3949.1;3.393
3949.6;2.564
3950.1;3.768
3950.6;4.922
3951.1;7.891
3951.6;9.162
3952.1;13.321
3952.6;7.478
3953.1;2.764
3953.6;7.949
3954.1;7.853
3954.6;8.76
3955.1;10.831
3955.6;9.311
3956.1;3.772
3956.6;1.593
3957.1;7.475
3957.6;6.143
3958.1;6.337
3958.6;9.039
3959.1;8.843
3959.6;7.678
3960.1;6.52
3960.6;10.833
3961.1;12.98
3961.6;1.966
3962.1;6.304
3962.6;1.071
3963.1;8.628
3963.6;4.909
3964.1;14.989
3964.6;7.947
3965.1;5.361
3965.6;13.487
3966.1;9.725
3966.6;12.335
3967.1;8.573
3967.6;9.477
3968.1;7.837
3968.6;4.865
3969.1;6.907
3969.6;9.009
3970.1;7.505
3970.6;10.179
3971.1;12.662
3971.6;8.927
3972.1;9.924
3972.6;10.93
3973.1;7.968
3973.6;6.133
3974.1;7.224
3974.6;4.367
3975.1;5.744
3975.6;2.76
3976.1;7.717
3976.6;4.349
3977.1;8.905
3977.6;4.672
3978.1;5.958
3978.6;1.554
3979.1;4.869
3979.6;3.779
3980.1;4.171
3980.6;4.504
3981.1;5.613
3981.6;6.004
3982.1;6.672
3982.6;8.65
3983.1;2.376
3983.6;6.379
3984.1;0.9
3984.6;4.231
3985.1;9.001
3985.6;6.208
3986.1;10.598
3986.6;3.645
3987.1;3.95
3987.6;3.945
3988.1;5.582
3988.6;6.634
3989.1;3.577
3989.6;4.765
3990.1;2.067
3990.6;9.016
3991.1;6.735
3991.6;14.154
3992.1;11.76
3992.6;8.145
3993.1;5.256
3993.6;6.227
3994.1;6.459
3994.6;10.492
3995.1;11.392
3995.6;12.686
3996.1;13.09
3996.6;10.889
3997.1;9.433
3997.6;8.561
3998.1;8.432
3998.6;7.957
3999.1;7.817
3999.6;8.419
4000.1;5.762
4000.6;3.656
4001.1;3.792
4001.6;5.465
4002.1;3.752
4002.6;2.274
4003.1;3.983
4003.6;4.131
4004.1;3.162
4004.6;1.803
4005.1;2.842
4005.6;2.378
4006.1;1.073
4006.6;0.432
4007.1;2.227
4007.6;2.475
4008.1;3.457
4008.6;1.052
4009.1;2.232
4009.6;2.213
4010.1;0.87
4010.6;1.804
4011.1;1.814
4011.6;1.919
4012.1;2.059
4012.6;2.006
4013.1;1.054
4013.6;0.823
4014.1;3.951
4014.6;0.472
4015.1;0.797
4015.6;2.598
4016.1;2.817
4016.6;0.531
4017.1;0.711
4017.6;1.576
4018.1;0.983
4018.6;1.689
4019.1;1.166
4019.6;0.627
4020.1;3.342
4020.6;4.389
4021.1;2.393
4021.6;2.975
4022.1;3.218
4022.6;5.184
4023.1;2.671
4023.6;3.392
4024.1;1.616
4024.6;4.328
4025.1;3.993
4025.6;0.803
4026.1;3.039
4026.6;1.003
4027.1;2.445
4027.6;2.079
4028.1;2.127
4028.6;0.918
4029.1;2.609
4029.6;5.015
4030.1;4.154
4030.6;2.922
4031.1;2.665
4031.6;1.024
4032.1;1.351
4032.6;4.991
4033.1;2.997
4033.6;0.079
4034.1;3.951
4034.6;1.208
4035.1;1.24
4035.6;2.087
4036.1;4.217
4036.6;2.868
4037.1;0.64
4037.6;2.162
4038.1;1.972
4038.6;0.628
4039.1;1.848
4039.6;1.174
4040.1;2.203
4040.6;0.777
4041.1;2.173
4041.6;1.088
4042.1;0.904
4042.6;2.406
4043.1;1.165
4043.6;0.829
4044.1;1.68
4044.6;0.261
4045.1;1.383
4045.6;0.826
4046.1;2.206
4046.6;3.789
4047.1;2.555
4047.6;1.387
4048.1;2.43
4048.6;3.041
4049.1;1.86
4049.6;1.742
4050.1;1.847
4050.6;0.65
4051.1;1.955
4051.6;2.41
4052.1;0.824
4052.6;1.078
4053.1;2.92
4053.6;3.182
4054.1;3.459
4054.6;2.687
4055.1;2.521
4055.6;2.826
4056.1;2.139
4056.6;1.51
4057.1;1.773
4057.6;2.424
4058.1;1.477
4058.6;3.393
4059.1;2.836
4059.6;1.722
4060.1;2.123
4060.6;2.845
4061.1;2.75
4061.6;2.177
4062.1;2.795
4062.6;2.144
4063.1;1.364
4063.6;2.367
4064.1;3.185
4064.6;1.976
4065.1;0.476
4065.6;2.841
4066.1;2.787
4066.6;2.144
4067.1;1.964
4067.6;2.621
4068.1;2.103
4068.6;0.991
4069.1;2.265
4069.6;1.118
4070.1;0.682
4070.6;1.526
4071.1;1.571
4071.6;1.109
4072.1;1.192
4072.6;2.3
4073.1;1.56
4073.6;2.541
4074.1;1.309
4074.6;1.432
4075.1;3.09
4075.6;2.884
4076.1;1.347
4076.6;0.91
4077.1;3.086
4077.6;0.963
4078.1;2.655
4078.6;2.238
4079.1;2.82
4079.6;4.061
4080.1;1.996
4080.6;2.537
4081.1;0.393
4081.6;2.087
4082.1;1.058
4082.6;1.604
4083.1;2.217
4083.6;0.927
4084.1;1.534
4084.6;2.637
4085.1;2.373
4085.6;0.788
4086.1;1.992
4086.6;2.876
4087.1;1.332
4087.6;2.241
4088.1;2.748
4088.6;0.325
4089.1;1.542
4089.6;1.123
4090.1;2.598
4090.6;1.458
4091.1;1.723
4091.6;1.139
4092.1;1.661
4092.6;1.247
4093.1;1.743
4093.6;2.083
4094.1;0.836
4094.6;2.852
4095.1;1.226
4095.6;0.566
4096.1;0.007
4096.6;1.106
4097.1;1.542
4097.6;2.657
4098.1;2.043
4098.6;1.992
4099.1;3.039
4099.6;0.88
4100.1;0.968
4100.6;0.396
4101.1;2.096
4101.6;2.024
4102.1;2.857
4102.6;0.636
4103.1;1.518
4103.6;2.687
4104.1;1.204
4104.6;1.135
4105.1;1.49
4105.6;2.468
4106.1;4.868
4106.6;1.341
4107.1;2.516
4107.6;2.949
4108.1;0.467
4108.6;1.596
4109.1;1.655
4109.6;2.187
4110.1;1.211
4110.6;3.429
4111.1;0.874
4111.6;1.987
4112.1;3.05
4112.6;0.599
4113.1;1.402
4113.6;0.049
4114.1;1.087
4114.6;1.175
4115.1;1.374
4115.6;0.759
4116.1;0.746
4116.6;0.537
4117.1;1.385
4117.6;1.414
4118.1;0.909
4118.6;1.116
4119.1;2.359
4119.6;0.727
4120.1;0.292
4120.6;1.221
4121.1;0.657
4121.6;2.026
4122.1;0.957
4122.6;1.592
4123.1;0.749
4123.6;0.951
4124.1;1.108
4124.6;0.976
4125.1;1.583
4125.6;1.074
4126.1;1.863
4126.6;0.147
4127.1;1.882
4127.6;2.275
4128.1;0.423
4128.6;0.912
4129.1;3.081
4129.6;1.371
4130.1;1.589
4130.6;1.98
4131.1;1.68
4131.6;0.772
4132.1;2.049
4132.6;2.322
4133.1;1.052
4133.6;2.692
4134.1;1.028
4134.6;1.585
4135.1;1.147
4135.6;0.382
4136.1;0.985
4136.6;1.574
4137.1;0.997
4137.6;1.864
4138.1;1.299
4138.6;1.491
4139.1;1.108
4139.6;1.324
4140.1;1.648
4140.6;0.742
4141.1;2.433
4141.6;1.039
4142.1;0.174
4142.6;0.811
4143.1;2.304
4143.6;1.34
4144.1;1.032
4144.6;1.066
4145.1;0.566
4145.6;1.868
4146.1;2.331
4146.6;1.401
4147.1;1.01
4147.6;0.247
4148.1;0.842
4148.6;1.556
4149.1;1.276
4149.6;0.617
4150.1;1.898
4150.6;0.947
4151.1;1.521
4151.6;0.368
4152.1;1.435
4152.6;1.02
4153.1;2.346
4153.6;2.327
4154.1;2.202
4154.6;3.39
4155.1;1.986
4155.6;2.358
4156.1;0.165
4156.6;1.846
4157.1;0.674
4157.6;1.693
4158.1;2.284
4158.6;0.969
4159.1;1.712
4159.6;1.244
4160.1;1.529
4160.6;0.522
4161.1;1.658
4161.6;3.2
4162.1;2.1
4162.6;1.889
4163.1;1.056
4163.6;1.329
4164.1;0.968
4164.6;2.561
4165.1;2.232
4165.6;1.841
4166.1;2.032
4166.6;1.38
4167.1;1.859
4167.6;0.75
4168.1;1.686
4168.6;1.853
4169.1;3.456
4169.6;2.352
4170.1;1.399
4170.6;1.486
4171.1;0.351
4171.6;1.02
4172.1;1.208
4172.6;1.727
4173.1;1.613
4173.6;0.781
4174.1;1.827
4174.6;1.931
4175.1;0.87
4175.6;1.348
4176.1;1.556
4176.6;0.875
4177.1;0.617
4177.6;1.329
4178.1;1.443
4178.6;1.576
4179.1;0.834
4179.6;1.989
4180.1;1.055
4180.6;0.418
4181.1;1.873
4181.6;1.422
4182.1;0.985
4182.6;1.671
4183.1;2.704
4183.6;1.114
4184.1;0.764
4184.6;1.235
4185.1;1.919
4185.6;1.05
4186.1;1.531
4186.6;1.405
4187.1;1.787
4187.6;1.977
4188.1;1.171
4188.6;1.513
4189.1;1.567
4189.6;0.927
4190.1;2.074
4190.6;0.558
4191.1;0.444
4191.6;2.086
4192.1;1.417
4192.6;1.482
4193.1;1.26
4193.6;2.031
4194.1;0.643
4194.6;1.506
4195.1;1.859
4195.6;1.545
4196.1;3.354
4196.6;1.387
4197.1;0.752
4197.6;2.353
4198.1;0.98
4198.6;1.125
4199.1;1.182
4199.6;2.574
4200.1;0.775
4200.6;2.119
4201.1;3.075
4201.6;0.489
4202.1;2.174
4202.6;2.061
4203.1;0.78
4203.6;1.082
4204.1;0.995
4204.6;2.118
4205.1;0.5
4205.6;1.236
4206.1;2.08
4206.6;2.028
4207.1;3.147
4207.6;1.309
4208.1;2.298
4208.6;1.725
4209.1;2.134
4209.6;0.746
4210.1;0.75
4210.6;2.732
4211.1;3.858
4211.6;0.733
4212.1;2.142
4212.6;0.388
4213.1;0.833
4213.6;1.499
4214.1;0.984
4214.6;1.333
4215.1;1.315
4215.6;2.735
4216.1;0.758
4216.6;2.758
4217.1;1.265
4217.6;1.635
4218.1;0.927
4218.6;2.199
4219.1;1.837
4219.6;2.185
4220.1;1.3
4220.6;2.53
4221.1;3.692
4221.6;3.099
4222.1;0.993
4222.6;2.653
4223.1;1.689
4223.6;1.737
4224.1;3.199
4224.6;3.351
4225.1;2.236
4225.6;1.645
4226.1;3.757
4226.6;0.181
4227.1;2.036
4227.6;1.168
4228.1;3.503
4228.6;4.536
4229.1;5.986
4229.6;2.899
4230.1;2.819
4230.6;3.06
4231.1;4.691
4231.6;3.24
4232.1;0.091
4232.6;2.851
4233.1;0.675
4233.6;2.678
4234.1;3.225
4234.6;3.847
4235.1;3.869
4235.6;6.241
4236.1;3.509
4236.6;0.286
4237.1;4.298
4237.6;0.622
4238.1;5.903
4238.6;10.924
4239.1;3.175
4239.6;6.37
4240.1;5.537
4240.6;2.59
4241.1;6.213
4241.6;4.067
4242.1;10.693
4242.6;9.565
4243.1;4.686
4243.6;5.109
4244.1;5.386
4244.6;1.568
4245.1;0.292
4245.6;3.154
4246.1;0.782
4246.6;4.167
4247.1;3.134
4247.6;5.297
4248.1;7.298
4248.6;2.044
4249.1;2.239
4249.6;1.638
4250.1;1.863
4250.6;2.588
4251.1;2.565
4251.6;3.489
4252.1;2.49
4252.6;1.571
4253.1;4.356
4253.6;1.819
4254.1;1.787
4254.6;2.201
4255.1;1.927
4255.6;0.337
4256.1;3.323
4256.6;0.591
4257.1;1.406
4257.6;4.619
4258.1;3.173
4258.6;1.279
4259.1;3.417
4259.6;1.644
4260.1;0.715
4260.6;1.369
4261.1;2.595
4261.6;2.016
4262.1;1.147
4262.6;2.01
4263.1;2.199
4263.6;2.791
4264.1;2.561
4264.6;2.768
4265.1;1.469
4265.6;1.683
4266.1;2.292
4266.6;0.493
4267.1;1.819
4267.6;1.63
4268.1;0.687
4268.6;1.016
4269.1;2.212
4269.6;0.655
4270.1;1.015
4270.6;1.975
4271.1;0.18
4271.6;0.14
4272.1;2.141
4272.6;1.809
4273.1;0.3
4273.6;1.343
4274.1;0.288
4274.6;0.719
4275.1;1.0
4275.6;1.537
4276.1;1.749
4276.6;2.205
4277.1;0.898
4277.6;0.998
4278.1;0.778
4278.6;0.532
4279.1;1.723
4279.6;1.564
4280.1;0.903
4280.6;2.022
4281.1;2.412
4281.6;0.285
4282.1;1.448
4282.6;0.724
4283.1;1.3
4283.6;0.82
4284.1;1.48
4284.6;0.626
4285.1;1.227
4285.6;0.701
4286.1;0.625
4286.6;1.224
4287.1;0.285
4287.6;1.245
4288.1;1.044
4288.6;1.701
4289.1;0.416
4289.6;0.442
4290.1;0.716
4290.6;0.756
4291.1;1.378
4291.6;0.459
4292.1;1.198
4292.6;1.003
4293.1;0.726
4293.6;0.316
4294.1;0.664
4294.6;1.35
4295.1;1.307
4295.6;0.98
4296.1;1.336
4296.6;0.72
4297.1;1.813
4297.6;1.248
4298.1;0.725
4298.6;0.559
4299.1;0.405
4299.6;1.36
4300.1;1.801
4300.6;0.498
4301.1;1.727
4301.6;0.618
4302.1;1.676
4302.6;0.388
4303.1;0.431
4303.6;1.914
4304.1;0.169
4304.6;0.763
4305.1;1.768
4305.6;1.447
4306.1;0.772
4306.6;0.789
4307.1;0.698
4307.6;0.758
4308.1;0.644
4308.6;2.354
4309.1;1.002
4309.6;0.493
4310.1;1.782
4310.6;1.558
4311.1;1.747
4311.6;1.531
4312.1;0.462
4312.6;0.167
4313.1;1.213
4313.6;1.895
4314.1;0.878
4314.6;0.729
4315.1;0.857
4315.6;0.455
4316.1;1.269
4316.6;0.736
4317.1;0.516
4317.6;0.871
4318.1;0.95
4318.6;0.712
4319.1;0.78
4319.6;1.452
4320.1;0.853
4320.6;0.989
4321.1;0.868
4321.6;0.477
4322.1;0.649
4322.6;1.513
4323.1;0.162
4323.6;0.598
4324.1;1.141
4324.6;1.024
4325.1;0.982
4325.6;0.619
4326.1;0.708
4326.6;1.028
4327.1;0.924
4327.6;1.79
4328.1;1.217
4328.6;0.503
4329.1;1.763
4329.6;0.757
4330.1;0.739
4330.6;0.86
4331.1;0.379
4331.6;0.367
4332.1;0.823
4332.6;0.628
4333.1;0.705
4333.6;2.401
4334.1;1.033
4334.6;1.924
4335.1;0.248
4335.6;0.573
4336.1;0.86
4336.6;0.866
4337.1;0.887
4337.6;0.711
4338.1;1.871
4338.6;0.717
4339.1;2.193
4339.6;0.028
4340.1;1.524
4340.6;1.364
4341.1;2.129
4341.6;1.827
4342.1;0.95
4342.6;0.912
4343.1;0.86
4343.6;0.712
4344.1;1.715
4344.6;1.544
4345.1;0.757
4345.6;1.721
4346.1;1.26
4346.6;0.32
4347.1;0.722
4347.6;2.24
4348.1;1.709
4348.6;0.527
4349.1;1.098
4349.6;0.865
4350.1;2.258
4350.6;0.431
4351.1;0.278
4351.6;0.453
4352.1;2.195
4352.6;0.627
4353.1;1.464
4353.6;1.819
4354.1;0.859
4354.6;0.685
4355.1;0.477
4355.6;0.596
4356.1;0.406
4356.6;1.505
4357.1;2.622
4357.6;1.634
4358.1;0.682
4358.6;0.549
4359.1;2.05
4359.6;2.121
4360.1;2.514
4360.6;2.541
4361.1;1.703
4361.6;0.369
4362.1;1.077
4362.6;1.471
4363.1;1.19
4363.6;1.286
4364.1;1.911
4364.6;0.995
4365.1;0.789
4365.6;1.582
4366.1;0.895
4366.6;1.233
4367.1;1.011
4367.6;1.444
4368.1;0.45
4368.6;1.44
4369.1;1.138
4369.6;1.305
4370.1;0.366
4370.6;0.675
4371.1;0.178
4371.6;0.495
4372.1;0.362
4372.6;0.626
4373.1;0.867
4373.6;0.779
4374.1;1.971
4374.6;1.003
4375.1;1.034
4375.6;1.096
4376.1;0.802
4376.6;0.381
4377.1;0.197
4377.6;1.374
4378.1;1.052
4378.6;1.063
4379.1;0.983
4379.6;2.052
4380.1;1.228
4380.6;0.984
4381.1;0.593
4381.6;2.597
4382.1;0.52
4382.6;0.311
4383.1;0.989
4383.6;0.767
4384.1;2.115
4384.6;0.946
4385.1;0.332
4385.6;0.461
4386.1;0.921
4386.6;0.152
4387.1;1.335
4387.6;0.845
4388.1;0.278
4388.6;1.169
4389.1;0.658
4389.6;0.594
4390.1;2.218
4390.6;0.491
4391.1;1.478
4391.6;1.093
4392.1;0.5
4392.6;1.108
4393.1;0.805
4393.6;0.696
4394.1;0.625
4394.6;0.405
4395.1;2.097
4395.6;1.834
4396.1;0.538
4396.6;0.353
4397.1;1.331
4397.6;1.82
4398.1;0.911
4398.6;1.107
4399.1;0.291
4399.6;2.156
4400.1;2.348
4400.6;2.197
4401.1;1.554
4401.6;2.09
4402.1;0.627
4402.6;1.114
4403.1;1.379
4403.6;0.756
4404.1;1.688
4404.6;0.663
4405.1;0.996
4405.6;0.527
4406.1;0.669
4406.6;0.941
4407.1;1.096
4407.6;1.186
4408.1;0.251
4408.6;0.656
4409.1;1.123
4409.6;1.546
4410.1;1.32
4410.6;0.554
4411.1;1.713
4411.6;1.934
4412.1;2.14
4412.6;1.482
4413.1;1.887
4413.6;1.376
4414.1;1.348
4414.6;1.618
4415.1;1.609
4415.6;1.013
4416.1;1.545
4416.6;1.251
4417.1;0.253
4417.6;1.444
4418.1;1.57
4418.6;1.601
4419.1;1.768
4419.6;0.329
4420.1;1.191
4420.6;0.955
4421.1;1.316
4421.6;1.199
4422.1;1.467
4422.6;0.11
4423.1;0.725
4423.6;0.969
4424.1;1.136
4424.6;1.56
4425.1;0.453
4425.6;1.448
4426.1;0.758
4426.6;0.475
4427.1;1.149
4427.6;1.07
4428.1;0.977
4428.6;1.273
4429.1;0.793
4429.6;1.556
4430.1;1.532
4430.6;0.949
4431.1;2.016
4431.6;0.892
4432.1;1.169
4432.6;0.473
4433.1;0.565
4433.6;1.551
4434.1;1.876
4434.6;0.441
4435.1;1.068
4435.6;0.755
4436.1;0.386
4436.6;1.38
4437.1;1.778
4437.6;1.516
4438.1;1.295
4438.6;1.012
4439.1;1.726
4439.6;1.208
4440.1;1.209
4440.6;1.239
4441.1;0.807
4441.6;0.371
4442.1;1.791
4442.6;0.774
4443.1;2.265
4443.6;1.503
4444.1;0.914
4444.6;0.938
4445.1;1.442
4445.6;1.607
4446.1;0.09
4446.6;0.199
4447.1;0.836
4447.6;1.587
4448.1;1.385
4448.6;0.463
4449.1;1.92
4449.6;2.121
4450.1;0.985
4450.6;1.447
4451.1;1.373
4451.6;3.881
4452.1;1.783
4452.6;1.479
4453.1;2.034
4453.6;1.765
4454.1;0.995
4454.6;1.189
4455.1;0.947
4455.6;0.099
4456.1;2.07
4456.6;2.967
4457.1;2.638
4457.6;1.264
4458.1;1.907
4458.6;2.163
4459.1;1.186
4459.6;1.474
4460.1;3.234
4460.6;2.002
4461.1;2.812
4461.6;2.05
4462.1;2.218
4462.6;3.012
4463.1;2.555
4463.6;1.809
4464.1;1.987
4464.6;4.054
4465.1;1.394
4465.6;1.422
4466.1;3.072
4466.6;2.087
4467.1;1.491
4467.6;3.532
4468.1;3.358
4468.6;2.3
4469.1;3.334
4469.6;3.443
4470.1;3.023
4470.6;3.877
4471.1;1.873
4471.6;0.19
4472.1;2.184
4472.6;2.882
4473.1;1.862
4473.6;2.164
4474.1;4.042
4474.6;2.671
4475.1;3.174
4475.6;4.152
4476.1;3.202
4476.6;1.399
4477.1;4.284
4477.6;4.309
4478.1;3.158
4478.6;3.966
4479.1;4.471
4479.6;2.733
4480.1;2.565
4480.6;2.162
4481.1;2.899
4481.6;2.756
4482.1;1.466
4482.6;1.253
4483.1;1.853
4483.6;1.291
4484.1;1.157
4484.6;2.305
4485.1;1.697
4485.6;1.072
4486.1;0.453
4486.6;2.064
4487.1;1.955
4487.6;0.394
4488.1;2.776
4488.6;4.235
4489.1;1.985
4489.6;2.732
4490.1;3.866
4490.6;0.466
4491.1;1.985
4491.6;4.02
4492.1;1.255
4492.6;0.58
4493.1;3.862
4493.6;2.601
4494.1;2.326
4494.6;3.129
4495.1;3.161
4495.6;1.404
4496.1;0.808
4496.6;2.813
4497.1;1.242
4497.6;0.665
4498.1;2.659
4498.6;2.911
4499.1;3.515
4499.6;2.376
4500.1;2.526
4500.6;4.732
4501.1;4.413
4501.6;3.442
4502.1;1.848
4502.6;1.099
4503.1;1.157
4503.6;0.637
4504.1;0.304
4504.6;0.497
4505.1;2.125
4505.6;2.603
4506.1;2.923
4506.6;2.416
4507.1;3.816
4507.6;4.45
4508.1;4.449
4508.6;3.343
4509.1;2.955
4509.6;2.894
4510.1;2.485
4510.6;2.597
4511.1;1.017
4511.6;2.319
4512.1;2.949
4512.6;4.76
4513.1;4.232
4513.6;2.088
4514.1;1.474
4514.6;1.958
4515.1;1.651
4515.6;1.468
4516.1;2.3
4516.6;1.391
4517.1;2.927
4517.6;2.824
4518.1;2.374
4518.6;2.144
4519.1;2.414
4519.6;1.776
4520.1;1.571
4520.6;1.597
4521.1;1.552
4521.6;1.339
4522.1;0.877
4522.6;0.513
4523.1;0.957
4523.6;2.081
4524.1;2.612
4524.6;0.686
4525.1;1.942
4525.6;1.164
4526.1;2.275
4526.6;1.855
4527.1;2.241
4527.6;2.084
4528.1;2.056
4528.6;2.061
4529.1;1.219
4529.6;1.829
4530.1;1.055
4530.6;2.883
4531.1;2.207
4531.6;1.035
4532.1;2.032
4532.6;1.395
4533.1;1.143
4533.6;0.332
4534.1;1.046
4534.6;1.17
4535.1;1.068
4535.6;1.502
4536.1;1.141
4536.6;0.915
4537.1;0.697
4537.6;0.788
4538.1;0.398
4538.6;0.294
4539.1;0.439
4539.6;1.072
4540.1;1.324
4540.6;0.409
4541.1;0.205
4541.6;1.763
4542.1;1.348
4542.6;0.358
4543.1;2.061
4543.6;0.872
4544.1;0.24
4544.6;1.334
4545.1;1.595
4545.6;0.945
4546.1;1.239
4546.6;0.993
4547.1;1.406
4547.6;0.789
4548.1;0.385
4548.6;1.373
4549.1;1.844
4549.6;0.52
4550.1;1.648
4550.6;1.147
4551.1;0.479
4551.6;0.295
4552.1;0.742
4552.6;0.599
4553.1;2.392
4553.6;0.747
4554.1;2.072
4554.6;1.466
4555.1;0.833
4555.6;1.425
4556.1;0.317
4556.6;0.759
4557.1;1.29
4557.6;1.485
4558.1;1.251
4558.6;2.1
4559.1;0.667
4559.6;1.684
4560.1;0.743
4560.6;1.49
4561.1;1.21
4561.6;1.34
4562.1;0.318
4562.6;1.673
4563.1;2.688
4563.6;0.508
4564.1;1.027
4564.6;1.289
4565.1;1.345
4565.6;0.992
4566.1;0.897
4566.6;3.168
4567.1;1.97
4567.6;1.563
4568.1;0.739
4568.6;1.263
4569.1;0.817
4569.6;0.481
4570.1;1.11
4570.6;0.374
4571.1;1.363
4571.6;0.527
4572.1;3.005
4572.6;0.286
4573.1;2.502
4573.6;0.721
4574.1;1.064
4574.6;2.154
4575.1;0.781
4575.6;3.199
4576.1;1.979
4576.6;2.901
4577.1;0.99
4577.6;3.398
4578.1;1.536
4578.6;0.983
4579.1;1.663
4579.6;2.473
4580.1;2.448
4580.6;1.616
4581.1;0.482
4581.6;2.21
4582.1;2.681
4582.6;1.603
4583.1;1.745
4583.6;1.269
4584.1;2.821
4584.6;2.995
4585.1;2.619
4585.6;1.254
4586.1;2.335
4586.6;1.196
4587.1;1.137
4587.6;3.991
4588.1;0.947
4588.6;5.697
4589.1;1.846
4589.6;1.971
4590.1;2.397
4590.6;0.978
4591.1;4.625
4591.6;0.404
4592.1;2.395
4592.6;1.61
4593.1;2.678
4593.6;4.5
4594.1;2.6
4594.6;0.322
4595.1;4.28
4595.6;1.901
4596.1;0.221
4596.6;4.257
4597.1;1.854
4597.6;6.124
4598.1;2.926
4598.6;2.68
4599.1;3.112
4599.6;5.195
4600.1;1.393
4600.6;0.923
4601.1;2.828
4601.6;1.675
4602.1;6.93
4602.6;3.018
4603.1;2.145
4603.6;3.372
4604.1;1.432
4604.6;2.219
4605.1;3.667
4605.6;0.487
4606.1;4.113
4606.6;2.372
4607.1;0.767
4607.6;3.617
4608.1;1.793
4608.6;2.066
4609.1;2.555
4609.6;1.329
4610.1;2.123
4610.6;3.347
4611.1;0.404
4611.6;1.131
4612.1;1.892
4612.6;1.643
4613.1;3.05
4613.6;0.196
4614.1;0.586
4614.6;4.015
4615.1;2.669
4615.6;2.605
4616.1;0.049
4616.6;1.413
4617.1;3.927
4617.6;2.663
4618.1;1.767
4618.6;1.406
4619.1;3.746
4619.6;3.557
4620.1;3.905
4620.6;3.147
4621.1;2.138
4621.6;4.041
4622.1;3.44
4622.6;1.845
4623.1;0.903
4623.6;3.617
4624.1;5.094
4624.6;1.918
4625.1;0.945
4625.6;4.204
4626.1;4.849
4626.6;4.199
4627.1;3.617
4627.6;1.332
4628.1;6.249
4628.6;4.92
4629.1;1.753
4629.6;1.817
4630.1;4.19
4630.6;4.126
4631.1;3.018
4631.6;1.775
4632.1;0.628
4632.6;4.75
4633.1;1.627
4633.6;2.034
4634.1;0.874
4634.6;2.952
4635.1;2.74
4635.6;1.471
4636.1;0.97
4636.6;3.366
4637.1;5.537
4637.6;1.115
4638.1;1.136
4638.6;3.256
4639.1;5.157
4639.6;0.861
4640.1;2.589
4640.6;3.026
4641.1;3.149
4641.6;3.515
4642.1;2.113
4642.6;3.637
4643.1;1.321
4643.6;2.22
4644.1;2.675
4644.6;4.311
4645.1;2.101
4645.6;3.944
4646.1;3.103
4646.6;3.295
4647.1;0.621
4647.6;1.677
4648.1;3.097
4648.6;1.703
4649.1;0.591
4649.6;2.547
4650.1;0.408
4650.6;1.337
4651.1;2.578
4651.6;2.217
4652.1;1.102
4652.6;2.556
4653.1;3.302
4653.6;1.387
4654.1;2.016
4654.6;1.66
4655.1;1.915
4655.6;4.525
4656.1;2.268
4656.6;3.672
4657.1;2.501
4657.6;2.972
4658.1;1.819
4658.6;1.472
4659.1;1.918
4659.6;1.617
4660.1;3.198
4660.6;3.915
4661.1;3.131
4661.6;4.964
4662.1;1.986
4662.6;2.945
4663.1;1.796
4663.6;2.492
4664.1;5.831
4664.6;3.253
4665.1;2.522
4665.6;4.369
4666.1;3.519
4666.6;0.585
4667.1;2.032
4667.6;2.38
4668.1;0.48
4668.6;3.097
4669.1;0.708
4669.6;3.048
4670.1;3.16
4670.6;0.989
4671.1;2.497
4671.6;0.578
4672.1;1.169
4672.6;1.153
4673.1;1.653
4673.6;4.286
4674.1;3.098
4674.6;2.092
4675.1;0.955
4675.6;1.755
4676.1;1.707
4676.6;1.541
4677.1;0.961
4677.6;0.595
4678.1;1.613
4678.6;2.953
4679.1;1.452
4679.6;1.142
4680.1;0.425
4680.6;1.035
4681.1;1.497
4681.6;2.945
4682.1;2.221
4682.6;2.739
4683.1;1.96
4683.6;0.936
4684.1;3.038
4684.6;2.11
4685.1;0.787
4685.6;1.285
4686.1;2.365
4686.6;1.774
4687.1;2.838
4687.6;1.697
4688.1;1.921
4688.6;1.199
4689.1;1.279
4689.6;0.951
4690.1;1.27
4690.6;0.35
4691.1;1.005
4691.6;1.209
4692.1;1.011
4692.6;0.918
4693.1;1.41
4693.6;1.312
4694.1;1.195
4694.6;1.022
4695.1;0.471
4695.6;0.785
4696.1;1.517
4696.6;2.147
4697.1;1.074
4697.6;0.522
4698.1;1.18
4698.6;0.482
4699.1;0.605
4699.6;2.129
4700.1;1.091
4700.6;1.185
4701.1;2.006
4701.6;0.752
4702.1;1.085
4702.6;1.174
4703.1;0.69
4703.6;0.715
4704.1;0.561
4704.6;0.487
4705.1;1.495
4705.6;2.307
4706.1;2.656
4706.6;2.191
4707.1;1.628
4707.6;1.112
4708.1;1.045
4708.6;2.235
4709.1;1.919
4709.6;2.608
4710.1;1.233
4710.6;2.912
4711.1;1.016
4711.6;1.002
4712.1;1.364
4712.6;1.104
4713.1;1.426
4713.6;1.099
4714.1;0.831
4714.6;1.054
4715.1;2.017
4715.6;0.286
4716.1;2.246
4716.6;1.248
4717.1;2.976
4717.6;2.386
4718.1;3.208
4718.6;1.656
4719.1;3.198
4719.6;2.576
4720.1;1.463
4720.6;1.326
4721.1;1.002
4721.6;1.273
4722.1;2.516
4722.6;3.579
4723.1;1.232
4723.6;1.47
4724.1;1.571
4724.6;0.674
4725.1;1.73
4725.6;0.441
4726.1;1.311
4726.6;0.313
4727.1;1.052
4727.6;1.361
4728.1;2.535
4728.6;1.485
4729.1;1.203
4729.6;1.544
4730.1;0.734
4730.6;1.687
4731.1;3.229
4731.6;1.242
4732.1;1.849
4732.6;3.402
4733.1;2.586
4733.6;2.901
4734.1;0.616
4734.6;0.366
4735.1;0.905
4735.6;1.111
4736.1;1.118
4736.6;0.794
4737.1;2.219
4737.6;3.204
4738.1;0.814
4738.6;1.413
4739.1;0.85
4739.6;2.052
4740.1;2.368
4740.6;1.249
4741.1;3.519
4741.6;1.862
4742.1;2.768
4742.6;0.525
4743.1;0.644
4743.6;2.254
4744.1;1.75
4744.6;3.434
4745.1;0.713
4745.6;0.291
4746.1;2.413
4746.6;3.21
4747.1;4.172
4747.6;2.296
4748.1;3.738
4748.6;5.043
4749.1;6.303
4749.6;4.516
4750.1;3.861
4750.6;1.821
4751.1;5.472
4751.6;2.774
4752.1;1.296
4752.6;0.753
4753.1;4.101
4753.6;3.483
4754.1;1.809
4754.6;0.248
4755.1;3.476
4755.6;5.383
4756.1;5.315
4756.6;4.123
4757.1;3.738
4757.6;2.586
4758.1;1.291
4758.6;1.687
4759.1;3.509
4759.6;6.056
4760.1;4.838
4760.6;5.201
4761.1;8.913
4761.6;11.651
4762.1;13.798
4762.6;17.342
4763.1;16.392
4763.6;12.594
4764.1;2.074
4764.6;8.861
4765.1;9.461
4765.6;11.35
4766.1;10.267
4766.6;10.184
4767.1;10.467
4767.6;9.05
4768.1;6.106
4768.6;4.979
4769.1;7.691
4769.6;6.4
4770.1;6.926
4770.6;6.828
4771.1;5.581
4771.6;5.896
4772.1;7.955
4772.6;10.959
4773.1;8.926
4773.6;6.132
4774.1;2.266
4774.6;4.713
4775.1;7.353
4775.6;7.5
4776.1;5.215
4776.6;3.464
4777.1;4.274
4777.6;5.312
4778.1;4.961
4778.6;3.491
4779.1;3.841
4779.6;3.098
4780.1;3.522
4780.6;2.95
4781.1;5.66
4781.6;5.675
4782.1;4.063
4782.6;3.675
4783.1;1.936
4783.6;2.095
4784.1;1.305
4784.6;1.064
4785.1;2.181
4785.6;2.37
4786.1;1.938
4786.6;2.566
4787.1;2.324
4787.6;2.311
4788.1;3.058
4788.6;2.775
4789.1;0.84
4789.6;1.742
4790.1;1.87
4790.6;0.63
4791.1;1.263
4791.6;0.523
4792.1;1.605
4792.6;1.247
4793.1;1.668
4793.6;1.156
4794.1;1.148
4794.6;1.588
4795.1;0.168
4795.6;0.75
4796.1;1.199
4796.6;0.261
4797.1;1.051
4797.6;1.321
4798.1;0.826
4798.6;1.068
4799.1;0.747
4799.6;1.384
4800.1;1.519
4800.6;0.499
4801.1;0.37
4801.6;1.518
4802.1;1.09
4802.6;0.422
4803.1;1.51
4803.6;0.917
4804.1;1.709
4804.6;0.393
4805.1;1.168
4805.6;0.5
4806.1;1.48
4806.6;0.685
4807.1;2.164
4807.6;1.361
4808.1;1.51
4808.6;1.734
4809.1;0.994
4809.6;2.686
4810.1;0.128
4810.6;1.102
4811.1;0.383
4811.6;1.272
4812.1;1.103
4812.6;1.085
4813.1;0.833
4813.6;1.541
4814.1;1.447
4814.6;1.626
4815.1;1.97
4815.6;0.367
4816.1;1.897
4816.6;1.875
4817.1;1.138
4817.6;1.051
4818.1;3.069
4818.6;0.417
4819.1;1.912
4819.6;1.974
4820.1;0.433
4820.6;1.124
4821.1;0.615
4821.6;1.204
4822.1;1.506
4822.6;2.965
4823.1;0.586
4823.6;1.97
4824.1;0.52
4824.6;1.487
4825.1;0.771
4825.6;1.206
4826.1;1.472
4826.6;1.333
4827.1;0.72
4827.6;0.887
4828.1;2.63
4828.6;0.852
4829.1;2.848
4829.6;1.646
4830.1;2.702
4830.6;1.549
4831.1;1.88
4831.6;0.747
4832.1;1.892
4832.6;0.988
4833.1;1.508
4833.6;1.373
4834.1;2.207
4834.6;2.238
4835.1;1.37
4835.6;1.263
4836.1;0.683
4836.6;1.962
4837.1;0.164
4837.6;1.99
4838.1;0.336
4838.6;1.948
4839.1;1.186
4839.6;1.531
4840.1;1.226
4840.6;0.435
4841.1;0.779
4841.6;0.839
4842.1;2.45
4842.6;0.3
4843.1;2.317
4843.6;0.523
4844.1;0.697
4844.6;1.901
4845.1;0.185
4845.6;0.256
4846.1;0.897
4846.6;1.536
4847.1;0.554
4847.6;1.056
4848.1;0.54
4848.6;0.928
4849.1;0.543
4849.6;0.983
4850.1;0.465
4850.6;1.234
4851.1;1.182
4851.6;1.647
4852.1;1.837
4852.6;0.925
4853.1;2.612
4853.6;1.076
4854.1;1.743
4854.6;1.05
4855.1;2.166
4855.6;0.632
4856.1;2.271
4856.6;1.205
4857.1;1.06
4857.6;0.909
4858.1;0.812
4858.6;0.983
4859.1;1.21
4859.6;1.686
4860.1;1.006
4860.6;1.395
4861.1;0.56
4861.6;2.263
4862.1;0.749
4862.6;0.95
4863.1;1.027
4863.6;1.586
4864.1;0.57
4864.6;0.982
4865.1;0.954
4865.6;0.623
4866.1;1.598
4866.6;2.037
4867.1;1.478
4867.6;1.173
4868.1;0.328
4868.6;0.32
4869.1;1.755
4869.6;1.599
4870.1;0.799
4870.6;0.475
4871.1;1.756
4871.6;0.686
4872.1;0.962
4872.6;1.374
4873.1;0.575
4873.6;0.782
4874.1;0.85
4874.6;1.714
4875.1;2.533
4875.6;2.06
4876.1;0.517
4876.6;1.241
4877.1;1.294
4877.6;0.972
4878.1;0.544
4878.6;1.016
4879.1;1.01
4879.6;0.998
4880.1;2.373
4880.6;1.194
4881.1;1.576
4881.6;0.868
4882.1;2.876
4882.6;0.665
4883.1;2.027
4883.6;0.335
4884.1;1.413
4884.6;1.038
4885.1;1.48
4885.6;1.354
4886.1;1.138
4886.6;2.385
4887.1;1.306
4887.6;2.312
4888.1;0.293
4888.6;2.806
4889.1;2.004
4889.6;1.264
4890.1;1.022
4890.6;0.491
4891.1;1.457
4891.6;1.156
4892.1;1.061
4892.6;0.709
4893.1;1.594
4893.6;0.881
4894.1;0.415
4894.6;0.272
4895.1;1.891
4895.6;0.66
4896.1;1.096
4896.6;1.424
4897.1;0.881
4897.6;1.52
4898.1;0.839
4898.6;0.951
4899.1;1.291
4899.6;0.253
4900.1;1.849
4900.6;1.076
4901.1;1.126
4901.6;1.715
4902.1;1.127
4902.6;0.831
4903.1;1.022
4903.6;0.782
4904.1;0.807
4904.6;0.386
4905.1;1.37
4905.6;0.744
4906.1;1.455
4906.6;0.288
4907.1;0.744
4907.6;0.871
4908.1;0.391
4908.6;1.891
4909.1;0.859
4909.6;1.361
4910.1;0.914
4910.6;2.074
4911.1;0.553
4911.6;0.979
4912.1;0.45
4912.6;0.47
4913.1;1.144
4913.6;0.562
4914.1;1.326
4914.6;0.714
4915.1;0.988
4915.6;0.518
4916.1;0.675
4916.6;0.976
4917.1;0.293
4917.6;0.637
4918.1;0.725
4918.6;0.924
4919.1;0.892
4919.6;0.319
4920.1;1.428
4920.6;1.015
4921.1;1.443
4921.6;0.692
4922.1;1.235
4922.6;0.916
4923.1;0.737
4923.6;1.351
4924.1;0.31
4924.6;1.49
4925.1;0.756
4925.6;0.815
4926.1;0.994
4926.6;0.91
4927.1;0.765
4927.6;0.729
4928.1;0.387
4928.6;0.833
4929.1;2.084
4929.6;0.552
4930.1;1.288
4930.6;0.879
4931.1;0.663
4931.6;0.678
4932.1;1.082
4932.6;0.943
4933.1;0.953
4933.6;0.648
4934.1;0.433
4934.6;0.585
4935.1;0.511
4935.6;0.238
4936.1;1.333
4936.6;0.397
4937.1;0.654
4937.6;0.568
4938.1;1.171
4938.6;0.363
4939.1;1.709
4939.6;0.729
4940.1;0.68
4940.6;1.003
4941.1;0.476
4941.6;1.536
4942.1;0.725
4942.6;1.365
4943.1;0.525
4943.6;0.67
4944.1;0.42
4944.6;0.364
4945.1;0.207
4945.6;0.524
4946.1;2.211
4946.6;0.511
4947.1;1.331
4947.6;1.105
4948.1;1.532
4948.6;0.17
4949.1;1.163
4949.6;1.009
4950.1;1.477
4950.6;2.366
4951.1;0.848
4951.6;1.436
4952.1;1.112
4952.6;1.596
4953.1;1.184
4953.6;0.641
4954.1;1.035
4954.6;1.528
4955.1;0.889
4955.6;0.529
4956.1;0.164
4956.6;1.012
4957.1;1.278
4957.6;1.128
4958.1;2.402
4958.6;1.925
4959.1;2.742
4959.6;0.513
4960.1;1.146
4960.6;1.474
4961.1;1.817
4961.6;2.582
4962.1;1.269
4962.6;1.885
4963.1;1.906
4963.6;2.504
4964.1;0.853
4964.6;3.443
4965.1;1.295
4965.6;2.432
4966.1;2.095
4966.6;0.51
4967.1;1.563
4967.6;1.37
4968.1;1.419
4968.6;2.5
4969.1;1.967
4969.6;1.296
4970.1;1.003
4970.6;0.692
4971.1;1.635
4971.6;0.905
4972.1;1.408
4972.6;1.494
4973.1;2.471
4973.6;0.69
4974.1;1.221
4974.6;0.914
4975.1;1.62
4975.6;1.074
4976.1;2.024
4976.6;1.313
4977.1;1.395
4977.6;1.068
4978.1;0.803
4978.6;1.204
4979.1;0.546
4979.6;1.832
4980.1;1.307
4980.6;0.497
4981.1;1.213
4981.6;0.73
4982.1;1.998
4982.6;1.568
4983.1;1.019
4983.6;0.439
4984.1;1.15
4984.6;1.351
4985.1;0.554
4985.6;0.667
4986.1;0.503
4986.6;2.042
4987.1;1.255
4987.6;0.877
4988.1;0.28
4988.6;0.874
4989.1;0.554
4989.6;1.257
4990.1;1.532
4990.6;0.448
4991.1;1.304
4991.6;1.314
4992.1;0.834
4992.6;1.155
4993.1;1.985
4993.6;0.548
4994.1;1.529
4994.6;1.07
4995.1;2.157
4995.6;0.864
4996.1;0.861
4996.6;2.359
4997.1;1.685
4997.6;1.227
4998.1;1.311
4998.6;2.451
4999.1;1.07
4999.6;2.312
5000.1;1.232
5000.6;1.166
5001.1;1.344
5001.6;1.234
5002.1;3.11
5002.6;2.737
5003.1;2.117
5003.6;2.382
5004.1;1.348
5004.6;2.483
5005.1;0.621
5005.6;1.597
5006.1;2.294
5006.6;2.856
5007.1;3.236
5007.6;1.256
5008.1;1.233
5008.6;0.685
5009.1;0.718
5009.6;2.144
5010.1;1.756
5010.6;1.244
5011.1;0.287
5011.6;1.619
5012.1;1.953
5012.6;1.105
5013.1;1.321
5013.6;1.189
5014.1;0.52
5014.6;1.965
5015.1;0.726
5015.6;1.417
5016.1;1.099
5016.6;1.013
5017.1;0.779
5017.6;0.616
5018.1;1.614
5018.6;0.701
5019.1;1.66
5019.6;1.408
5020.1;0.504
5020.6;1.414
5021.1;2.059
5021.6;1.557
5022.1;1.592
5022.6;1.703
5023.1;1.012
5023.6;1.924
5024.1;2.252
5024.6;1.455
5025.1;2.367
5025.6;1.159
5026.1;1.301
5026.6;0.296
5027.1;1.477
5027.6;1.335
5028.1;1.338
5028.6;0.37
5029.1;0.97
5029.6;2.153
5030.1;1.8
5030.6;2.066
5031.1;1.998
5031.6;0.624
5032.1;1.523
5032.6;0.249
5033.1;0.535
5033.6;1.477
5034.1;0.317
5034.6;1.409
5035.1;0.174
5035.6;1.176
5036.1;0.731
5036.6;0.655
5037.1;1.318
5037.6;0.636
5038.1;1.129
5038.6;0.496
5039.1;0.318
5039.6;1.039
5040.1;0.523
5040.6;1.263
5041.1;0.746
5041.6;0.93
5042.1;0.808
5042.6;1.329
5043.1;1.864
5043.6;1.04
5044.1;0.811
5044.6;0.709
5045.1;1.162
5045.6;1.211
5046.1;1.164
5046.6;2.428
5047.1;0.665
5047.6;1.43
5048.1;1.963
5048.6;0.762
5049.1;0.18
5049.6;1.281
5050.1;1.097
5050.6;0.435
5051.1;1.709
5051.6;2.609
5052.1;0.627
5052.6;1.728
5053.1;0.7
5053.6;1.192
5054.1;1.326
5054.6;0.705
5055.1;2.091
5055.6;0.835
5056.1;1.079
5056.6;0.512
5057.1;0.685
5057.6;1.176
5058.1;1.193
5058.6;1.421
5059.1;0.425
5059.6;0.961
5060.1;0.251
5060.6;1.107
5061.1;0.669
5061.6;0.755
5062.1;0.707
5062.6;0.751
5063.1;0.576
5063.6;0.239
5064.1;0.145
5064.6;0.566
5065.1;1.288
5065.6;0.962
5066.1;1.056
5066.6;2.843
5067.1;0.702
5067.6;0.891
5068.1;0.734
5068.6;1.161
5069.1;0.873
5069.6;1.866
5070.1;1.097
5070.6;1.346
5071.1;1.065
5071.6;0.226
5072.1;2.124
5072.6;0.899
5073.1;0.498
5073.6;1.104
5074.1;0.75
5074.6;1.318
5075.1;1.26
5075.6;1.64
5076.1;1.473
5076.6;0.415
5077.1;1.376
5077.6;2.34
5078.1;1.036
5078.6;1.327
5079.1;2.377
5079.6;0.976
5080.1;2.046
5080.6;2.155
5081.1;1.155
5081.6;1.445
5082.1;0.969
5082.6;0.877
5083.1;0.715
5083.6;0.909
5084.1;0.587
5084.6;1.197
5085.1;1.431
5085.6;0.45
5086.1;0.799
5086.6;1.344
5087.1;1.151
5087.6;1.281
5088.1;0.479
5088.6;0.948
5089.1;2.19
5089.6;0.306
5090.1;0.433
5090.6;2.577
5091.1;1.003
5091.6;0.741
5092.1;2.036
5092.6;2.439
5093.1;1.998
5093.6;1.563
5094.1;1.229
5094.6;2.74
5095.1;0.298
5095.6;2.245
5096.1;3.124
5096.6;2.072
5097.1;2.004
5097.6;2.483
5098.1;0.597
5098.6;0.539
5099.1;3.649
5099.6;2.414
5100.1;1.399
5100.6;0.82
5101.1;3.085
5101.6;2.187
5102.1;0.479
5102.6;2.738
5103.1;3.192
5103.6;1.806
5104.1;1.025
5104.6;1.646
5105.1;0.701
5105.6;0.633
5106.1;1.864
5106.6;0.588
5107.1;2.476
5107.6;3.22
5108.1;1.665
5108.6;0.553
5109.1;1.911
5109.6;3.024
5110.1;0.205
5110.6;1.493
5111.1;2.598
5111.6;1.216
5112.1;0.587
5112.6;1.904
5113.1;2.633
5113.6;1.162
5114.1;3.04
5114.6;2.728
5115.1;2.023
5115.6;1.202
5116.1;0.564
5116.6;1.985
5117.1;0.061
5117.6;2.407
5118.1;1.4
5118.6;0.392
5119.1;0.196
5119.6;0.678
5120.1;0.43
5120.6;0.64
5121.1;2.466
5121.6;1.765
5122.1;0.875
5122.6;1.11
5123.1;0.69
5123.6;0.694
5124.1;0.681
5124.6;1.049
5125.1;1.334
5125.6;1.071
5126.1;1.184
5126.6;1.404
5127.1;1.609
5127.6;1.645
5128.1;1.045
5128.6;0.366
5129.1;1.082
5129.6;2.071
5130.1;0.909
5130.6;0.72
5131.1;1.379
5131.6;0.652
5132.1;1.098
5132.6;1.06
5133.1;1.392
5133.6;0.925
5134.1;1.431
5134.6;1.376
5135.1;0.737
5135.6;1.55
5136.1;1.081
5136.6;0.711
5137.1;0.258
5137.6;1.828
5138.1;1.452
5138.6;0.714
5139.1;0.539
5139.6;1.449
5140.1;1.109
5140.6;0.4
5141.1;0.574
5141.6;0.489
5142.1;1.301
5142.6;0.742
5143.1;0.645
5143.6;0.55
5144.1;1.323
5144.6;0.805
5145.1;0.549
5145.6;0.815
5146.1;1.023
5146.6;0.49
5147.1;0.939
5147.6;0.342
5148.1;0.314
5148.6;0.994
5149.1;1.43
5149.6;0.748
5150.1;0.639
5150.6;0.343
5151.1;1.26
5151.6;0.203
5152.1;1.214
5152.6;0.943
5153.1;0.985
5153.6;1.095
5154.1;1.253
5154.6;1.131
5155.1;0.102
5155.6;0.649
5156.1;0.216
5156.6;1.244
5157.1;1.038
5157.6;0.768
5158.1;1.767
5158.6;0.978
5159.1;0.691
5159.6;0.326
5160.1;1.088
5160.6;1.054
5161.1;0.531
5161.6;0.51
5162.1;0.473
5162.6;0.714
5163.1;0.678
5163.6;0.722
5164.1;1.723
5164.6;0.452
5165.1;0.616
5165.6;0.788
5166.1;1.185
5166.6;0.627
5167.1;0.716
5167.6;1.411
5168.1;1.273
5168.6;0.444
5169.1;0.864
5169.6;1.572
5170.1;0.975
5170.6;0.155
5171.1;0.984
5171.6;0.988
5172.1;0.551
5172.6;0.887
5173.1;0.894
5173.6;1.075
5174.1;0.729
5174.6;1.032
5175.1;1.073
5175.6;0.607
5176.1;0.888
5176.6;0.301
5177.1;0.1
5177.6;0.684
5178.1;0.522
5178.6;0.449
5179.1;0.707
5179.6;0.808
5180.1;0.521
5180.6;1.387
5181.1;1.199
5181.6;1.122
5182.1;0.455
5182.6;0.85
5183.1;1.853
5183.6;0.458
5184.1;1.123
5184.6;1.924
5185.1;1.376
5185.6;0.909
5186.1;1.343
5186.6;1.12
5187.1;0.639
5187.6;1.231
5188.1;0.869
5188.6;0.602
5189.1;0.914
5189.6;1.462
5190.1;1.007
5190.6;1.312
5191.1;1.01
5191.6;0.554
5192.1;0.925
5192.6;1.433
5193.1;1.359
5193.6;0.577
5194.1;0.982
5194.6;1.415
5195.1;0.336
5195.6;0.639
5196.1;1.123
5196.6;1.229
5197.1;1.748
5197.6;1.177
5198.1;0.718
5198.6;2.122
5199.1;0.5
5199.6;0.345
5200.1;0.94
5200.6;2.18
5201.1;0.137
5201.6;1.083
5202.1;1.726
5202.6;1.153
5203.1;0.853
5203.6;1.627
5204.1;1.959
5204.6;1.139
5205.1;1.702
5205.6;0.602
5206.1;0.244
5206.6;0.83
5207.1;1.489
5207.6;1.096
5208.1;0.586
5208.6;1.318
5209.1;0.72
5209.6;1.352
5210.1;0.711
5210.6;1.265
5211.1;1.818
5211.6;0.344
5212.1;1.008
5212.6;0.596
5213.1;1.672
5213.6;0.49
5214.1;0.239
5214.6;0.62
5215.1;1.333
5215.6;0.686
5216.1;0.959
5216.6;0.957
5217.1;0.75
5217.6;1.22
5218.1;1.228
5218.6;0.535
5219.1;0.713
5219.6;1.902
5220.1;1.281
5220.6;0.235
5221.1;0.274
5221.6;1.216
5222.1;1.328
5222.6;2.031
5223.1;0.257
5223.6;0.874
5224.1;1.665
5224.6;0.801
5225.1;1.318
5225.6;1.501
5226.1;1.523
5226.6;0.479
5227.1;1.011
5227.6;0.768
5228.1;1.291
5228.6;0.918
5229.1;1.497
5229.6;1.135
5230.1;0.283
5230.6;1.695
5231.1;0.639
5231.6;1.211
5232.1;1.185
5232.6;0.579
5233.1;0.793
5233.6;1.01
5234.1;1.058
5234.6;0.981
5235.1;0.587
5235.6;0.39
5236.1;0.453
5236.6;0.71
5237.1;1.368
5237.6;0.605
5238.1;1.23
5238.6;0.88
5239.1;0.363
5239.6;0.94
5240.1;0.425
5240.6;0.516
5241.1;0.81
5241.6;0.579
5242.1;0.839
5242.6;0.859
5243.1;0.779
5243.6;0.184
5244.1;0.529
5244.6;0.577
5245.1;0.775
5245.6;0.826
5246.1;0.848
5246.6;1.009
5247.1;0.301
5247.6;0.873
5248.1;0.467
5248.6;0.554
5249.1;0.124
5249.6;0.845
5250.1;0.621
5250.6;0.943
5251.1;0.366
5251.6;0.274
5252.1;0.915
5252.6;1.082
5253.1;0.236
5253.6;1.02
5254.1;0.735
5254.6;0.114
5255.1;1.345
5255.6;0.185
5256.1;1.482
5256.6;1.7
5257.1;1.101
5257.6;0.989
5258.1;0.319
5258.6;0.739
5259.1;2.735
5259.6;0.42
5260.1;0.917
5260.6;1.576
5261.1;1.0
5261.6;1.447
5262.1;0.869
5262.6;2.746
5263.1;2.037
5263.6;1.416
5264.1;1.562
5264.6;1.262
5265.1;0.61
5265.6;1.199
5266.1;0.257
5266.6;1.472
5267.1;0.85
5267.6;1.419
5268.1;0.546
5268.6;0.607
5269.1;1.053
5269.6;0.691
5270.1;0.804
5270.6;0.444
5271.1;1.738
5271.6;1.419
5272.1;0.855
5272.6;1.498
5273.1;1.539
5273.6;0.287
5274.1;1.28
5274.6;1.121
5275.1;0.41
5275.6;2.145
5276.1;0.619
5276.6;0.027
5277.1;1.777
5277.6;0.375
5278.1;1.458
5278.6;1.01
5279.1;1.187
5279.6;0.537
5280.1;1.644
5280.6;0.915
5281.1;1.647
5281.6;2.358
5282.1;0.28
5282.6;1.907
5283.1;1.001
5283.6;1.626
5284.1;0.971
5284.6;0.795
5285.1;0.824
5285.6;1.899
5286.1;1.554
5286.6;0.617
5287.1;2.001
5287.6;0.348
5288.1;0.641
5288.6;1.791
5289.1;1.091
5289.6;0.315
5290.1;0.711
5290.6;0.887
5291.1;0.834
5291.6;1.964
5292.1;0.087
5292.6;0.839
5293.1;1.939
5293.6;1.018
5294.1;0.203
5294.6;2.23
5295.1;1.011
5295.6;1.354
5296.1;1.497
5296.6;0.51
5297.1;1.31
5297.6;1.448
5298.1;1.266
5298.6;1.391
5299.1;2.34
5299.6;0.813
5300.1;0.924
5300.6;0.71
5301.1;1.264
5301.6;1.278
5302.1;0.801
5302.6;0.855
5303.1;1.484
5303.6;0.486
5304.1;0.248
5304.6;0.467
5305.1;0.086
5305.6;0.539
5306.1;0.997
5306.6;0.967
5307.1;2.154
5307.6;1.466
5308.1;1.261
5308.6;2.549
5309.1;1.078
5309.6;1.38
5310.1;1.296
5310.6;1.719
5311.1;0.817
5311.6;1.073
5312.1;0.854
5312.6;1.492
5313.1;1.579
5313.6;1.057
5314.1;1.231
5314.6;1.328
5315.1;0.509
5315.6;1.223
5316.1;2.375
5316.6;1.786
5317.1;1.65
5317.6;1.751
5318.1;1.197
5318.6;1.785
5319.1;1.246
5319.6;1.724
5320.1;0.7
5320.6;1.14
5321.1;0.522
5321.6;1.852
5322.1;2.273
5322.6;2.574
5323.1;3.284
5323.6;2.325
5324.1;2.149
5324.6;1.224
5325.1;2.67
5325.6;0.95
5326.1;1.482
5326.6;2.328
5327.1;2.078
5327.6;1.602
5328.1;2.985
5328.6;2.304
5329.1;2.29
5329.6;1.696
5330.1;0.861
5330.6;0.971
5331.1;1.565
5331.6;2.236
5332.1;2.063
5332.6;1.087
5333.1;0.832
5333.6;1.779
5334.1;0.948
5334.6;1.67
5335.1;2.669
5335.6;1.981
5336.1;1.429
5336.6;3.945
5337.1;1.224
5337.6;1.633
5338.1;3.757
5338.6;1.139
5339.1;3.055
5339.6;3.139
5340.1;2.981
5340.6;2.651
5341.1;1.261
5341.6;2.067
5342.1;0.39
5342.6;1.942
5343.1;2.618
5343.6;0.936
5344.1;3.397
5344.6;3.56
5345.1;3.099
5345.6;2.45
5346.1;2.525
5346.6;2.925
5347.1;2.939
5347.6;1.671
5348.1;1.855
5348.6;1.137
5349.1;2.991
5349.6;3.516
5350.1;2.358
5350.6;2.011
5351.1;1.776
5351.6;2.591
5352.1;1.661
5352.6;3.026
5353.1;2.706
5353.6;1.745
5354.1;0.972
5354.6;0.628
5355.1;0.532
5355.6;2.901
5356.1;5.325
5356.6;5.999
5357.1;5.877
5357.6;5.08
5358.1;4.452
5358.6;3.172
5359.1;2.418
5359.6;3.923
5360.1;4.833
5360.6;5.464
5361.1;5.494
5361.6;6.888
5362.1;6.753
5362.6;4.883
5363.1;4.021
5363.6;3.83
5364.1;3.586
5364.6;2.621
5365.1;3.078
5365.6;3.953
5366.1;4.457
5366.6;3.826
5367.1;3.805
5367.6;1.975
5368.1;1.143
5368.6;1.892
5369.1;1.671
5369.6;2.723
5370.1;4.146
5370.6;3.083
5371.1;3.938
5371.6;2.991
5372.1;3.358
5372.6;4.742
5373.1;1.895
5373.6;2.171
5374.1;1.777
5374.6;1.1
5375.1;1.443
5375.6;2.423
5376.1;1.885
5376.6;1.768
5377.1;0.246
5377.6;2.18
5378.1;1.821
5378.6;0.758
5379.1;1.442
5379.6;0.791
5380.1;0.582
5380.6;1.006
5381.1;1.121
5381.6;1.239
5382.1;0.812
5382.6;0.419
5383.1;1.364
5383.6;0.478
5384.1;0.724
5384.6;0.231
5385.1;1.27
5385.6;0.833
5386.1;1.375
5386.6;0.827
5387.1;0.768
5387.6;1.144
5388.1;0.68
5388.6;1.571
5389.1;0.382
5389.6;1.185
5390.1;1.11
5390.6;0.383
5391.1;0.721
5391.6;1.395
5392.1;1.175
5392.6;0.642
5393.1;0.73
5393.6;1.573
5394.1;0.392
5394.6;1.072
5395.1;0.61
5395.6;0.751
5396.1;1.357
5396.6;0.795
5397.1;0.216
5397.6;0.621
5398.1;0.411
5398.6;0.922
5399.1;1.005
5399.6;1.26
5400.1;1.232
5400.6;1.257
5401.1;0.799
5401.6;2.135
5402.1;2.177
5402.6;1.116
5403.1;0.602
5403.6;1.165
5404.1;1.572
5404.6;1.573
5405.1;0.783
5405.6;1.95
5406.1;1.969
5406.6;1.043
5407.1;0.684
5407.6;1.28
5408.1;1.939
5408.6;2.522
5409.1;2.494
5409.6;1.791
5410.1;1.66
5410.6;1.75
5411.1;0.497
5411.6;0.751
5412.1;0.429
5412.6;2.489
5413.1;2.208
5413.6;0.546
5414.1;1.776
5414.6;1.369
5415.1;0.886
5415.6;0.881
5416.1;0.797
5416.6;1.308
5417.1;1.142
5417.6;1.689
5418.1;1.064
5418.6;1.039
5419.1;1.793
5419.6;1.009
5420.1;0.537
5420.6;0.978
5421.1;2.285
5421.6;2.001
5422.1;1.389
5422.6;1.849
5423.1;0.6
5423.6;1.238
5424.1;1.291
5424.6;0.769
5425.1;0.436
5425.6;1.79
5426.1;2.411
5426.6;1.782
5427.1;0.828
5427.6;1.648
5428.1;1.264
5428.6;0.085
5429.1;0.768
5429.6;1.721
5430.1;3.145
5430.6;4.38
5431.1;2.622
5431.6;2.11
5432.1;2.251
5432.6;1.64
5433.1;0.901
5433.6;1.958
5434.1;2.594
5434.6;2.799
5435.1;2.706
5435.6;2.079
5436.1;1.462
5436.6;0.685
5437.1;1.354
5437.6;1.762
5438.1;0.51
5438.6;1.387
5439.1;2.393
5439.6;1.009
5440.1;0.537
5440.6;0.853
5441.1;2.056
5441.6;1.442
5442.1;1.355
5442.6;0.965
5443.1;0.734
5443.6;1.623
5444.1;1.409
5444.6;1.175
5445.1;0.75
5445.6;1.57
5446.1;0.887
5446.6;1.327
5447.1;0.965
5447.6;0.244
5448.1;1.251
5448.6;0.663
5449.1;1.516
5449.6;1.157
5450.1;0.631
5450.6;1.652
5451.1;0.47
5451.6;1.31
5452.1;0.746
5452.6;0.959
5453.1;0.865
5453.6;0.844
5454.1;0.963
5454.6;1.247
5455.1;1.102
5455.6;0.603
5456.1;0.916
5456.6;0.552
5457.1;1.071
5457.6;0.605
5458.1;1.796
5458.6;0.852
5459.1;1.826
5459.6;1.249
5460.1;1.929
5460.6;0.301
5461.1;2.745
5461.6;0.354
5462.1;2.039
5462.6;1.875
5463.1;0.688
5463.6;1.98
5464.1;2.699
5464.6;2.955
5465.1;0.339
5465.6;3.58
5466.1;1.506
5466.6;2.91
5467.1;3.419
5467.6;2.734
5468.1;2.16
5468.6;3.342
5469.1;2.974
5469.6;0.406
5470.1;2.776
5470.6;0.804
5471.1;1.066
5471.6;2.298
5472.1;2.034
5472.6;1.767
5473.1;1.757
5473.6;3.584
5474.1;1.482
5474.6;1.523
5475.1;2.457
5475.6;0.672
5476.1;1.264
5476.6;2.564
5477.1;2.76
5477.6;0.57
5478.1;1.474
5478.6;2.941
5479.1;1.958
5479.6;2.128
5480.1;1.98
5480.6;0.48
5481.1;1.831
5481.6;1.649
5482.1;2.369
5482.6;1.611
5483.1;1.317
5483.6;1.628
5484.1;0.324
5484.6;2.423
5485.1;1.229
5485.6;1.032
5486.1;0.578
5486.6;1.562
5487.1;2.778
5487.6;0.581
5488.1;1.863
5488.6;2.03
5489.1;1.481
5489.6;1.448
5490.1;2.342
5490.6;2.444
5491.1;1.495
5491.6;3.019
5492.1;1.342
5492.6;1.259
5493.1;1.317
5493.6;1.957
5494.1;1.273
5494.6;2.754
5495.1;2.368
5495.6;1.214
5496.1;1.898
5496.6;1.572
5497.1;0.983
5497.6;1.084
5498.1;1.83
5498.6;1.359
5499.1;1.607
5499.6;2.295
5500.1;1.393
5500.6;0.467
5501.1;0.413
5501.6;0.597
5502.1;1.07
5502.6;0.293
5503.1;1.116
5503.6;1.421
5504.1;1.129
5504.6;1.491
5505.1;1.926
5505.6;1.318
5506.1;1.117
5506.6;0.622
5507.1;2.166
5507.6;1.248
5508.1;1.181
5508.6;1.277
5509.1;0.418
5509.6;0.426
5510.1;2.682
5510.6;1.537
5511.1;1.001
5511.6;1.957
5512.1;1.491
5512.6;1.267
5513.1;0.763
5513.6;3.103
5514.1;1.214
5514.6;1.633
5515.1;1.34
5515.6;2.208
5516.1;2.008
5516.6;1.191
5517.1;3.669
5517.6;2.998
5518.1;3.175
5518.6;2.803
5519.1;2.239
5519.6;2.588
5520.1;3.734
5520.6;1.913
5521.1;4.312
5521.6;4.208
5522.1;1.642
5522.6;1.17
5523.1;4.753
5523.6;3.695
5524.1;4.084
5524.6;4.26
5525.1;2.053
5525.6;3.788
5526.1;2.935
5526.6;5.328
5527.1;1.955
5527.6;3.878
5528.1;3.83
5528.6;0.61
5529.1;3.034
5529.6;1.414
5530.1;4.85
5530.6;2.816
5531.1;1.626
5531.6;4.324
5532.1;1.631
5532.6;1.994
5533.1;0.759
5533.6;2.718
5534.1;3.922
5534.6;1.204
5535.1;1.798
5535.6;2.811
5536.1;4.273
5536.6;5.458
5537.1;5.048
5537.6;5.618
5538.1;3.529
5538.6;2.202
5539.1;6.263
5539.6;5.907
5540.1;8.81
5540.6;6.64
5541.1;5.168
5541.6;4.714
5542.1;6.742
5542.6;4.043
5543.1;4.498
5543.6;7.853
5544.1;4.505
5544.6;4.96
5545.1;8.593
5545.6;10.961
5546.1;6.758
5546.6;8.487
5547.1;11.165
5547.6;6.366
5548.1;8.213
5548.6;4.424
5549.1;4.368
5549.6;4.852
5550.1;5.846
5550.6;4.876
5551.1;1.328
5551.6;4.584
5552.1;4.824
5552.6;3.801
5553.1;2.812
5553.6;2.656
5554.1;4.229
5554.6;3.164
5555.1;5.312
5555.6;3.458
5556.1;1.335
5556.6;4.237
5557.1;2.414
5557.6;2.196
5558.1;2.815
5558.6;1.47
5559.1;3.951
5559.6;5.612
5560.1;6.553
5560.6;7.197
5561.1;10.089
5561.6;14.519
5562.1;11.083
5562.6;11.761
5563.1;10.826
5563.6;10.749
5564.1;10.391
5564.6;10.839
5565.1;9.152
5565.6;6.576
5566.1;7.93
5566.6;8.875
5567.1;9.342
5567.6;10.576
5568.1;10.427
5568.6;6.898
5569.1;5.539
5569.6;9.545
5570.1;5.95
5570.6;6.431
5571.1;7.545
5571.6;4.63
5572.1;3.406
5572.6;5.811
5573.1;5.263
5573.6;6.096
5574.1;9.045
5574.6;7.458
5575.1;4.293
5575.6;6.966
5576.1;6.433
5576.6;5.394
5577.1;3.319
5577.6;6.035
5578.1;3.25
5578.6;1.745
5579.1;6.11
5579.6;5.7
5580.1;2.86
5580.6;3.634
5581.1;6.277
5581.6;2.288
5582.1;2.789
5582.6;4.796
5583.1;3.89
5583.6;3.514
5584.1;3.53
5584.6;1.949
5585.1;1.125
5585.6;4.779
5586.1;5.942
5586.6;2.515
5587.1;2.04
5587.6;4.31
5588.1;2.796
5588.6;2.724
5589.1;3.284
5589.6;3.98
5590.1;0.41
5590.6;4.5
5591.1;4.577
5591.6;1.504
5592.1;2.544
5592.6;2.635
5593.1;1.873
5593.6;1.417
5594.1;3.566
5594.6;3.27
5595.1;2.924
5595.6;4.718
5596.1;1.869
5596.6;1.404
5597.1;2.541
5597.6;1.409
5598.1;3.138
5598.6;1.67
5599.1;1.882
5599.6;2.539
5600.1;2.459
5600.6;1.397
5601.1;2.68
5601.6;2.222
5602.1;3.778
5602.6;4.141
5603.1;3.444
5603.6;1.682
5604.1;2.046
5604.6;1.844
5605.1;1.26
5605.6;3.316
5606.1;1.561
5606.6;4.535
5607.1;1.598
5607.6;1.442
5608.1;1.502
5608.6;2.295
5609.1;1.29
5609.6;1.794
5610.1;1.064
5610.6;2.566
5611.1;3.02
5611.6;1.562
5612.1;1.796
5612.6;1.866
5613.1;0.945
5613.6;0.537
5614.1;2.814
5614.6;1.791
5615.1;2.406
5615.6;1.573
5616.1;3.214
5616.6;1.604
5617.1;3.471
5617.6;1.653
5618.1;0.655
5618.6;1.464
5619.1;1.507
5619.6;2.526
5620.1;2.886
5620.6;2.901
5621.1;2.19
5621.6;1.276
5622.1;0.635
5622.6;1.075
5623.1;1.073
5623.6;1.286
5624.1;2.327
5624.6;2.693
5625.1;3.824
5625.6;3.342
5626.1;2.503
5626.6;1.548
5627.1;2.197
5627.6;1.43
5628.1;1.017
5628.6;1.597
5629.1;2.659
5629.6;2.397
5630.1;2.336
5630.6;1.115
5631.1;0.745
5631.6;1.554
5632.1;2.158
5632.6;2.256
5633.1;1.963
5633.6;4.737
5634.1;4.567
5634.6;2.429
5635.1;1.464
5635.6;0.345
5636.1;2.49
5636.6;2.237
5637.1;3.954
5637.6;4.218
5638.1;4.121
5638.6;4.08
5639.1;3.608
5639.6;2.379
5640.1;1.237
5640.6;2.712
5641.1;3.452
5641.6;1.979
5642.1;3.113
5642.6;4.05
5643.1;2.208
5643.6;1.861
5644.1;1.075
5644.6;0.784
5645.1;1.715
5645.6;3.008
5646.1;3.816
5646.6;3.822
5647.1;5.733
5647.6;5.869
5648.1;3.963
5648.6;0.81
5649.1;2.397
5649.6;4.493
5650.1;2.896
5650.6;3.305
5651.1;3.269
5651.6;2.651
5652.1;3.453
5652.6;2.263
5653.1;1.967
5653.6;2.641
5654.1;3.249
5654.6;2.627
5655.1;1.33
5655.6;5.267
5656.1;3.788
5656.6;2.525
5657.1;2.201
5657.6;0.618
5658.1;1.73
5658.6;2.812
5659.1;3.872
5659.6;3.691
5660.1;2.639
5660.6;1.627
5661.1;0.852
5661.6;1.635
5662.1;1.007
5662.6;2.348
5663.1;3.559
5663.6;2.774
5664.1;2.727
5664.6;1.818
5665.1;1.062
5665.6;0.839
5666.1;1.066
5666.6;1.987
5667.1;1.842
5667.6;1.73
5668.1;2.798
5668.6;4.092
5669.1;4.091
5669.6;1.437
5670.1;0.161
5670.6;1.317
5671.1;3.538
5671.6;2.096
5672.1;4.088
5672.6;4.231
5673.1;2.563
5673.6;0.975
5674.1;1.057
5674.6;0.573
5675.1;0.731
5675.6;1.421
5676.1;3.118
5676.6;1.944
5677.1;2.781
5677.6;1.746
5678.1;2.214
5678.6;1.301
5679.1;1.763
5679.6;2.052
5680.1;2.767
5680.6;3.379
5681.1;3.459
5681.6;1.106
5682.1;2.193
5682.6;1.016
5683.1;0.766
5683.6;0.501
5684.1;2.252
5684.6;2.457
5685.1;2.452
5685.6;2.343
5686.1;2.584
5686.6;1.937
5687.1;1.317
5687.6;0.51
5688.1;0.846
5688.6;2.698
5689.1;1.688
5689.6;2.354
5690.1;2.184
5690.6;3.17
5691.1;2.927
5691.6;1.609
5692.1;0.299
5692.6;0.74
5693.1;2.11
5693.6;1.699
5694.1;1.805
5694.6;3.539
5695.1;2.542
5695.6;1.194
5696.1;1.823
5696.6;2.049
5697.1;1.228
5697.6;1.105
5698.1;3.381
5698.6;3.554
5699.1;3.461
5699.6;3.093
5700.1;0.682
5700.6;1.083
5701.1;1.006
5701.6;1.425
5702.1;1.433
5702.6;4.102
5703.1;2.952
5703.6;1.989
5704.1;2.353
5704.6;1.932
5705.1;1.039
5705.6;1.003
5706.1;2.716
5706.6;0.467
5707.1;2.82
5707.6;4.311
5708.1;2.44
5708.6;2.439
5709.1;1.873
5709.6;2.513
5710.1;1.167
5710.6;0.829
5711.1;2.31
5711.6;2.905
5712.1;3.154
5712.6;2.287
5713.1;2.107
5713.6;0.621
5714.1;2.021
5714.6;1.109
5715.1;1.61
5715.6;2.244
5716.1;4.27
5716.6;2.452
5717.1;1.658
5717.6;3.876
5718.1;1.014
5718.6;1.901
5719.1;0.177
5719.6;2.979
5720.1;1.649
5720.6;5.07
5721.1;3.089
5721.6;1.048
5722.1;2.666
5722.6;2.081
5723.1;1.311
5723.6;1.667
5724.1;3.56
5724.6;2.66
5725.1;2.251
5725.6;3.339
5726.1;3.65
5726.6;2.738
5727.1;0.981
5727.6;2.081
5728.1;2.885
5728.6;0.81
5729.1;2.637
5729.6;4.186
5730.1;2.32
5730.6;2.255
5731.1;1.397
5731.6;0.837
5732.1;0.571
5732.6;1.236
5733.1;3.753
5733.6;2.941
5734.1;4.369
5734.6;2.282
5735.1;2.598
5735.6;1.925
5736.1;1.49
5736.6;1.228
5737.1;2.14
5737.6;4.151
5738.1;2.741
5738.6;1.841
5739.1;1.777
5739.6;3.007
5740.1;2.394
5740.6;0.633
5741.1;0.846
5741.6;3.219
5742.1;3.195
5742.6;1.861
5743.1;2.904
5743.6;3.867
5744.1;0.877
5744.6;0.756
5745.1;1.196
5745.6;0.69
5746.1;1.276
5746.6;3.17
5747.1;2.704
5747.6;3.23
5748.1;2.305
5748.6;1.789
5749.1;1.82
5749.6;1.554
5750.1;1.19
5750.6;2.642
5751.1;2.01
5751.6;1.8
5752.1;2.217
5752.6;1.131
5753.1;0.456
5753.6;0.891
5754.1;3.279
5754.6;3.067
5755.1;4.263
5755.6;2.283
5756.1;3.822
5756.6;1.175
5757.1;1.84
5757.6;1.694
5758.1;0.264
5758.6;0.786
5759.1;3.043
5759.6;4.444
5760.1;3.542
5760.6;4.193
5761.1;1.892
5761.6;3.792
5762.1;2.887
5762.6;0.627
5763.1;2.073
5763.6;1.947
5764.1;1.461
5764.6;4.503
5765.1;5.524
5765.6;3.771
5766.1;3.066
5766.6;1.202
5767.1;2.78
5767.6;1.44
5768.1;2.242
5768.6;2.12
5769.1;4.486
5769.6;3.993
5770.1;4.854
5770.6;5.294
5771.1;3.857
5771.6;1.561
5772.1;0.994
5772.6;2.448
5773.1;3.468
5773.6;4.953
5774.1;4.566
5774.6;6.465
5775.1;1.84
5775.6;4.147
5776.1;1.29
5776.6;2.855
5777.1;1.609
5777.6;1.742
5778.1;1.769
5778.6;5.203
5779.1;4.201
5779.6;5.904
5780.1;4.075
5780.6;4.739
5781.1;3.64
5781.6;0.966
5782.1;5.379
5782.6;3.131
5783.1;6.044
5783.6;2.243
5784.1;2.409
5784.6;2.307
5785.1;3.853
5785.6;1.994
5786.1;5.061
5786.6;2.766
5787.1;2.594
5787.6;1.811
5788.1;4.167
5788.6;4.405
5789.1;3.431
5789.6;1.711
5790.1;2.094
5790.6;3.672
5791.1;1.642
5791.6;1.782
5792.1;1.487
5792.6;3.431
5793.1;2.941
5793.6;2.179
5794.1;2.451
5794.6;5.438
5795.1;3.127
5795.6;3.441
5796.1;2.62
5796.6;4.922
5797.1;3.425
5797.6;2.127
5798.1;3.186
5798.6;1.158
5799.1;2.333
5799.6;3.125
5800.1;2.921
5800.6;2.259
5801.1;4.234
5801.6;1.281
5802.1;1.794
5802.6;1.049
5803.1;0.298
5803.6;0.509
5804.1;1.88
5804.6;1.681
5805.1;1.808
5805.6;2.049
5806.1;1.831
5806.6;2.613
5807.1;0.674
5807.6;1.641
5808.1;2.06
5808.6;1.577
5809.1;2.716
5809.6;2.809
5810.1;1.196
5810.6;3.395
5811.1;1.738
5811.6;2.313
5812.1;0.89
5812.6;2.306
5813.1;1.282
5813.6;1.623
5814.1;3.364
5814.6;1.977
5815.1;1.262
5815.6;1.382
5816.1;0.874
5816.6;0.453
5817.1;0.678
5817.6;1.387
5818.1;1.503
5818.6;0.862
5819.1;1.504
5819.6;0.951
5820.1;1.181
5820.6;0.592
5821.1;0.652
5821.6;0.738
5822.1;2.368
5822.6;0.319
5823.1;1.112
5823.6;0.955
5824.1;1.364
5824.6;0.601
5825.1;0.161
5825.6;0.258
5826.1;0.125
5826.6;1.288
5827.1;1.922
5827.6;0.876
5828.1;0.925
5828.6;1.773
5829.1;1.593
5829.6;1.449
5830.1;0.867
5830.6;2.321
5831.1;1.283
5831.6;0.968
5832.1;2.291
5832.6;1.518
5833.1;0.849
5833.6;0.367
5834.1;0.965
5834.6;0.322
5835.1;0.441
5835.6;1.13
5836.1;0.114
5836.6;1.903
5837.1;1.728
5837.6;1.017
5838.1;1.147
5838.6;1.487
5839.1;0.555
5839.6;1.677
5840.1;0.395
5840.6;0.629
5841.1;1.326
5841.6;0.392
5842.1;0.826
5842.6;0.262
5843.1;0.741
5843.6;1.28
5844.1;1.142
5844.6;0.723
5845.1;1.229
5845.6;0.531
5846.1;1.313
5846.6;0.94
5847.1;0.682
5847.6;0.819
5848.1;1.297
5848.6;0.785
5849.1;0.618
5849.6;1.866
5850.1;1.742
5850.6;0.364
5851.1;1.167
5851.6;0.742
5852.1;0.902
5852.6;1.669
5853.1;0.715
5853.6;2.189
5854.1;1.8
5854.6;1.031
5855.1;0.583
5855.6;0.937
5856.1;1.099
5856.6;0.565
5857.1;1.48
5857.6;1.583
5858.1;1.497
5858.6;2.574
5859.1;0.822
5859.6;0.633
5860.1;1.094
5860.6;0.969
5861.1;0.865
5861.6;0.984
5862.1;1.425
5862.6;0.641
5863.1;0.416
5863.6;1.505
5864.1;1.197
5864.6;0.258
5865.1;1.543
5865.6;0.758
5866.1;0.423
5866.6;0.883
5867.1;1.77
5867.6;0.785
5868.1;2.186
5868.6;1.06
5869.1;0.65
5869.6;1.674
5870.1;0.672
5870.6;0.538
5871.1;1.371
5871.6;1.022
5872.1;1.348
5872.6;2.251
5873.1;1.211
5873.6;1.296
5874.1;0.629
5874.6;0.771
5875.1;2.189
5875.6;0.794
5876.1;0.562
5876.6;2.679
5877.1;0.23
5877.6;1.245
5878.1;3.13
5878.6;0.91
5879.1;1.873
5879.6;1.124
5880.1;1.477
5880.6;1.73
5881.1;1.555
5881.6;1.67
5882.1;1.881
5882.6;0.775
5883.1;1.222
5883.6;2.188
5884.1;0.448
5884.6;0.863
5885.1;2.719
5885.6;0.546
5886.1;0.818
5886.6;2.123
5887.1;0.465
5887.6;1.76
5888.1;0.839
5888.6;0.662
5889.1;0.934
5889.6;0.76
5890.1;0.686
5890.6;0.93
5891.1;0.687
5891.6;0.265
5892.1;0.894
5892.6;0.889
5893.1;0.721
5893.6;1.539
5894.1;1.268
5894.6;1.376
5895.1;1.404
5895.6;0.724
5896.1;0.963
5896.6;0.613
5897.1;1.13
5897.6;0.257
5898.1;1.869
5898.6;1.628
5899.1;0.634
5899.6;2.004
5900.1;0.368
5900.6;1.089
5901.1;0.706
5901.6;0.653
5902.1;0.882
5902.6;0.907
5903.1;0.724
5903.6;0.985
5904.1;0.939
5904.6;0.595
5905.1;1.005
5905.6;0.168
5906.1;0.68
5906.6;0.746
5907.1;0.534
5907.6;0.813
5908.1;1.024
5908.6;0.174
5909.1;0.791
5909.6;1.01
5910.1;1.196
5910.6;0.431
5911.1;0.373
5911.6;0.518
5912.1;0.805
5912.6;0.623
5913.1;0.222
5913.6;1.719
5914.1;2.162
5914.6;0.833
5915.1;0.321
5915.6;1.01
5916.1;0.25
5916.6;0.107
5917.1;0.521
5917.6;0.612
5918.1;1.207
5918.6;2.269
5919.1;1.04
5919.6;1.44
5920.1;0.764
5920.6;0.947
5921.1;0.565
5921.6;0.368
5922.1;1.041
5922.6;1.425
5923.1;2.279
5923.6;1.306
5924.1;0.929
5924.6;1.003
5925.1;1.417
5925.6;0.243
5926.1;0.513
5926.6;1.167
5927.1;1.296
5927.6;1.136
5928.1;1.851
5928.6;1.415
5929.1;1.261
5929.6;1.902
5930.1;0.205
5930.6;0.705
5931.1;1.977
5931.6;0.898
5932.1;1.008
5932.6;1.353
5933.1;1.039
5933.6;1.512
5934.1;1.407
5934.6;1.175
5935.1;1.458
5935.6;1.63
5936.1;0.276
5936.6;1.54
5937.1;1.68
5937.6;1.231
5938.1;1.29
5938.6;1.293
5939.1;1.697
5939.6;2.57
5940.1;0.958
5940.6;1.092
5941.1;1.245
5941.6;1.292
5942.1;1.473
5942.6;1.357
5943.1;0.804
5943.6;2.224
5944.1;1.642
5944.6;0.868
5945.1;0.987
5945.6;2.135
5946.1;0.864
5946.6;2.222
5947.1;0.949
5947.6;1.18
5948.1;0.958
5948.6;0.141
5949.1;1.7
5949.6;0.235
5950.1;1.135
5950.6;1.421
5951.1;1.263
5951.6;1.222
5952.1;0.609
5952.6;0.065
5953.1;0.219
5953.6;0.887
5954.1;0.348
5954.6;0.915
5955.1;1.03
5955.6;0.722
5956.1;1.0
5956.6;1.479
5957.1;0.461
5957.6;1.05
5958.1;1.118
5958.6;1.72
5959.1;0.383
5959.6;0.359
5960.1;2.524
5960.6;1.31
5961.1;2.339
5961.6;0.249
5962.1;0.148
5962.6;2.265
5963.1;2.21
5963.6;2.013
5964.1;0.879
5964.6;2.473
5965.1;3.174
5965.6;1.713
5966.1;0.661
5966.6;1.211
5967.1;2.533
5967.6;0.781
5968.1;0.658
5968.6;0.933
5969.1;1.496
5969.6;2.225
5970.1;0.349
5970.6;2.86
5971.1;3.544
5971.6;1.232
5972.1;2.067
5972.6;1.566
5973.1;0.844
5973.6;1.461
5974.1;2.281
5974.6;1.303
5975.1;2.661
5975.6;1.056
5976.1;1.1
5976.6;2.184
5977.1;1.866
5977.6;0.255
5978.1;2.566
5978.6;3.205
5979.1;5.026
5979.6;3.417
5980.1;1.357
5980.6;3.113
5981.1;3.675
5981.6;3.418
5982.1;0.867
5982.6;2.927
5983.1;4.596
5983.6;4.199
5984.1;1.623
5984.6;0.885
5985.1;1.841
5985.6;1.622
5986.1;1.507
5986.6;1.504
5987.1;2.424
5987.6;1.505
5988.1;0.565
5988.6;2.306
5989.1;1.686
5989.6;1.944
5990.1;2.026
5990.6;1.346
5991.1;2.95
5991.6;1.293
5992.1;0.295
5992.6;0.895
5993.1;0.57
5993.6;0.865
5994.1;1.637
5994.6;1.833
5995.1;0.751
5995.6;0.627
5996.1;0.855
5996.6;2.467
5997.1;1.547
5997.6;1.252
5998.1;0.69
5998.6;0.163
5999.1;2.519
5999.6;1.085
6000.1;1.409
6000.6;2.202
6001.1;0.569
6001.6;0.924
6002.1;1.202
6002.6;0.945
6003.1;0.736
6003.6;1.88
6004.1;1.833
6004.6;1.559
6005.1;1.732
6005.6;0.415
6006.1;1.112
6006.6;0.648
6007.1;0.787
6007.6;2.268
6008.1;1.028
6008.6;1.012
6009.1;1.286
6009.6;1.911
6010.1;1.573
6010.6;0.038
6011.1;1.078
6011.6;0.574
6012.1;1.145
6012.6;1.113
6013.1;1.497
6013.6;1.788
6014.1;2.653
6014.6;0.455
6015.1;0.624
6015.6;0.475
6016.1;1.269
6016.6;1.151
6017.1;1.536
6017.6;1.21
6018.1;1.49
6018.6;1.967
6019.1;0.928
6019.6;1.537
6020.1;1.971
6020.6;1.296
6021.1;1.231
6021.6;0.796
6022.1;0.755
6022.6;1.756
6023.1;1.397
6023.6;0.194
6024.1;1.646
6024.6;1.743
6025.1;0.184
6025.6;0.169
6026.1;0.408
6026.6;1.172
6027.1;0.532
6027.6;1.614
6028.1;0.445
6028.6;1.063
6029.1;0.481
6029.6;0.524
6030.1;0.665
6030.6;1.09
6031.1;0.601
6031.6;0.597
6032.1;1.478
6032.6;0.668
6033.1;1.183
6033.6;0.592
6034.1;1.031
6034.6;0.231
6035.1;1.016
6035.6;1.758
6036.1;1.087
6036.6;1.566
6037.1;0.889
6037.6;2.618
6038.1;0.674
6038.6;0.607
6039.1;1.967
6039.6;0.676
6040.1;0.301
6040.6;0.719
6041.1;2.665
6041.6;2.295
6042.1;3.013
6042.6;1.742
6043.1;0.311
6043.6;1.144
6044.1;0.935
6044.6;1.592
6045.1;0.89
6045.6;2.894
6046.1;1.468
6046.6;0.778
6047.1;1.619
6047.6;0.94
6048.1;1.136
6048.6;0.593
6049.1;2.595
6049.6;1.847
6050.1;2.411
6050.6;0.771
6051.1;2.474
6051.6;0.91
6052.1;0.867
6052.6;2.097
6053.1;1.1
6053.6;1.492
6054.1;1.584
6054.6;1.563
6055.1;1.747
6055.6;1.492
6056.1;0.972
6056.6;1.217
6057.1;0.927
6057.6;0.675
6058.1;0.521
6058.6;0.413
6059.1;0.339
6059.6;0.483
6060.1;0.241
6060.6;2.457
6061.1;2.163
6061.6;1.781
6062.1;1.883
6062.6;0.182
6063.1;1.005
6063.6;2.718
6064.1;1.541
6064.6;1.491
6065.1;0.996
6065.6;0.899
6066.1;1.245
6066.6;1.734
6067.1;1.538
6067.6;0.257
6068.1;0.903
6068.6;1.013
6069.1;1.202
6069.6;0.555
6070.1;0.668
6070.6;1.119
6071.1;0.703
6071.6;1.126
6072.1;0.219
6072.6;1.017
6073.1;1.363
6073.6;0.382
6074.1;0.686
6074.6;0.749
6075.1;1.045
6075.6;0.418
6076.1;0.544
6076.6;1.096
6077.1;1.476
6077.6;0.711
6078.1;2.381
6078.6;0.287
6079.1;0.585
6079.6;0.797
6080.1;1.251
6080.6;1.568
6081.1;1.333
6081.6;1.659
6082.1;0.626
6082.6;1.16
6083.1;0.888
6083.6;0.838
6084.1;0.477
6084.6;1.637
6085.1;0.146
6085.6;1.222
6086.1;0.942
6086.6;0.207
6087.1;0.586
6087.6;0.776
6088.1;1.336
6088.6;0.518
6089.1;2.359
6089.6;1.65
6090.1;0.771
6090.6;0.737
6091.1;1.055
6091.6;1.471
6092.1;1.465
6092.6;0.137
6093.1;2.269
6093.6;0.252
6094.1;0.108
6094.6;1.285
6095.1;0.505
6095.6;0.926
6096.1;0.065
6096.6;2.592
6097.1;1.787
6097.6;2.071
6098.1;1.815
6098.6;1.117
6099.1;0.233
6099.6;0.6
6100.1;1.752
6100.6;0.441
6101.1;1.014
6101.6;2.337
6102.1;0.648
6102.6;1.064
6103.1;1.275
6103.6;1.201
6104.1;1.091
6104.6;0.751
6105.1;0.69
6105.6;0.2
6106.1;1.997
6106.6;0.593
6107.1;0.844
6107.6;0.094
6108.1;1.485
6108.6;1.591
6109.1;1.183
6109.6;1.255
6110.1;1.02
6110.6;0.418
6111.1;1.374
6111.6;0.768
6112.1;1.263
6112.6;0.792
6113.1;1.308
6113.6;0.429
6114.1;1.036
6114.6;1.272
6115.1;0.853
6115.6;1.204
6116.1;0.335
6116.6;0.981
6117.1;0.614
6117.6;0.721
6118.1;0.337
6118.6;1.734
6119.1;1.37
6119.6;0.959
6120.1;1.658
6120.6;1.565
6121.1;0.166
6121.6;1.167
6122.1;0.793
6122.6;0.809
6123.1;1.339
6123.6;1.297
6124.1;1.034
6124.6;1.595
6125.1;0.331
6125.6;1.487
6126.1;0.673
6126.6;1.424
6127.1;0.647
6127.6;0.832
6128.1;1.373
6128.6;1.001
6129.1;1.174
6129.6;1.564
6130.1;1.188
6130.6;1.029
6131.1;1.842
6131.6;0.622
6132.1;0.249
6132.6;0.501
6133.1;1.554
6133.6;1.893
6134.1;0.812
6134.6;1.501
6135.1;1.623
6135.6;1.122
6136.1;0.14
6136.6;1.952
6137.1;2.173
6137.6;0.797
6138.1;1.192
6138.6;1.173
6139.1;1.523
6139.6;1.68
6140.1;0.879
6140.6;0.475
6141.1;0.467
6141.6;0.892
6142.1;1.364
6142.6;0.607
6143.1;0.995
6143.6;0.852
6144.1;1.808
6144.6;1.583
6145.1;0.782
6145.6;1.247
6146.1;1.602
6146.6;0.631
6147.1;0.996
6147.6;2.052
6148.1;0.133
6148.6;0.914
6149.1;0.483
6149.6;0.554
6150.1;1.562
6150.6;1.385
6151.1;1.0
6151.6;2.863
6152.1;0.767
6152.6;2.124
6153.1;1.196
6153.6;0.891
6154.1;1.164
6154.6;2.212
6155.1;2.003
6155.6;0.567
6156.1;2.044
6156.6;0.571
6157.1;1.497
6157.6;0.836
6158.1;1.483
6158.6;1.092
6159.1;0.247
6159.6;1.89
6160.1;3.617
6160.6;1.108
6161.1;0.401
6161.6;1.286
6162.1;2.072
6162.6;1.502
6163.1;1.65
6163.6;1.869
6164.1;1.086
6164.6;2.668
6165.1;1.848
6165.6;1.38
6166.1;1.575
6166.6;1.977
6167.1;1.496
6167.6;2.009
6168.1;0.928
6168.6;2.584
6169.1;1.213
6169.6;2.113
6170.1;2.274
6170.6;1.441
6171.1;1.083
6171.6;1.043
6172.1;0.282
6172.6;1.955
6173.1;2.407
6173.6;0.709
6174.1;0.881
6174.6;1.548
6175.1;2.209
6175.6;1.703
6176.1;1.852
6176.6;1.825
6177.1;0.867
6177.6;0.082
6178.1;1.74
6178.6;1.879
6179.1;0.902
6179.6;1.319
6180.1;1.598
6180.6;1.554
6181.1;1.254
6181.6;2.916
6182.1;0.506
6182.6;1.451
6183.1;0.864
6183.6;1.292
6184.1;1.029
6184.6;0.955
6185.1;1.337
6185.6;1.574
6186.1;1.541
6186.6;1.658
6187.1;0.404
6187.6;1.37
6188.1;1.2
6188.6;0.28
6189.1;1.456
6189.6;1.031
6190.1;1.478
6190.6;1.877
6191.1;1.828
6191.6;0.983
6192.1;1.43
6192.6;0.25
6193.1;1.139
6193.6;1.18
6194.1;0.701
6194.6;0.66
6195.1;1.565
6195.6;2.055
6196.1;0.304
6196.6;1.728
6197.1;0.805
6197.6;1.58
6198.1;0.691
6198.6;0.387
6199.1;1.49
6199.6;3.734
6200.1;2.332
6200.6;1.803
6201.1;1.812
6201.6;2.7
6202.1;3.453
6202.6;1.583
6203.1;3.624
6203.6;1.471
6204.1;0.414
6204.6;0.719
6205.1;5.036
6205.6;1.716
6206.1;1.673
6206.6;3.428
6207.1;2.313
6207.6;3.316
6208.1;6.635
6208.6;4.303
6209.1;2.513
6209.6;4.484
6210.1;4.152
6210.6;4.165
6211.1;2.614
6211.6;2.606
6212.1;3.716
6212.6;1.143
6213.1;2.703
6213.6;1.102
6214.1;3.863
6214.6;1.19
6215.1;3.878
6215.6;1.922
6216.1;2.287
6216.6;5.307
6217.1;1.01
6217.6;2.435
6218.1;3.378
6218.6;4.969
6219.1;3.175
6219.6;2.85
6220.1;6.327
6220.6;3.379
6221.1;3.179
6221.6;5.277
6222.1;4.75
6222.6;3.219
6223.1;5.369
6223.6;8.592
6224.1;4.873
6224.6;5.366
6225.1;7.941
6225.6;7.201
6226.1;4.768
6226.6;7.769
6227.1;7.108
6227.6;2.693
6228.1;3.634
6228.6;7.525
6229.1;4.5
6229.6;8.299
6230.1;9.688
6230.6;5.74
6231.1;4.864
6231.6;6.378
6232.1;6.313
6232.6;4.893
6233.1;7.447
6233.6;5.654
6234.1;6.545
6234.6;7.352
6235.1;4.885
6235.6;4.258
6236.1;3.373
6236.6;6.139
6237.1;7.049
6237.6;3.61
6238.1;4.087
6238.6;3.343
6239.1;2.144
6239.6;2.893
6240.1;4.989
6240.6;3.58
6241.1;3.109
6241.6;7.373
6242.1;4.359
6242.6;3.881
6243.1;5.478
6243.6;3.7
6244.1;3.253
6244.6;3.008
6245.1;3.974
6245.6;1.818
6246.1;2.107
6246.6;2.98
6247.1;2.851
6247.6;4.204
6248.1;3.104
6248.6;5.718
6249.1;3.925
6249.6;3.858
6250.1;5.469
6250.6;3.229
6251.1;2.493
6251.6;3.285
6252.1;2.958
6252.6;2.866
6253.1;2.751
6253.6;3.519
6254.1;2.394
6254.6;2.345
6255.1;3.869
6255.6;2.346
6256.1;3.841
6256.6;2.073
6257.1;3.023
6257.6;3.197
6258.1;1.675
6258.6;3.2
6259.1;2.031
6259.6;3.614
6260.1;1.398
6260.6;2.418
6261.1;2.173
6261.6;2.508
6262.1;4.854
6262.6;1.864
6263.1;2.206
6263.6;1.67
6264.1;1.387
6264.6;1.602
6265.1;1.281
6265.6;2.523
6266.1;0.698
6266.6;3.828
6267.1;2.924
6267.6;0.393
6268.1;2.252
6268.6;1.421
6269.1;2.17
6269.6;1.4
6270.1;2.408
6270.6;3.183
6271.1;0.927
6271.6;1.976
6272.1;0.855
6272.6;1.302
6273.1;0.826
6273.6;1.168
6274.1;1.349
6274.6;1.168
6275.1;3.437
6275.6;3.434
6276.1;1.5
6276.6;2.234
6277.1;1.885
6277.6;0.603
6278.1;1.601
6278.6;0.997
6279.1;2.855
6279.6;0.299
6280.1;3.049
6280.6;1.95
6281.1;1.724
6281.6;2.027
6282.1;1.188
6282.6;3.121
6283.1;0.029
6283.6;1.663
6284.1;0.677
6284.6;0.509
6285.1;1.25
6285.6;1.172
6286.1;0.966
6286.6;1.104
6287.1;1.569
6287.6;1.15
6288.1;0.848
6288.6;1.563
6289.1;1.628
6289.6;1.447
6290.1;0.859
6290.6;0.802
6291.1;0.771
6291.6;0.709
6292.1;0.139
6292.6;1.611
6293.1;0.771
6293.6;0.878
6294.1;1.978
6294.6;1.578
6295.1;1.673
6295.6;1.822
6296.1;2.359
6296.6;1.354
6297.1;1.878
6297.6;0.437
6298.1;1.069
6298.6;1.481
6299.1;1.326
6299.6;0.637
6300.1;0.667
6300.6;1.029
6301.1;1.033
6301.6;0.28
6302.1;0.22
6302.6;0.664
6303.1;2.217
6303.6;2.201
6304.1;1.457
6304.6;1.413
6305.1;2.397
6305.6;1.804
6306.1;2.807
6306.6;3.289
6307.1;2.586
6307.6;1.602
6308.1;1.0
6308.6;1.267
6309.1;2.79
6309.6;1.817
6310.1;1.176
6310.6;2.605
6311.1;1.551
6311.6;0.887
6312.1;0.959
6312.6;1.469
6313.1;0.702
6313.6;0.957
6314.1;0.672
6314.6;0.28
6315.1;1.034
6315.6;1.009
6316.1;0.715
6316.6;0.78
6317.1;1.086
6317.6;1.62
6318.1;0.589
6318.6;1.053
6319.1;2.373
6319.6;2.274
6320.1;0.817
6320.6;0.501
6321.1;0.731
6321.6;0.792
6322.1;0.215
6322.6;0.828
6323.1;1.454
6323.6;2.706
6324.1;1.307
6324.6;1.455
6325.1;0.726
6325.6;1.42
6326.1;0.307
6326.6;0.282
6327.1;0.734
6327.6;1.078
6328.1;1.121
6328.6;2.118
6329.1;0.579
6329.6;1.373
6330.1;0.087
6330.6;0.499
6331.1;0.218
6331.6;1.359
6332.1;2.311
6332.6;0.829
6333.1;1.223
6333.6;0.724
6334.1;1.418
6334.6;1.048
6335.1;0.474
6335.6;0.583
6336.1;0.975
6336.6;1.064
6337.1;0.946
6337.6;1.011
6338.1;1.949
6338.6;2.343
6339.1;1.308
6339.6;2.417
6340.1;2.501
6340.6;1.744
6341.1;0.925
6341.6;0.627
6342.1;0.433
6342.6;1.299
6343.1;1.754
6343.6;1.268
6344.1;1.271
6344.6;0.493
6345.1;0.73
6345.6;0.558
6346.1;1.545
6346.6;1.085
6347.1;1.314
6347.6;1.105
6348.1;1.556
6348.6;1.842
6349.1;1.241
6349.6;1.913
6350.1;1.635
6350.6;1.413
6351.1;2.336
6351.6;0.978
6352.1;1.164
6352.6;0.514
6353.1;0.713
6353.6;2.279
6354.1;3.094
6354.6;2.82
6355.1;2.948
6355.6;3.248
6356.1;1.744
6356.6;2.325
6357.1;1.545
6357.6;1.473
6358.1;2.228
6358.6;1.861
6359.1;2.886
6359.6;3.289
6360.1;4.408
6360.6;3.748
6361.1;4.591
6361.6;5.023
6362.1;3.702
6362.6;4.486
6363.1;3.633
6363.6;4.549
6364.1;1.871
6364.6;2.116
6365.1;1.707
6365.6;1.509
6366.1;2.504
6366.6;4.426
6367.1;4.736
6367.6;5.279
6368.1;7.198
6368.6;7.038
6369.1;7.529
6369.6;7.574
6370.1;6.631
6370.6;5.909
6371.1;7.265
6371.6;6.504
6372.1;5.871
6372.6;6.815
6373.1;6.139
6373.6;6.104
6374.1;5.419
6374.6;6.309
6375.1;3.915
6375.6;4.163
6376.1;4.054
6376.6;4.356
6377.1;4.407
6377.6;4.05
6378.1;6.407
6378.6;3.796
6379.1;5.241
6379.6;3.337
6380.1;1.039
6380.6;1.645
6381.1;2.307
6381.6;3.361
6382.1;2.306
6382.6;5.15
6383.1;4.247
6383.6;4.773
6384.1;5.431
6384.6;4.812
6385.1;3.959
6385.6;3.254
6386.1;3.238
6386.6;2.582
6387.1;2.985
6387.6;3.194
6388.1;3.816
6388.6;2.465
6389.1;3.869
6389.6;4.063
6390.1;3.67
6390.6;3.022
6391.1;4.307
6391.6;3.291
6392.1;2.559
6392.6;3.802
6393.1;2.39
6393.6;2.213
6394.1;2.658
6394.6;3.258
6395.1;2.732
6395.6;2.13
6396.1;2.221
6396.6;1.132
6397.1;2.742
6397.6;2.073
6398.1;2.39
6398.6;2.191
6399.1;2.271
6399.6;1.833
6400.1;1.605
6400.6;1.76
6401.1;0.972
6401.6;1.156
6402.1;1.036
6402.6;1.612
6403.1;0.729
6403.6;0.448
6404.1;1.05
6404.6;0.825
6405.1;0.579
6405.6;1.838
6406.1;1.004
6406.6;0.588
6407.1;2.199
6407.6;1.467
6408.1;0.96
6408.6;1.06
6409.1;0.939
6409.6;0.685
6410.1;0.745
6410.6;1.175
6411.1;1.256
6411.6;1.544
6412.1;1.02
6412.6;2.662
6413.1;2.198
6413.6;1.162
6414.1;0.945
6414.6;1.257
6415.1;0.632
6415.6;1.273
6416.1;1.289
6416.6;0.598
6417.1;1.607
6417.6;1.881
6418.1;0.466
6418.6;0.697
6419.1;1.093
6419.6;1.082
6420.1;1.69
6420.6;1.31
6421.1;2.153
6421.6;1.222
6422.1;1.058
6422.6;1.886
6423.1;1.054
6423.6;1.018
6424.1;0.596
6424.6;1.823
6425.1;0.324
6425.6;1.319
6426.1;1.666
6426.6;0.414
6427.1;2.226
6427.6;1.987
6428.1;1.79
6428.6;2.194
6429.1;1.514
6429.6;2.186
6430.1;0.392
6430.6;2.916
6431.1;1.355
6431.6;1.426
6432.1;1.418
6432.6;1.482
6433.1;2.726
6433.6;0.565
6434.1;2.884
6434.6;2.939
6435.1;0.589
6435.6;2.482
6436.1;1.881
6436.6;0.755
6437.1;0.845
6437.6;1.318
6438.1;1.014
6438.6;0.808
6439.1;2.621
6439.6;1.774
6440.1;0.767
6440.6;1.974
6441.1;0.319
6441.6;1.188
6442.1;0.286
6442.6;2.244
6443.1;1.38
6443.6;0.48
6444.1;1.221
6444.6;0.575
6445.1;0.969
6445.6;0.9
6446.1;1.422
6446.6;1.207
6447.1;0.518
6447.6;1.181
6448.1;1.8
6448.6;1.31
6449.1;2.903
6449.6;1.663
6450.1;0.348
6450.6;0.493
6451.1;1.348
6451.6;1.673
6452.1;0.968
6452.6;0.178
6453.1;0.34
6453.6;1.197
6454.1;0.87
6454.6;1.031
6455.1;1.455
6455.6;0.237
6456.1;1.574
6456.6;1.215
6457.1;2.813
6457.6;2.7
6458.1;1.791
6458.6;1.696
6459.1;1.288
6459.6;0.83
6460.1;0.61
6460.6;1.049
6461.1;0.365
6461.6;0.932
6462.1;1.138
6462.6;0.616
6463.1;1.062
6463.6;1.168
6464.1;0.628
6464.6;2.235
6465.1;2.986
6465.6;1.423
6466.1;3.236
6466.6;2.237
6467.1;1.213
6467.6;1.959
6468.1;1.27
6468.6;0.175
6469.1;1.093
6469.6;0.437
6470.1;1.056
6470.6;1.092
6471.1;0.377
6471.6;1.421
6472.1;0.534
6472.6;1.896
6473.1;1.304
6473.6;1.393
6474.1;2.294
6474.6;0.754
6475.1;1.943
6475.6;1.607
6476.1;0.931
6476.6;0.558
6477.1;1.34
6477.6;2.161
6478.1;0.691
6478.6;1.397
6479.1;1.442
6479.6;0.934
6480.1;0.631
6480.6;1.893
6481.1;1.516
6481.6;0.516
6482.1;2.32
6482.6;2.778
6483.1;0.755
6483.6;1.199
6484.1;1.913
6484.6;0.773
6485.1;0.935
6485.6;2.508
6486.1;2.136
6486.6;1.057
6487.1;1.778
6487.6;0.781
6488.1;1.8
6488.6;1.213
6489.1;2.096
6489.6;1.53
6490.1;0.778
6490.6;1.749
6491.1;1.529
6491.6;0.553
6492.1;1.33
6492.6;1.991
6493.1;1.085
6493.6;1.748
6494.1;2.002
6494.6;1.085
6495.1;1.274
6495.6;1.511
6496.1;0.748
6496.6;1.543
6497.1;0.959
6497.6;1.427
6498.1;1.306
6498.6;0.931
6499.1;1.244
6499.6;1.008
6500.1;0.835
6500.6;1.727
6501.1;1.565
6501.6;0.985
6502.1;0.559
6502.6;1.376
6503.1;0.96
6503.6;0.738
6504.1;1.073
6504.6;0.856
6505.1;1.938
6505.6;1.573
6506.1;0.806
6506.6;0.805
6507.1;1.51
6507.6;0.574
6508.1;0.503
6508.6;0.381
6509.1;0.516
6509.6;0.337
6510.1;0.062
6510.6;0.54
6511.1;0.768
6511.6;0.162
6512.1;0.484
6512.6;0.406
6513.1;0.406
6513.6;0.847
6514.1;0.488
6514.6;0.463
6515.1;1.562
6515.6;1.52
6516.1;0.726
6516.6;1.563
6517.1;1.335
6517.6;0.245
6518.1;0.499
6518.6;0.659
6519.1;0.779
6519.6;0.791
6520.1;1.342
6520.6;0.547
6521.1;0.632
6521.6;0.628
6522.1;0.361
6522.6;0.472
6523.1;0.34
6523.6;1.125
6524.1;1.421
6524.6;1.862
6525.1;0.921
6525.6;0.966
6526.1;0.866
6526.6;0.968
6527.1;0.297
6527.6;0.711
6528.1;0.599
6528.6;1.343
6529.1;0.242
6529.6;0.99
6530.1;0.413
6530.6;0.565
6531.1;1.472
6531.6;0.611
6532.1;0.403
6532.6;0.857
6533.1;0.749
6533.6;0.815
6534.1;0.635
6534.6;0.154
6535.1;0.505
6535.6;0.197
6536.1;1.027
6536.6;1.226
6537.1;0.838
6537.6;0.461
6538.1;0.385
6538.6;0.712
6539.1;0.883
6539.6;1.05
6540.1;0.576
6540.6;0.438
6541.1;1.47
6541.6;0.529
6542.1;0.84
6542.6;0.552
6543.1;1.079
6543.6;1.659
6544.1;0.256
6544.6;0.718
6545.1;0.135
6545.6;1.215
6546.1;0.474
6546.6;2.046
6547.1;0.912
6547.6;0.911
6548.1;3.005
6548.6;1.479
6549.1;1.486
6549.6;0.265
6550.1;2.474
6550.6;0.556
6551.1;0.463
6551.6;2.433
6552.1;1.726
6552.6;1.655
6553.1;1.118
6553.6;1.758
6554.1;1.596
6554.6;0.237
6555.1;0.764
6555.6;1.017
6556.1;2.972
6556.6;2.786
6557.1;1.799
6557.6;0.995
6558.1;1.092
6558.6;2.021
6559.1;0.449
6559.6;1.963
6560.1;2.363
6560.6;2.013
6561.1;0.673
6561.6;2.045
6562.1;0.445
6562.6;2.361
6563.1;2.096
6563.6;2.167
6564.1;1.158
6564.6;1.88
6565.1;2.489
6565.6;2.061
6566.1;1.097
6566.6;2.843
6567.1;1.323
6567.6;1.508
6568.1;1.271
6568.6;1.82
6569.1;0.935
6569.6;0.458
6570.1;1.196
6570.6;1.13
6571.1;0.506
6571.6;1.086
6572.1;1.635
6572.6;1.024
6573.1;1.076
6573.6;1.935
6574.1;1.254
6574.6;0.846
6575.1;1.35
6575.6;0.564
6576.1;0.984
6576.6;0.399
6577.1;1.897
6577.6;0.965
6578.1;1.015
6578.6;0.321
6579.1;1.04
6579.6;1.5
6580.1;0.802
6580.6;0.665
6581.1;0.184
6581.6;2.372
6582.1;1.315
6582.6;1.809
6583.1;1.32
6583.6;1.095
6584.1;1.649
6584.6;1.198
6585.1;1.544
6585.6;1.156
6586.1;0.911
6586.6;1.303
6587.1;1.016
6587.6;1.371
6588.1;1.328
6588.6;1.462
6589.1;1.179
6589.6;0.205
6590.1;1.048
6590.6;0.934
6591.1;1.733
6591.6;0.609
6592.1;1.05
6592.6;0.604
6593.1;1.206
6593.6;1.048
6594.1;0.754
6594.6;1.532
6595.1;1.161
6595.6;1.031
6596.1;1.5
6596.6;1.169
6597.1;0.77
6597.6;0.828
6598.1;1.426
6598.6;0.348
6599.1;1.124
6599.6;1.569
6600.1;1.199
6600.6;1.337
6601.1;0.718
6601.6;0.8
6602.1;1.156
6602.6;1.399
6603.1;0.625
6603.6;0.095
6604.1;0.669
6604.6;1.158
6605.1;1.146
6605.6;0.401
6606.1;0.439
6606.6;0.795
6607.1;1.3
6607.6;0.115
6608.1;0.701
6608.6;0.701
6609.1;0.634
6609.6;1.095
6610.1;0.288
6610.6;0.796
6611.1;1.387
6611.6;0.904
6612.1;1.305
6612.6;2.504
6613.1;0.052
6613.6;1.169
6614.1;1.833
6614.6;1.078
6615.1;0.996
6615.6;0.828
6616.1;1.36
6616.6;0.429
6617.1;1.554
6617.6;1.852
6618.1;0.651
6618.6;1.467
6619.1;0.203
6619.6;1.453
6620.1;0.495
6620.6;0.82
6621.1;1.2
6621.6;0.849
6622.1;0.727
6622.6;0.214
6623.1;0.146
6623.6;0.187
6624.1;0.759
6624.6;0.803
6625.1;0.825
6625.6;0.863
6626.1;0.92
6626.6;0.786
6627.1;0.992
6627.6;0.222
6628.1;1.141
6628.6;1.534
6629.1;0.341
6629.6;0.505
6630.1;0.956
6630.6;0.668
6631.1;0.592
6631.6;1.24
6632.1;0.345
6632.6;0.469
6633.1;1.417
6633.6;0.47
6634.1;1.044
6634.6;0.536
6635.1;0.845
6635.6;0.633
6636.1;0.085
6636.6;0.506
6637.1;0.154
6637.6;0.891
6638.1;0.551
6638.6;0.797
6639.1;0.652
6639.6;1.077
6640.1;0.873
6640.6;0.944
6641.1;0.688
6641.6;1.121
6642.1;0.268
6642.6;0.844
6643.1;0.416
6643.6;0.957
6644.1;0.229
6644.6;0.85
6645.1;0.734
6645.6;0.178
6646.1;0.726
6646.6;0.465
6647.1;0.413
6647.6;0.525
6648.1;0.411
6648.6;0.667
6649.1;0.464
6649.6;0.052
6650.1;1.418
6650.6;1.043
6651.1;0.329
6651.6;0.22
6652.1;1.153
6652.6;0.73
6653.1;0.696
6653.6;1.256
6654.1;0.195
6654.6;1.588
6655.1;0.29
6655.6;0.041
6656.1;1.092
6656.6;0.828
6657.1;0.205
6657.6;0.52
6658.1;0.579
6658.6;0.59
6659.1;0.047
6659.6;0.13
6660.1;0.924
6660.6;0.516
6661.1;0.816
6661.6;0.378
6662.1;0.356
6662.6;0.418
6663.1;0.646
6663.6;0.84
6664.1;0.704
6664.6;0.462
6665.1;0.477
6665.6;1.12
6666.1;0.274
6666.6;0.124
6667.1;0.29
6667.6;0.45
6668.1;0.148
6668.6;0.999
6669.1;0.862
6669.6;1.181
6670.1;0.905
6670.6;0.51
6671.1;0.653
6671.6;0.854
6672.1;0.608
6672.6;0.458
6673.1;0.731
6673.6;0.488
6674.1;0.125
6674.6;0.218
6675.1;0.289
6675.6;0.365
6676.1;0.224
6676.6;1.018
6677.1;0.451
6677.6;0.278
6678.1;1.276
6678.6;0.913
6679.1;0.384
6679.6;1.284
6680.1;0.141
6680.6;0.34
6681.1;0.146
6681.6;0.34
6682.1;0.252
6682.6;0.509
6683.1;0.62
6683.6;0.197
6684.1;0.505
6684.6;0.388
6685.1;0.531
6685.6;0.986
6686.1;0.932
6686.6;0.925
6687.1;1.326
6687.6;0.959
6688.1;1.189
6688.6;1.327
6689.1;0.535
6689.6;0.683
6690.1;0.211
6690.6;1.104
6691.1;1.033
6691.6;1.478
6692.1;0.762
6692.6;0.94
6693.1;1.063
6693.6;0.822
6694.1;0.752
6694.6;0.71
6695.1;0.728
6695.6;0.586
6696.1;0.57
6696.6;1.95
6697.1;1.504
6697.6;1.277
6698.1;1.72
6698.6;1.793
6699.1;1.531
6699.6;2.134
6700.1;2.619
6700.6;1.788
6701.1;0.944
6701.6;1.65
6702.1;1.312
6702.6;1.199
6703.1;1.828
6703.6;0.898
6704.1;1.338
6704.6;0.463
6705.1;0.936
6705.6;1.581
6706.1;0.994
6706.6;1.326
6707.1;1.534
6707.6;0.344
6708.1;0.742
6708.6;1.01
6709.1;0.44
6709.6;0.902
6710.1;1.587
6710.6;1.002
6711.1;1.191
6711.6;1.492
6712.1;0.62
6712.6;1.144
6713.1;0.177
6713.6;1.066
6714.1;1.23
6714.6;1.493
6715.1;1.595
6715.6;1.377
6716.1;1.493
6716.6;2.214
6717.1;1.696
6717.6;1.01
6718.1;1.282
6718.6;1.001
6719.1;1.338
6719.6;0.977
6720.1;1.313
6720.6;1.01
6721.1;2.107
6721.6;1.72
6722.1;1.348
6722.6;1.523
6723.1;1.349
6723.6;1.517
6724.1;0.962
6724.6;1.584
6725.1;1.714
6725.6;2.006
6726.1;2.543
6726.6;2.336
6727.1;1.562
6727.6;1.481
6728.1;1.808
6728.6;1.046
6729.1;1.899
6729.6;2.162
6730.1;0.876
6730.6;1.516
6731.1;2.047
6731.6;2.096
6732.1;2.169
6732.6;1.435
6733.1;0.875
6733.6;1.48
6734.1;1.584
6734.6;1.068
6735.1;0.701
6735.6;0.999
6736.1;1.366
6736.6;1.371
6737.1;0.361
6737.6;0.915
6738.1;1.853
6738.6;1.245
6739.1;0.882
6739.6;0.508
6740.1;0.542
6740.6;0.392
6741.1;1.308
6741.6;0.73
6742.1;0.842
6742.6;1.315
6743.1;0.742
6743.6;1.292
6744.1;1.127
6744.6;0.846
6745.1;1.237
6745.6;1.511
6746.1;0.857
6746.6;0.355
6747.1;0.823
6747.6;0.488
6748.1;0.202
6748.6;0.87
6749.1;0.498
6749.6;0.159
6750.1;0.634
6750.6;0.962
6751.1;0.683
6751.6;0.592
6752.1;0.053
6752.6;0.393
6753.1;0.331
6753.6;0.41
6754.1;0.541
6754.6;0.792
6755.1;0.313
6755.6;0.345
6756.1;0.221
6756.6;0.395
6757.1;0.463
6757.6;0.733
6758.1;0.604
6758.6;0.08
6759.1;1.013
6759.6;0.557
6760.1;1.16
6760.6;0.212
6761.1;0.313
6761.6;0.37
6762.1;0.221
6762.6;0.729
6763.1;0.46
6763.6;0.448
6764.1;0.908
6764.6;0.463
6765.1;0.411
6765.6;0.302
6766.1;0.552
6766.6;0.159
6767.1;0.214
6767.6;0.422
6768.1;0.385
6768.6;0.281
6769.1;0.509
6769.6;0.699
6770.1;0.252
6770.6;0.51
6771.1;0.46
6771.6;0.435
6772.1;0.626
6772.6;0.446
6773.1;1.016
6773.6;0.346
6774.1;0.456
6774.6;0.326
6775.1;0.478
6775.6;0.219
6776.1;0.72
6776.6;0.663
6777.1;0.544
6777.6;1.158
6778.1;0.363
6778.6;0.388
6779.1;0.842
6779.6;0.465
6780.1;0.532
6780.6;1.167
6781.1;0.487
6781.6;0.455
6782.1;0.558
6782.6;0.594
6783.1;0.363
6783.6;1.168
6784.1;0.882
6784.6;0.254
6785.1;0.624
6785.6;0.143
6786.1;0.754
6786.6;0.285
6787.1;0.17
6787.6;0.217
6788.1;0.052
6788.6;0.169
6789.1;0.743
6789.6;0.136
6790.1;0.334
6790.6;0.663
6791.1;0.972
6791.6;0.343
6792.1;0.649
6792.6;0.937
6793.1;0.732
6793.6;1.142
6794.1;0.133
6794.6;0.937
6795.1;0.689
6795.6;1.474
6796.1;0.376
6796.6;0.481
6797.1;0.268
6797.6;0.232
6798.1;0.562
6798.6;0.962
6799.1;0.29
6799.6;0.647
6800.1;0.297
6800.6;0.332
6801.1;0.665
6801.6;0.812
6802.1;0.843
6802.6;0.463
6803.1;0.299
6803.6;0.757
6804.1;1.792
6804.6;1.066
6805.1;0.784
6805.6;0.56
6806.1;0.338
6806.6;0.733
6807.1;0.83
6807.6;0.551
6808.1;0.159
6808.6;0.275
6809.1;0.606
6809.6;0.911
6810.1;0.489
6810.6;0.487
6811.1;0.596
6811.6;0.432
6812.1;0.472
6812.6;1.263
6813.1;0.628
6813.6;0.418
6814.1;0.338
6814.6;1.227
6815.1;0.91
6815.6;0.359
6816.1;0.924
6816.6;0.578
6817.1;0.998
6817.6;0.347
6818.1;0.775
6818.6;0.626
6819.1;1.0
6819.6;0.46
6820.1;0.705
6820.6;0.563
6821.1;0.878
6821.6;0.476
6822.1;0.372
6822.6;1.101
6823.1;0.867
6823.6;0.505
6824.1;0.277
6824.6;1.156
6825.1;0.534
6825.6;0.822
6826.1;0.812
6826.6;1.272
6827.1;1.414
6827.6;1.644
6828.1;0.877
6828.6;0.666
6829.1;0.625
6829.6;0.908
6830.1;0.959
6830.6;0.032
6831.1;0.658
6831.6;0.34
6832.1;0.85
6832.6;0.248
6833.1;1.195
6833.6;0.197
6834.1;0.892
6834.6;0.988
6835.1;0.694
6835.6;0.293
6836.1;0.283
6836.6;0.597
6837.1;0.869
6837.6;0.93
6838.1;0.577
6838.6;0.532
6839.1;0.035
6839.6;0.493
6840.1;1.072
6840.6;0.458
6841.1;0.883
6841.6;1.226
6842.1;0.522
6842.6;1.055
6843.1;0.521
6843.6;0.896
6844.1;0.645
6844.6;1.104
6845.1;0.158
6845.6;0.791
6846.1;0.737
6846.6;0.789
6847.1;0.219
6847.6;0.906
6848.1;0.992
6848.6;1.053
6849.1;0.331
6849.6;0.216
6850.1;0.849
6850.6;0.154
6851.1;0.908
6851.6;0.795
6852.1;1.225
6852.6;0.715
6853.1;1.173
6853.6;0.607
6854.1;0.439
6854.6;0.398
6855.1;0.178
6855.6;0.237
6856.1;0.575
6856.6;0.829
6857.1;1.231
6857.6;0.623
6858.1;0.844
6858.6;0.553
6859.1;1.085
6859.6;0.777
6860.1;0.194
6860.6;0.287
6861.1;0.358
6861.6;0.164
6862.1;0.41
6862.6;0.389
6863.1;0.259
6863.6;0.141
6864.1;0.29
6864.6;0.509
6865.1;0.431
6865.6;0.407
6866.1;0.414
6866.6;0.736
6867.1;0.263
6867.6;0.378
6868.1;0.243
6868.6;0.514
6869.1;0.647
6869.6;0.329
6870.1;0.38
6870.6;0.396
6871.1;0.369
6871.6;0.599
6872.1;0.441
6872.6;0.194
6873.1;0.069
6873.6;0.316
6874.1;0.125
6874.6;0.422
6875.1;1.037
6875.6;0.612
6876.1;0.581
6876.6;0.393
6877.1;0.358
6877.6;0.491
6878.1;0.208
6878.6;0.478
6879.1;0.639
6879.6;0.179
6880.1;0.826
6880.6;0.332
6881.1;0.479
6881.6;0.097
6882.1;0.773
6882.6;0.305
6883.1;0.883
6883.6;0.459
6884.1;0.645
6884.6;0.297
6885.1;0.334
6885.6;0.088
6886.1;0.754
6886.6;0.592
6887.1;0.599
6887.6;0.381
6888.1;0.197
6888.6;0.387
6889.1;0.372
6889.6;1.037
6890.1;0.905
6890.6;0.443
6891.1;0.463
6891.6;1.111
6892.1;0.838
6892.6;0.226
6893.1;0.302
6893.6;0.286
6894.1;0.594
6894.6;0.893
6895.1;0.711
6895.6;1.138
6896.1;0.608
6896.6;0.476
6897.1;0.776
6897.6;0.816
6898.1;0.587
6898.6;0.253
6899.1;0.229
6899.6;0.362
6900.1;0.641
6900.6;0.758
6901.1;1.151
6901.6;0.859
6902.1;0.974
6902.6;0.73
6903.1;0.476
6903.6;0.898
6904.1;0.675
6904.6;0.913
6905.1;1.48
6905.6;0.284
6906.1;0.203
6906.6;0.672
6907.1;0.708
6907.6;0.799
6908.1;0.839
6908.6;0.379
6909.1;0.481
6909.6;1.274
6910.1;1.175
6910.6;0.693
6911.1;0.321
6911.6;0.514
6912.1;0.74
6912.6;0.949
6913.1;0.322
6913.6;0.781
6914.1;0.226
6914.6;0.203
6915.1;0.523
6915.6;0.588
6916.1;0.415
6916.6;0.09
6917.1;0.476
6917.6;0.374
6918.1;0.553
6918.6;0.462
6919.1;0.128
6919.6;0.189
6920.1;0.316
6920.6;0.027
6921.1;0.012
6921.6;0.265
6922.1;0.238
6922.6;0.401
6923.1;0.423
6923.6;0.22
6924.1;0.396
6924.6;0.208
6925.1;0.506
6925.6;0.582
6926.1;0.395
6926.6;0.813
6927.1;0.278
6927.6;0.166
6928.1;0.441
6928.6;0.571
6929.1;0.692
6929.6;0.351
6930.1;0.579
6930.6;0.794
6931.1;0.755
6931.6;0.311
6932.1;0.275
6932.6;0.368
6933.1;0.418
6933.6;0.394
6934.1;0.247
6934.6;0.482
6935.1;0.463
6935.6;0.167
6936.1;0.526
6936.6;0.522
6937.1;0.197
6937.6;0.479
6938.1;0.513
6938.6;0.525
6939.1;0.395
6939.6;0.409
6940.1;0.551
6940.6;0.319
6941.1;0.287
6941.6;0.164
6942.1;0.392
6942.6;0.851
6943.1;0.4
6943.6;0.615
6944.1;0.175
6944.6;0.502
6945.1;0.414
6945.6;0.207
6946.1;0.778
6946.6;0.191
6947.1;0.506
6947.6;0.388
6948.1;0.137
6948.6;0.068
6949.1;0.432
6949.6;0.361
6950.1;0.268
6950.6;0.164
6951.1;0.523
6951.6;0.158
6952.1;0.479
6952.6;0.696
6953.1;0.107
6953.6;0.592
6954.1;0.507
6954.6;0.181
6955.1;0.45
6955.6;0.103
6956.1;0.308
6956.6;0.609
6957.1;0.072
6957.6;0.365
6958.1;0.261
6958.6;0.521
6959.1;0.268
6959.6;0.124
6960.1;0.125
6960.6;0.372
6961.1;0.352
6961.6;0.098
6962.1;0.248
6962.6;0.563
6963.1;0.385
6963.6;0.644
6964.1;0.029
6964.6;0.223
6965.1;0.434
6965.6;0.581
6966.1;0.612
6966.6;0.714
6967.1;0.658
6967.6;0.634
6968.1;0.436
6968.6;0.482
6969.1;0.381
6969.6;0.422
6970.1;0.272
6970.6;0.387
6971.1;0.347
6971.6;0.486
6972.1;0.569
6972.6;0.053
6973.1;0.143
6973.6;0.281
6974.1;0.137
6974.6;0.525
6975.1;0.517
6975.6;0.204
6976.1;0.272
6976.6;0.36
6977.1;0.445
6977.6;0.542
6978.1;0.144
6978.6;0.53
6979.1;0.392
6979.6;0.251
6980.1;0.122
6980.6;0.313
6981.1;0.602
6981.6;0.539
6982.1;0.674
6982.6;0.237
6983.1;0.683
6983.6;0.163
6984.1;0.969
6984.6;0.493
6985.1;0.308
6985.6;0.488
6986.1;0.255
6986.6;0.315
6987.1;0.26
6987.6;0.547
6988.1;0.134
6988.6;0.515
6989.1;0.316
6989.6;0.319
6990.1;0.3
6990.6;0.288
6991.1;0.652
6991.6;0.402
6992.1;0.409
6992.6;0.56
6993.1;0.498
6993.6;0.585
6994.1;0.575
6994.6;1.26
6995.1;0.364
6995.6;0.405
6996.1;0.799
6996.6;1.078
6997.1;0.639
6997.6;0.765
6998.1;1.004
6998.6;0.896
6999.1;0.757
6999.6;0.556
7000.1;0.894
7000.6;0.265
7001.1;0.362
7001.6;0.579
7002.1;0.964
7002.6;0.462
7003.1;0.052
7003.6;0.673
7004.1;0.559
7004.6;0.7
7005.1;0.416
7005.6;0.582
7006.1;0.254
7006.6;0.476
7007.1;0.225
7007.6;0.258
7008.1;0.402
7008.6;0.924
7009.1;0.351
7009.6;0.284
7010.1;0.882
7010.6;0.548
7011.1;0.184
7011.6;0.221
7012.1;0.176
7012.6;0.508
7013.1;0.238
7013.6;0.153
7014.1;0.428
7014.6;0.159
7015.1;0.49
7015.6;0.282
7016.1;0.473
7016.6;0.149
7017.1;0.116
7017.6;0.219
7018.1;0.302
7018.6;0.195
7019.1;0.258
7019.6;0.198
7020.1;0.524
7020.6;0.477
7021.1;0.437
7021.6;0.151
7022.1;0.078
7022.6;0.29
7023.1;0.212
7023.6;0.422
7024.1;0.358
7024.6;0.698
7025.1;0.123
7025.6;0.173
7026.1;0.235
7026.6;0.466
7027.1;0.212
7027.6;0.322
7028.1;0.419
7028.6;0.515
7029.1;0.336
7029.6;0.352
7030.1;0.288
7030.6;0.276
7031.1;0.241
7031.6;0.043
7032.1;0.356
7032.6;0.136
7033.1;0.365
7033.6;0.294
7034.1;0.084
7034.6;0.079
7035.1;0.613
7035.6;0.311
7036.1;0.574
7036.6;0.22
7037.1;0.576
7037.6;0.184
7038.1;0.423
7038.6;0.309
7039.1;0.485
7039.6;0.41
7040.1;0.275
7040.6;0.338
7041.1;0.17
7041.6;0.865
7042.1;0.571
7042.6;0.102
7043.1;0.382
7043.6;0.387
7044.1;0.632
7044.6;0.383
7045.1;0.213
7045.6;0.358
7046.1;0.479
7046.6;0.776
7047.1;0.304
7047.6;0.477
7048.1;0.35
7048.6;0.291
7049.1;0.305
7049.6;0.181
7050.1;0.557
7050.6;0.39
7051.1;0.179
7051.6;0.255
7052.1;0.233
7052.6;0.283
7053.1;0.073
7053.6;0.588
7054.1;0.572
7054.6;0.461
7055.1;0.571
7055.6;0.658
7056.1;0.484
7056.6;0.655
7057.1;0.275
7057.6;0.477
7058.1;0.383
7058.6;0.396
7059.1;0.218
7059.6;0.43
7060.1;0.515
7060.6;0.329
7061.1;0.342
7061.6;0.246
7062.1;0.598
7062.6;0.663
7063.1;0.341
7063.6;0.467
7064.1;0.743
7064.6;0.111
7065.1;0.168
7065.6;0.311
7066.1;0.195
7066.6;0.393
7067.1;0.822
7067.6;0.23
7068.1;0.341
7068.6;0.645
7069.1;0.115
7069.6;0.762
7070.1;0.164
7070.6;0.554
7071.1;0.289
7071.6;0.292
7072.1;0.363
7072.6;0.342
7073.1;0.697
7073.6;0.16
7074.1;0.606
7074.6;0.907
7075.1;0.121
7075.6;0.616
7076.1;0.321
7076.6;0.196
7077.1;0.538
7077.6;0.289
7078.1;1.026
7078.6;0.212
7079.1;0.587
7079.6;0.861
7080.1;0.433
7080.6;0.068
7081.1;0.765
7081.6;0.857
7082.1;0.416
7082.6;0.66
7083.1;1.288
7083.6;0.405
7084.1;0.467
7084.6;0.266
7085.1;0.61
7085.6;0.59
7086.1;0.584
7086.6;0.609
7087.1;0.323
7087.6;0.1
7088.1;0.428
7088.6;0.404
7089.1;0.534
7089.6;0.912
7090.1;0.732
7090.6;0.329
7091.1;0.378
7091.6;0.796
7092.1;0.259
7092.6;0.868
7093.1;0.517
7093.6;0.859
7094.1;0.459
7094.6;0.9
7095.1;0.687
7095.6;0.098
7096.1;0.333
7096.6;0.438
7097.1;0.325
7097.6;0.197
7098.1;0.05
7098.6;0.755
7099.1;0.336
7099.6;0.46
7100.1;0.897
7100.6;0.249
7101.1;0.526
7101.6;0.586
7102.1;0.326
7102.6;0.308
7103.1;0.794
7103.6;0.163
7104.1;0.02
7104.6;0.445
7105.1;0.558
7105.6;0.156
7106.1;0.491
7106.6;0.748
7107.1;0.353
7107.6;0.4
7108.1;0.492
7108.6;0.103
7109.1;0.43
7109.6;0.306
7110.1;0.807
7110.6;0.351
7111.1;0.432
7111.6;0.144
7112.1;0.525
7112.6;0.262
7113.1;0.22
7113.6;0.666
7114.1;0.21
7114.6;0.494
7115.1;0.551
7115.6;0.698
7116.1;0.197
7116.6;0.371
7117.1;0.412
7117.6;0.298
7118.1;0.535
7118.6;0.502
7119.1;0.506
7119.6;0.57
7120.1;0.944
7120.6;0.26
7121.1;0.475
7121.6;0.554
7122.1;0.479
7122.6;0.368
7123.1;0.657
7123.6;0.514
7124.1;0.931
7124.6;0.932
7125.1;0.098
7125.6;0.328
7126.1;0.481
7126.6;0.561
7127.1;0.461
7127.6;1.052
7128.1;0.803
7128.6;0.913
7129.1;0.745
7129.6;0.737
7130.1;0.665
7130.6;0.826
7131.1;0.722
7131.6;0.812
7132.1;1.336
7132.6;0.295
7133.1;0.685
7133.6;0.561
7134.1;0.443
7134.6;0.6
7135.1;0.391
7135.6;0.964
7136.1;0.898
7136.6;0.465
7137.1;0.706
7137.6;0.866
7138.1;0.501
7138.6;0.408
7139.1;0.794
7139.6;1.188
7140.1;0.336
7140.6;0.8
7141.1;0.499
7141.6;0.967
7142.1;0.475
7142.6;0.711
7143.1;0.226
7143.6;0.411
7144.1;0.595
7144.6;0.788
7145.1;0.259
7145.6;0.727
7146.1;0.367
7146.6;0.353
7147.1;0.984
7147.6;0.749
7148.1;0.524
7148.6;0.637
7149.1;0.576
7149.6;0.838
7150.1;0.37
7150.6;0.401
7151.1;0.305
7151.6;0.852
7152.1;0.263
7152.6;0.521
7153.1;0.791
7153.6;0.8
7154.1;0.54
7154.6;1.284
7155.1;0.594
7155.6;0.727
7156.1;0.518
7156.6;0.608
7157.1;0.484
7157.6;1.243
7158.1;0.929
7158.6;0.068
7159.1;0.684
7159.6;0.866
7160.1;1.242
7160.6;0.959
7161.1;0.208
7161.6;0.731
7162.1;0.076
7162.6;0.426
7163.1;1.006
7163.6;0.524
7164.1;0.464
7164.6;0.851
7165.1;1.334
7165.6;0.779
7166.1;0.96
7166.6;1.21
7167.1;0.412
7167.6;0.818
7168.1;0.38
7168.6;0.193
7169.1;0.219
7169.6;0.553
7170.1;0.429
7170.6;0.209
7171.1;0.241
7171.6;0.78
7172.1;0.221
7172.6;0.279
7173.1;0.167
7173.6;1.026
7174.1;1.172
7174.6;0.621
7175.1;0.638
7175.6;0.435
7176.1;0.854
7176.6;0.078
7177.1;0.828
7177.6;0.454
7178.1;1.328
7178.6;1.096
7179.1;0.552
7179.6;0.794
7180.1;0.406
7180.6;0.519
7181.1;0.324
7181.6;0.357
7182.1;0.454
7182.6;1.175
7183.1;0.881
7183.6;0.796
7184.1;0.621
7184.6;0.734
7185.1;1.028
7185.6;0.354
7186.1;0.39
7186.6;0.456
7187.1;1.317
7187.6;0.999
7188.1;0.113
7188.6;0.871
7189.1;0.263
7189.6;0.843
7190.1;0.068
7190.6;0.758
7191.1;0.299
7191.6;0.653
7192.1;1.017
7192.6;0.097
7193.1;0.682
7193.6;0.902
7194.1;0.288
7194.6;0.776
7195.1;0.418
7195.6;1.118
7196.1;0.272
7196.6;0.529
7197.1;0.111
7197.6;0.273
7198.1;0.421
7198.6;0.402
7199.1;0.31
7199.6;0.542
7200.2;0.694
7200.7;0.495
7201.2;0.096
7201.7;0.281
7202.2;0.322
7202.7;0.152
7203.2;0.559
7203.7;0.11
7204.2;0.665
7204.7;0.172
7205.2;0.28
7205.7;0.283
7206.2;0.547
7206.7;0.582
7207.2;0.322
7207.7;0.378
7208.2;0.391
7208.7;0.277
7209.2;0.387
7209.7;0.262
7210.2;0.235
7210.7;0.074
7211.2;0.71
7211.7;0.501
7212.2;0.2
7212.7;0.638
7213.2;0.501
7213.7;0.223
7214.2;0.314
7214.7;0.718
7215.2;0.201
7215.7;0.107
7216.2;0.239
7216.7;0.112
7217.2;0.181
7217.7;0.061
7218.2;0.426
7218.7;0.172
7219.2;0.309
7219.7;0.558
7220.2;0.427
7220.7;0.441
7221.2;0.571
7221.7;0.874
7222.2;0.395
7222.7;0.035
7223.2;0.315
7223.7;0.406
7224.2;0.289
7224.7;0.138
7225.2;0.505
7225.7;0.446
7226.2;0.199
7226.7;1.19
7227.2;0.526
7227.7;0.19
7228.2;0.663
7228.7;0.39
7229.2;0.298
7229.7;0.499
7230.2;0.589
7230.7;0.494
7231.2;0.251
7231.7;0.374
7232.2;0.164
7232.7;0.247
7233.2;0.182
7233.7;0.78
7234.2;0.187
7234.7;0.103
7235.2;0.574
7235.7;0.575
7236.2;0.282
7236.7;0.542
7237.2;1.189
7237.7;0.523
7238.2;0.412
7238.7;0.222
7239.2;0.194
7239.7;0.297
7240.2;0.074
7240.7;0.544
7241.2;0.693
7241.7;0.467
7242.2;0.397
7242.7;0.195
7243.2;0.232
7243.7;0.179
7244.2;0.301
7244.7;0.537
7245.2;0.136
7245.7;0.471
7246.2;0.373
7246.7;0.233
7247.2;0.203
7247.7;0.07
7248.2;0.323
7248.7;0.357
7249.2;0.489
7249.7;0.588
7250.2;0.327
7250.7;0.684
7251.2;0.174
7251.7;0.257
7252.2;0.181
7252.7;0.293
7253.2;0.527
7253.7;0.121
7254.2;0.132
7254.7;0.36
7255.2;0.47
7255.7;0.271
7256.2;0.252
7256.7;0.384
7257.2;0.16
7257.7;0.425
7258.2;0.421
7258.7;0.222
7259.2;0.677
7259.7;0.726
7260.2;0.499
7260.7;0.269
7261.2;0.732
7261.7;0.722
7262.2;0.085
7262.7;0.721
7263.2;0.214
7263.7;0.065
7264.2;0.669
7264.7;0.46
7265.2;0.349
7265.7;0.509
7266.2;0.683
7266.7;0.833
7267.2;0.261
7267.7;0.556
7268.2;0.475
7268.7;0.205
7269.2;0.224
7269.7;0.715
7270.2;0.717
7270.7;0.255
7271.2;0.753
7271.7;0.529
7272.2;0.226
7272.7;0.653
7273.2;0.661
7273.7;0.566
7274.2;0.27
7274.7;0.385
7275.2;0.596
7275.7;0.251
7276.2;0.631
7276.7;0.175
7277.2;0.289
7277.7;0.642
7278.2;0.338
7278.7;0.245
7279.2;0.087
7279.7;0.36
7280.2;0.198
7280.7;0.291
7281.2;0.486
7281.7;0.287
7282.2;0.356
7282.7;0.494
7283.2;0.408
7283.7;0.175
7284.2;0.415
7284.7;0.452
7285.2;0.511
7285.7;0.515
7286.2;0.547
7286.7;0.227
7287.2;0.287
7287.7;0.198
7288.2;0.107
7288.7;0.419
7289.2;0.105
7289.7;0.162
7290.2;0.265
7290.7;0.342
7291.2;0.417
7291.7;0.657
7292.2;0.35
7292.7;0.11
7293.2;0.091
7293.7;0.283
7294.2;0.247
7294.7;0.17
7295.2;0.586
7295.7;0.174
7296.2;0.338
7296.7;0.376
7297.2;0.212
7297.7;0.018
7298.2;0.23
7298.7;0.167
7299.2;0.237
7299.7;0.38
7300.2;0.036
7300.7;0.287
7301.2;0.356
7301.7;0.236
7302.2;0.514
7302.7;0.086
7303.2;0.325
7303.7;0.414
7304.2;0.135
7304.7;0.385
7305.2;0.442
7305.7;0.394
7306.2;0.349
7306.7;0.566
7307.2;0.356
7307.7;0.125
7308.2;0.659
7308.7;0.192
7309.2;0.268
7309.7;0.734
7310.2;0.107
7310.7;0.276
7311.2;0.511
7311.7;0.304
7312.2;0.234
7312.7;0.429
7313.2;0.208
7313.7;0.225
7314.2;0.243
7314.7;0.273
7315.2;0.424
7315.7;0.384
7316.2;0.477
7316.7;0.38
7317.2;0.306
7317.7;0.373
7318.2;0.33
7318.7;0.244
7319.2;0.413
7319.7;0.281
7320.2;0.615
7320.7;0.136
7321.2;0.64
7321.7;0.384
7322.2;0.017
7322.7;0.352
7323.2;0.14
7323.7;0.482
7324.2;0.313
7324.7;0.219
7325.2;0.362
7325.7;0.288
7326.2;0.52
7326.7;0.206
7327.2;0.238
7327.7;0.359
7328.2;0.518
7328.7;0.625
7329.2;0.113
7329.7;0.276
7330.2;0.2
7330.7;0.294
7331.2;0.441
7331.7;0.271
7332.2;0.543
7332.7;0.12
7333.2;0.378
7333.7;0.507
7334.2;0.324
7334.7;0.612
7335.2;0.337
7335.7;0.042
7336.2;0.47
7336.7;0.383
7337.2;0.452
7337.7;0.146
7338.2;0.287
7338.7;0.181
7339.2;0.088
7339.7;0.211
7340.2;0.119
7340.7;0.46
7341.2;0.258
7341.7;0.55
7342.2;0.555
7342.7;0.233
7343.2;0.37
7343.7;0.06
7344.2;0.095
7344.7;0.15
7345.2;0.36
7345.7;0.531
7346.2;0.115
7346.7;0.525
7347.2;0.481
7347.7;0.251
7348.2;0.255
7348.7;0.125
7349.2;0.342
7349.7;0.056
7350.2;0.471
7350.7;0.599
7351.2;0.059
7351.7;0.127
7352.2;0.4
7352.7;0.023
7353.2;0.101
7353.7;0.192
7354.2;0.492
7354.7;0.366
7355.2;0.472
7355.7;0.597
7356.2;0.097
7356.7;0.387
7357.2;0.05
7357.7;0.149
7358.2;0.282
7358.7;0.154
7359.2;0.385
7359.7;0.231
7360.2;0.111
7360.7;0.326
7361.2;0.055
7361.7;0.09
7362.2;0.074
7362.7;0.186
7363.2;0.117
7363.7;0.415
7364.2;0.428
7364.7;0.501
7365.2;0.337
7365.7;0.226
7366.2;0.286
7366.7;0.038
7367.2;0.131
7367.7;0.52
7368.2;0.373
7368.7;0.032
7369.2;0.372
7369.7;0.081
7370.2;0.464
7370.7;0.353
7371.2;0.134
7371.7;0.164
7372.2;0.276
7372.7;0.599
7373.2;0.211
7373.7;0.84
7374.2;0.763
7374.7;0.545
7375.2;0.794
7375.7;0.229
7376.2;0.261
7376.7;0.151
7377.2;0.326
7377.7;0.29
7378.2;0.157
7378.7;0.684
7379.2;0.305
7379.7;0.478
7380.2;0.247
7380.7;0.419
7381.2;0.187
7381.7;0.118
7382.2;0.12
7382.7;0.217
7383.2;0.38
7383.7;0.255
7384.2;0.115
7384.7;0.277
7385.2;0.336
7385.7;0.167
7386.2;0.231
7386.7;0.293
7387.2;0.16
7387.7;0.203
7388.2;0.282
7388.7;0.257
7389.2;0.394
7389.7;0.212
7390.2;0.318
7390.7;0.092
7391.2;0.454
7391.7;0.551
7392.2;0.135
7392.7;0.294
7393.2;0.182
7393.7;0.039
7394.2;0.115
7394.7;0.478
7395.2;0.485
7395.7;0.101
7396.2;0.227
7396.7;0.222
7397.2;0.148
7397.7;0.48
7398.2;0.434
7398.7;0.341
7399.2;0.602
7399.7;0.118
7400.2;0.429
7400.7;0.196
7401.2;0.146
7401.7;0.157
7402.2;0.27
7402.7;0.507
7403.2;0.292
7403.7;0.49
7404.2;0.491
7404.7;0.311
7405.2;0.384
7405.7;0.081
7406.2;0.303
7406.7;0.224
7407.2;0.407
7407.7;0.592
7408.2;0.463
7408.7;0.604
7409.2;0.169
7409.7;0.443
7410.2;0.426
7410.7;0.125
7411.2;0.231
7411.7;0.102
7412.2;0.349
7412.7;0.125
7413.2;0.361
7413.7;0.342
7414.2;0.257
7414.7;0.463
7415.2;0.091
7415.7;0.354
7416.2;0.378
7416.7;0.46
7417.2;0.293
7417.7;0.325
7418.2;0.742
7418.7;0.294
7419.2;0.46
7419.7;0.711
7420.2;0.191
7420.7;0.318
7421.2;0.45
7421.7;0.824
7422.2;0.381
7422.7;0.718
7423.2;0.64
7423.7;0.21
7424.2;0.484
7424.7;0.332
7425.2;0.377
7425.7;0.181
7426.2;0.947
7426.7;0.547
7427.2;0.677
7427.7;0.589
7428.2;0.221
7428.7;0.285
7429.2;0.39
7429.7;0.469
7430.2;0.449
7430.7;0.675
7431.2;0.661
7431.7;0.297
7432.2;0.499
7432.7;0.456
7433.2;0.295
7433.7;0.425
7434.2;0.927
7434.7;0.69
7435.2;0.429
7435.7;0.435
7436.2;0.678
7436.7;0.289
7437.2;0.331
7437.7;0.85
7438.2;0.53
7438.7;0.626
7439.2;0.465
7439.7;0.836
7440.2;0.692
7440.7;0.497
7441.2;0.736
7441.7;0.6
7442.2;0.517
7442.7;0.787
7443.2;0.637
7443.7;0.47
7444.2;0.268
7444.7;0.758
7445.2;0.376
7445.7;0.129
7446.2;0.407
7446.7;0.47
7447.2;0.56
7447.7;0.655
7448.2;0.483
7448.7;0.683
7449.2;0.585
7449.7;0.488
7450.2;0.566
7450.7;0.735
7451.2;0.866
7451.7;0.806
7452.2;0.969
7452.7;0.607
7453.2;0.567
7453.7;0.553
7454.2;0.556
7454.7;0.426
7455.2;1.018
7455.7;0.945
7456.2;0.576
7456.7;0.667
7457.2;0.857
7457.7;0.428
7458.2;0.114
7458.7;0.495
7459.2;0.773
7459.7;0.561
7460.2;0.636
7460.7;0.546
7461.2;0.459
7461.7;0.116
7462.2;0.223
7462.7;0.388
7463.2;0.208
7463.7;0.649
7464.2;0.7
7464.7;0.227
7465.2;0.41
7465.7;0.46
7466.2;0.52
7466.7;0.456
7467.2;0.375
7467.7;0.371
7468.2;0.555
7468.7;0.24
7469.2;0.158
7469.7;0.527
7470.2;0.653
7470.7;0.033
7471.2;0.276
7471.7;0.34
7472.2;0.608
7472.7;0.354
7473.2;0.303
7473.7;0.287
7474.2;0.385
7474.7;0.139
7475.2;0.261
7475.7;0.291
7476.2;0.211
7476.7;0.419
7477.2;0.176
7477.7;0.116
7478.2;0.405
7478.7;0.139
7479.2;0.063
7479.7;0.61
7480.2;0.388
7480.7;0.231
7481.2;0.746
7481.7;0.329
7482.2;0.321
7482.7;0.634
7483.2;0.167
7483.7;0.222
7484.2;0.176
7484.7;0.304
7485.2;0.582
7485.7;0.438
7486.2;0.438
7486.7;0.245
7487.2;0.28
7487.7;0.156
7488.2;0.33
7488.7;0.187
7489.2;0.5
7489.7;0.441
7490.2;0.071
7490.7;0.382
7491.2;0.499
7491.7;0.07
7492.2;0.103
7492.7;0.24
7493.2;0.187
7493.7;0.134
7494.2;0.445
7494.7;0.389
7495.2;0.012
7495.7;0.614
7496.2;0.235
7496.7;0.293
7497.2;0.17
7497.7;0.119
7498.2;0.372
7498.7;0.194
7499.2;0.193
7499.7;0.48
7500.2;0.081
7500.7;0.216
7501.2;0.277
7501.7;0.056
7502.2;0.215
7502.7;0.128
7503.2;0.482
7503.7;0.497
7504.2;0.632
7504.7;0.518
7505.2;0.561
7505.7;0.163
7506.2;0.12
7506.7;0.462
7507.2;0.228
7507.7;0.275
7508.2;0.348
7508.7;0.731
7509.2;0.497
7509.7;0.254
7510.2;0.519
7510.7;0.19
7511.2;0.358
7511.7;0.144
7512.2;0.894
7512.7;0.477
7513.2;0.386
7513.7;0.337
7514.2;0.313
7514.7;0.236
7515.2;0.403
7515.7;0.528
7516.2;0.622
7516.7;0.398
7517.2;0.753
7517.7;0.806
7518.2;0.726
7518.7;0.282
7519.2;0.693
7519.7;0.307
7520.2;0.28
7520.7;0.684
7521.2;0.51
7521.7;0.2
7522.2;0.497
7522.7;0.631
7523.2;0.596
7523.7;0.546
7524.2;0.329
7524.7;0.456
7525.2;0.611
7525.7;0.659
7526.2;0.433
7526.7;0.345
7527.2;0.294
7527.7;0.32
7528.2;0.126
7528.7;0.124
7529.2;0.459
7529.7;0.327
7530.2;0.194
7530.7;0.436
7531.2;0.491
7531.7;0.446
7532.2;0.659
7532.7;0.321
7533.2;0.421
7533.7;0.52
7534.2;0.436
7534.7;0.305
7535.2;0.593
7535.7;0.553
7536.2;0.389
7536.7;0.352
7537.2;0.51
7537.7;0.478
7538.2;0.416
7538.7;0.708
7539.2;0.599
7539.7;0.574
7540.2;0.588
7540.7;0.249
7541.2;0.116
7541.7;0.18
7542.2;0.581
7542.7;0.415
7543.2;0.107
7543.7;0.285
7544.2;0.458
7544.7;0.45
7545.2;0.195
7545.7;0.489
7546.2;0.438
7546.7;0.251
7547.2;0.284
7547.7;0.094
7548.2;0.457
7548.7;0.201
7549.2;0.097
7549.7;0.402
7550.2;0.707
7550.7;0.38
7551.2;0.449
7551.7;0.502
7552.2;0.225
7552.7;0.267
7553.2;0.29
7553.7;0.357
7554.2;0.365
7554.7;0.585
7555.2;0.765
7555.7;0.267
7556.2;0.386
7556.7;0.751
7557.2;0.324
7557.7;0.247
7558.2;0.49
7558.7;0.521
7559.2;0.217
7559.7;0.314
7560.2;0.346
7560.7;0.072
7561.2;0.205
7561.7;0.093
7562.2;0.307
7562.7;0.461
7563.2;0.338
7563.7;0.476
7564.2;0.372
7564.7;0.236
7565.2;0.346
7565.7;0.362
7566.2;0.5
7566.7;0.377
7567.2;0.47
7567.7;0.584
7568.2;0.418
7568.7;0.57
7569.2;0.765
7569.7;0.56
7570.2;0.388
7570.7;0.699
7571.2;0.687
7571.7;0.11
7572.2;0.619
7572.7;0.595
7573.2;0.196
7573.7;0.557
7574.2;0.425
7574.7;0.47
7575.2;0.249
7575.7;0.293
7576.2;0.423
7576.7;0.142
7577.2;0.269
7577.7;0.527
7578.2;0.217
7578.7;0.156
7579.2;0.221
7579.7;0.258
7580.2;0.29
7580.7;0.386
7581.2;0.572
7581.7;0.452
7582.2;0.239
7582.7;0.278
7583.2;0.277
7583.7;0.27
7584.2;0.283
7584.7;0.451
7585.2;0.309
7585.7;0.424
7586.2;0.398
7586.7;0.214
7587.2;0.277
7587.7;0.151
7588.2;0.203
7588.7;0.085
7589.2;0.219
7589.7;0.162
7590.2;0.138
7590.7;0.236
7591.2;0.186
7591.7;0.277
7592.2;0.042
7592.7;0.29
7593.2;0.455
7593.7;0.092
7594.2;0.233
7594.7;0.1
7595.2;0.249
7595.7;0.269
7596.2;0.416
7596.7;0.034
7597.2;0.062
7597.7;0.365
7598.2;0.125
7598.7;0.114
7599.2;0.068
7599.7;0.091
7600.2;0.205
7600.7;0.33
7601.2;0.363
7601.7;0.187
7602.2;0.645
7602.7;0.263
7603.2;0.519
7603.7;0.455
7604.2;0.158
7604.7;0.497
7605.2;0.193
7605.7;0.349
7606.2;0.284
7606.7;0.527
7607.2;0.131
7607.7;0.317
7608.2;0.663
7608.7;0.392
7609.2;0.512
7609.7;0.706
7610.2;0.471
7610.7;0.253
7611.2;0.152
7611.7;0.141
7612.2;0.487
7612.7;0.331
7613.2;0.744
7613.7;0.485
7614.2;0.318
7614.7;0.408
7615.2;0.306
7615.7;0.268
7616.2;0.443
7616.7;0.474
7617.2;0.408
7617.7;0.37
7618.2;0.787
7618.7;0.284
7619.2;0.178
7619.7;0.376
7620.2;0.163
7620.7;0.312
7621.2;0.588
7621.7;1.032
7622.2;0.454
7622.7;0.672
7623.2;0.793
7623.7;0.119
7624.2;0.447
7624.7;0.58
7625.2;0.266
7625.7;0.524
7626.2;0.375
7626.7;0.943
7627.2;0.453
7627.7;0.121
7628.2;0.788
7628.7;0.209
7629.2;0.362
7629.7;0.305
7630.2;0.636
7630.7;0.277
7631.2;0.411
7631.7;0.794
7632.2;0.047
7632.7;0.528
7633.2;0.458
7633.7;0.414
7634.2;0.791
7634.7;0.301
7635.2;0.999
7635.7;0.267
7636.2;0.185
7636.7;1.001
7637.2;0.335
7637.7;0.196
7638.2;0.529
7638.7;0.346
7639.2;0.39
7639.7;0.426
7640.2;0.502
7640.7;0.345
7641.2;0.415
7641.7;0.281
7642.2;0.402
7642.7;0.372
7643.2;0.417
7643.7;0.284
7644.2;0.354
7644.7;0.209
7645.2;0.325
7645.7;0.445
7646.2;0.121
7646.7;0.669
7647.2;0.456
7647.7;0.371
7648.2;0.624
7648.7;0.504
7649.2;0.111
7649.7;0.219
7650.2;0.577
7650.7;0.245
7651.2;0.346
7651.7;0.387
7652.2;0.085
7652.7;0.811
7653.2;0.497
7653.7;0.088
7654.2;0.233
7654.7;0.377
7655.2;0.067
7655.7;0.291
7656.2;0.342
7656.7;0.237
7657.2;0.501
7657.7;0.267
7658.2;0.393
7658.7;0.631
7659.2;0.286
7659.7;0.293
7660.2;0.301
7660.7;0.671
7661.2;0.636
7661.7;0.517
7662.2;0.335
7662.7;0.213
7663.2;0.473
7663.7;0.372
7664.2;0.254
7664.7;0.399
7665.2;0.249
7665.7;0.555
7666.2;0.334
7666.7;0.208
7667.2;0.232
7667.7;0.521
7668.2;0.202
7668.7;0.181
7669.2;0.752
7669.7;0.352
7670.2;0.259
7670.7;0.347
7671.2;0.398
7671.7;0.391
7672.2;0.754
7672.7;0.29
7673.2;0.293
7673.7;0.257
7674.2;0.407
7674.7;0.181
7675.2;0.426
7675.7;0.691
7676.2;0.409
7676.7;0.379
7677.2;0.136
7677.7;0.471
7678.2;0.27
7678.7;0.404
7679.2;0.173
7679.7;0.146
7680.2;0.37
7680.7;0.227
7681.2;0.17
7681.7;0.486
7682.2;0.609
7682.7;0.628
7683.2;0.426
7683.7;0.641
7684.2;0.501
7684.7;0.281
7685.2;0.614
7685.7;0.322
7686.2;0.131
7686.7;0.645
7687.2;0.637
7687.7;0.3
7688.2;0.554
7688.7;0.576
7689.2;0.27
7689.7;0.216
7690.2;0.645
7690.7;0.243
7691.2;0.669
7691.7;0.767
7692.2;0.216
7692.7;0.056
7693.2;0.31
7693.7;0.375
7694.2;0.194
7694.7;0.111
7695.2;0.384
7695.7;0.098
7696.2;0.202
7696.7;0.218
7697.2;0.295
7697.7;0.112
7698.2;0.165
7698.7;0.254
7699.2;0.175
7699.7;0.399
7700.2;0.514
7700.7;0.493
7701.2;0.164
7701.7;0.232
7702.2;0.197
7702.7;0.319
7703.2;0.592
7703.7;0.376
7704.2;0.367
7704.7;0.433
7705.2;0.707
7705.7;0.241
7706.2;0.253
7706.7;0.229
7707.2;0.338
7707.7;0.237
7708.2;0.168
7708.7;0.25
7709.2;0.033
7709.7;0.415
7710.2;0.436
7710.7;0.269
7711.2;0.216
7711.7;0.325
7712.2;0.181
7712.7;0.423
7713.2;0.264
7713.7;0.244
7714.2;0.052
7714.7;0.237
7715.2;0.258
7715.7;0.141
7716.2;0.321
7716.7;0.286
7717.2;0.302
7717.7;0.264
7718.2;0.575
7718.7;0.372
7719.2;0.191
7719.7;0.391
7720.2;0.439
7720.7;0.303
7721.2;0.494
7721.7;0.29
7722.2;0.276
7722.7;0.259
7723.2;0.112
7723.7;0.115
7724.2;0.289
7724.7;0.4
7725.2;0.394
7725.7;0.59
7726.2;0.572
7726.7;0.238
7727.2;0.209
7727.7;0.278
7728.2;0.25
7728.7;0.119
7729.2;0.191
7729.7;0.334
7730.2;0.199
7730.7;0.558
7731.2;0.588
7731.7;0.255
7732.2;0.093
7732.7;0.439
7733.2;0.414
7733.7;0.258
7734.2;0.452
7734.7;0.708
7735.2;0.469
7735.7;0.437
7736.2;0.561
7736.7;0.365
7737.2;0.344
7737.7;0.104
7738.2;0.461
7738.7;0.295
7739.2;0.161
7739.7;0.472
7740.2;0.311
7740.7;0.281
7741.2;0.367
7741.7;0.462
7742.2;0.506
7742.7;0.214
7743.2;0.172
7743.7;0.281
7744.2;0.132
7744.7;0.148
7745.2;0.226
7745.7;0.139
7746.2;0.062
7746.7;0.385
7747.2;0.3
7747.7;0.177
7748.2;0.238
7748.7;0.428
7749.2;0.328
7749.7;0.188
7750.2;0.122
7750.7;0.327
7751.2;0.352
7751.7;0.36
7752.2;0.429
7752.7;0.135
7753.2;0.377
7753.7;0.387
7754.2;0.267
7754.7;0.106
7755.2;0.146
7755.7;0.133
7756.2;0.515
7756.7;0.62
7757.2;0.224
7757.7;0.537
7758.2;0.322
7758.7;0.155
7759.2;0.077
7759.7;0.257
7760.2;0.391
7760.7;0.525
7761.2;0.266
7761.7;0.088
7762.2;0.197
7762.7;0.044
7763.2;0.209
7763.7;0.343
7764.2;0.368
7764.7;0.301
7765.2;0.174
7765.7;0.229
7766.2;0.503
7766.7;0.223
7767.2;0.272
7767.7;0.286
7768.2;0.36
7768.7;0.583
7769.2;0.736
7769.7;0.374
7770.2;0.524
7770.7;0.446
7771.2;0.148
7771.7;0.321
7772.2;0.231
7772.7;0.3
7773.2;0.456
7773.7;0.706
7774.2;0.418
7774.7;0.389
7775.2;0.618
7775.7;0.419
7776.2;0.082
7776.7;0.263
7777.2;0.518
7777.7;0.495
7778.2;0.392
7778.7;0.833
7779.2;0.559
7779.7;0.67
7780.2;0.322
7780.7;0.259
7781.2;0.321
7781.7;0.505
7782.2;0.529
7782.7;0.626
7783.2;0.789
7783.7;0.783
7784.2;0.757
7784.7;0.49
7785.2;0.098
7785.7;0.21
7786.2;0.517
7786.7;0.458
7787.2;0.688
7787.7;0.679
7788.2;0.844
7788.7;0.329
7789.2;0.306
7789.7;0.427
7790.2;0.203
7790.7;0.384
7791.2;0.54
7791.7;0.734
7792.2;0.424
7792.7;0.403
7793.2;0.31
7793.7;0.265
7794.2;0.348
7794.7;0.201
7795.2;0.706
7795.7;0.886
7796.2;0.669
7796.7;0.662
7797.2;0.252
7797.7;0.427
7798.2;0.329
7798.7;0.371
7799.2;0.259
7799.7;0.601
7800.2;0.679
7800.7;0.654
7801.2;0.655
7801.7;0.441
7802.2;0.253
7802.7;0.29
7803.2;0.125
7803.7;0.465
7804.2;0.749
7804.7;0.744
7805.2;0.782
7805.7;0.419
7806.2;0.308
7806.7;0.412
7807.2;0.256
7807.7;0.44
7808.2;0.675
7808.7;1.151
7809.2;1.334
7809.7;0.738
7810.2;0.562
7810.7;0.739
7811.2;0.181
7811.7;0.345
7812.2;0.78
7812.7;1.278
7813.2;1.237
7813.7;1.225
7814.2;0.741
7814.7;0.743
7815.2;0.648
7815.7;0.302
7816.2;0.315
7816.7;0.341
7817.2;0.504
7817.7;1.069
7818.2;1.317
7818.7;1.025
7819.2;0.966
7819.7;0.665
7820.2;0.262
7820.7;0.566
7821.2;0.563
7821.7;0.762
7822.2;0.74
7822.7;0.788
7823.2;0.954
7823.7;0.657
7824.2;0.678
7824.7;0.424
7825.2;0.295
7825.7;0.15
7826.2;0.606
7826.7;0.849
7827.2;0.622
7827.7;0.734
7828.2;1.07
7828.7;0.26
7829.2;0.42
7829.7;0.177
7830.2;0.485
7830.7;0.447
7831.2;0.665
7831.7;0.535
7832.2;0.478
7832.7;0.879
7833.2;0.164
7833.7;0.163
7834.2;0.488
7834.7;0.347
7835.2;0.722
7835.7;0.586
7836.2;0.428
7836.7;0.804
7837.2;0.416
7837.7;0.119
7838.2;0.469
7838.7;0.237
7839.2;0.146
7839.7;0.935
7840.2;0.482
7840.7;0.603
7841.2;0.905
7841.7;0.403
7842.2;0.559
7842.7;0.298
7843.2;0.481
7843.7;0.597
7844.2;0.535
7844.7;0.255
7845.2;0.19
7845.7;0.259
7846.2;0.347
7846.7;0.708
7847.2;0.194
7847.7;0.522
7848.2;0.852
7848.7;0.601
7849.2;0.295
7849.7;0.536
7850.2;0.605
7850.7;0.362
7851.2;0.227
7851.7;0.143
7852.2;0.963
7852.7;0.922
7853.2;0.507
7853.7;0.318
7854.2;0.348
7854.7;0.221
7855.2;0.445
7855.7;0.313
7856.2;0.565
7856.7;0.584
7857.2;0.645
7857.7;0.695
7858.2;0.34
7858.7;0.631
7859.2;0.615
7859.7;0.243
7860.2;0.292
7860.7;0.745
7861.2;0.893
7861.7;0.631
7862.2;0.588
7862.7;0.534
7863.2;0.366
7863.7;0.494
7864.2;0.081
7864.7;0.627
7865.2;0.618
7865.7;0.56
7866.2;0.541
7866.7;0.616
7867.2;0.626
7867.7;0.531
7868.2;0.414
7868.7;0.278
7869.2;0.614
7869.7;0.528
7870.2;0.16
7870.7;0.5
7871.2;0.503
7871.7;0.423
7872.2;0.491
7872.7;0.319
7873.2;0.092
7873.7;0.348
7874.2;0.464
7874.7;0.769
7875.2;0.743
7875.7;0.47
7876.2;0.445
7876.7;0.195
7877.2;0.131
7877.7;0.346
7878.2;0.517
7878.7;0.132
7879.2;0.369
7879.7;0.531
7880.2;0.602
7880.7;0.43
7881.2;0.626
7881.7;0.507
7882.2;0.43
7882.7;0.442
7883.2;0.478
7883.7;0.434
7884.2;0.588
7884.7;0.46
7885.2;0.361
7885.7;0.475
7886.2;0.259
7886.7;0.498
7887.2;0.228
7887.7;0.225
7888.2;0.327
7888.7;0.945
7889.2;0.489
7889.7;0.566
7890.2;0.522
7890.7;0.38
7891.2;0.243
7891.7;0.139
7892.2;0.465
7892.7;0.501
7893.2;0.82
7893.7;0.363
7894.2;0.758
7894.7;0.531
7895.2;0.575
7895.7;0.362
7896.2;0.402
7896.7;0.682
7897.2;0.941
7897.7;0.469
7898.2;0.521
7898.7;1.166
7899.2;0.67
7899.7;0.565
7900.2;0.751
7900.7;0.419
7901.2;0.346
7901.7;0.365
7902.2;0.314
7902.7;0.564
7903.2;0.847
7903.7;0.491
7904.2;0.406
7904.7;0.464
7905.2;0.225
7905.7;0.605
7906.2;0.943
7906.7;0.551
7907.2;0.737
7907.7;0.508
7908.2;0.454
7908.7;0.633
7909.2;0.196
7909.7;0.066
7910.2;0.632
7910.7;0.42
7911.2;0.341
7911.7;1.33
7912.2;1.09
7912.7;0.823
7913.2;0.738
7913.7;0.31
7914.2;0.712
7914.7;0.207
7915.2;0.5
7915.7;0.778
7916.2;0.691
7916.7;0.786
7917.2;0.646
7917.7;0.358
7918.2;0.409
7918.7;0.629
7919.2;0.269
7919.7;0.367
7920.2;1.161
7920.7;0.203
7921.2;0.283
7921.7;0.945
7922.2;0.581
7922.7;0.24
7923.2;0.293
7923.7;0.461
7924.2;0.638
7924.7;0.703
7925.2;0.254
7925.7;0.612
7926.2;1.058
7926.7;0.331
7927.2;0.391
7927.7;0.336
7928.2;0.772
7928.7;0.57
7929.2;0.256
7929.7;0.366
7930.2;1.154
7930.7;0.68
7931.2;0.571
7931.7;0.844
7932.2;0.073
7932.7;0.398
7933.2;0.738
7933.7;0.464
7934.2;0.204
7934.7;0.798
7935.2;0.15
7935.7;0.067
7936.2;0.41
7936.7;0.194
7937.2;0.841
7937.7;0.333
7938.2;0.383
7938.7;0.601
7939.2;0.316
7939.7;0.274
7940.2;0.395
7940.7;0.068
7941.2;0.343
7941.7;0.535
7942.2;0.284
7942.7;0.318
7943.2;0.357
7943.7;0.731
7944.2;0.161
7944.7;0.232
7945.2;0.066
7945.7;0.272
7946.2;0.055
7946.7;0.666
7947.2;0.469
7947.7;0.307
7948.2;0.847
7948.7;0.524
7949.2;0.366
7949.7;0.434
7950.2;0.505
7950.7;0.241
7951.2;0.508
7951.7;0.529
7952.2;0.383
7952.7;0.722
7953.2;0.682
7953.7;0.294
7954.2;0.778
7954.7;0.874
7955.2;0.057
7955.7;0.56
7956.2;0.68
7956.7;0.421
7957.2;0.247
7957.7;0.522
7958.2;0.502
7958.7;0.251
7959.2;0.746
7959.7;0.58
7960.2;0.475
7960.7;0.299
7961.2;1.118
7961.7;0.797
7962.2;0.282
7962.7;0.791
7963.2;0.546
7963.7;0.08
7964.2;0.67
7964.7;0.537
7965.2;0.59
7965.7;0.356
7966.2;0.735
7966.7;0.392
7967.2;0.236
7967.7;0.603
7968.2;0.202
7968.7;0.223
7969.2;0.214
7969.7;1.161
7970.2;0.315
7970.7;0.131
7971.2;0.606
7971.7;0.523
7972.2;0.365
7972.7;0.666
7973.2;0.674
7973.7;0.504
7974.2;0.906
7974.7;0.538
7975.2;0.312
7975.7;0.374
7976.2;1.033
7976.7;1.2
7977.2;0.115
7977.7;0.777
7978.2;0.695
7978.7;0.441
7979.2;0.584
7979.7;0.387
7980.2;0.352
7980.7;0.14
7981.2;1.363
7981.7;1.107
7982.2;0.267
7982.7;1.678
7983.2;0.936
7983.7;0.412
7984.2;0.744
7984.7;0.737
7985.2;0.418
7985.7;0.263
7986.2;0.682
7986.7;0.409
7987.2;0.807
7987.7;0.998
7988.2;0.61
7988.7;0.101
7989.2;0.32
7989.7;1.245
7990.2;1.347
7990.7;0.585
7991.2;1.166
7991.7;0.497
7992.2;1.303
7992.7;1.128
7993.2;0.84
7993.7;0.809
7994.2;0.892
7994.7;1.785
7995.2;0.748
7995.7;1.432
7996.2;2.442
7996.7;1.378
7997.2;2.306
7997.7;2.063
7998.2;1.317
7998.7;1.142
7999.2;1.367
7999.7;1.167
8000.2;1.699
8000.7;2.19
8001.2;1.117
8001.7;0.594
8002.2;0.609
8002.7;1.621
8003.2;1.786
8003.7;1.877
8004.2;2.058
8004.7;1.378
8005.2;1.462
8005.7;1.593
8006.2;0.702
8006.7;0.206
8007.2;1.21
8007.7;1.422
8008.2;1.188
8008.7;1.934
8009.2;2.165
8009.7;0.594
8010.2;1.359
8010.7;1.184
8011.2;0.808
8011.7;0.942
8012.2;1.229
8012.7;1.162
8013.2;0.97
8013.7;1.466
8014.2;0.716
8014.7;0.52
8015.2;0.832
8015.7;0.108
8016.2;0.787
8016.7;0.797
8017.2;0.928
8017.7;0.903
8018.2;0.51
8018.7;0.871
8019.2;0.871
8019.7;0.917
8020.2;0.796
8020.7;0.882
8021.2;0.548
8021.7;0.92
8022.2;1.162
8022.7;0.7
8023.2;0.57
8023.7;1.146
8024.2;0.758
8024.7;1.081
8025.2;1.071
8025.7;0.456
8026.2;0.93
8026.7;0.747
8027.2;0.986
8027.7;1.035
8028.2;1.674
8028.7;1.23
8029.2;1.419
8029.7;1.812
8030.2;1.098
8030.7;1.584
8031.2;1.058
8031.7;0.799
8032.2;0.658
8032.7;0.859
8033.2;1.073
8033.7;1.028
8034.2;0.902
8034.7;0.67
8035.2;1.183
8035.7;1.677
8036.2;1.457
8036.7;1.409
8037.2;0.292
8037.7;0.316
8038.2;1.034
8038.7;0.918
8039.2;1.047
8039.7;1.311
8040.2;1.413
8040.7;1.375
8041.2;1.459
8041.7;1.075
8042.2;1.142
8042.7;1.22
8043.2;0.764
8043.7;0.968
8044.2;1.516
8044.7;1.001
8045.2;0.869
8045.7;0.364
8046.2;0.745
8046.7;0.801
8047.2;1.156
8047.7;0.883
8048.2;0.658
8048.7;1.387
8049.2;1.645
8049.7;1.46
8050.2;1.602
8050.7;1.316
8051.2;1.286
8051.7;0.999
8052.2;1.513
8052.7;1.459
8053.2;1.54
8053.7;1.474
8054.2;1.228
8054.7;1.142
8055.2;1.492
8055.7;1.69
8056.2;1.538
8056.7;1.132
8057.2;1.486
8057.7;1.386
8058.2;1.452
8058.7;1.287
8059.2;1.459
8059.7;1.496
8060.2;1.881
8060.7;1.723
8061.2;1.261
8061.7;1.43
8062.2;1.364
8062.7;1.447
8063.2;1.229
8063.7;0.983
8064.2;1.035
8064.7;1.493
8065.2;1.508
8065.7;1.297
8066.2;1.566
8066.7;1.458
8067.2;1.591
8067.7;1.484
8068.2;1.491
8068.7;1.119
8069.2;1.285
8069.7;1.483
8070.2;1.266
8070.7;1.295
8071.2;1.296
8071.7;1.133
8072.2;0.694
8072.7;0.584
8073.2;1.154
8073.7;1.413
8074.2;1.233
8074.7;0.866
8075.2;1.43
8075.7;1.588
8076.2;1.312
8076.7;1.051
8077.2;0.599
8077.7;0.371
8078.2;1.301
8078.7;1.542
8079.2;0.906
8079.7;1.125
8080.2;1.484
8080.7;0.905
8081.2;1.271
8081.7;1.462
8082.2;0.811
8082.7;0.604
8083.2;0.856
8083.7;1.05
8084.2;1.008
8084.7;1.205
8085.2;1.447
8085.7;1.121
8086.2;1.112
8086.7;1.801
8087.2;1.314
8087.7;0.793
8088.2;0.999
8088.7;1.346
8089.2;1.186
8089.7;1.223
8090.2;1.581
8090.7;0.664
8091.2;1.059
8091.7;1.105
8092.2;1.45
8092.7;0.663
8093.2;0.895
8093.7;1.542
8094.2;0.893
8094.7;1.009
8095.2;0.874
8095.7;0.656
8096.2;0.502
8096.7;0.58
8097.2;0.666
8097.7;0.394
8098.2;0.606
8098.7;0.422
8099.2;0.333
8099.7;0.405
8100.2;0.133
8100.7;0.798
8101.2;0.742
8101.7;0.292
8102.2;0.887
8102.7;0.748
8103.2;0.725
8103.7;0.232
8104.2;0.89
8104.7;0.495
8105.2;0.795
8105.7;0.702
8106.2;0.505
8106.7;0.592
8107.2;0.992
8107.7;0.452
8108.2;0.803
8108.7;0.438
8109.2;0.658
8109.7;0.97
8110.2;0.455
8110.7;0.763
8111.2;0.758
8111.7;0.881
8112.2;0.322
8112.7;1.109
8113.2;0.521
8113.7;0.318
8114.2;0.62
8114.7;0.536
8115.2;0.167
8115.7;0.729
8116.2;0.118
8116.7;0.145
8117.2;0.522
8117.7;0.463
8118.2;0.093
8118.7;0.314
8119.2;0.293
8119.7;0.31
8120.2;0.536
8120.7;0.135
8121.2;0.117
8121.7;0.644
8122.2;0.227
8122.7;0.211
8123.2;0.221
8123.7;0.554
8124.2;0.076
8124.7;0.434
8125.2;0.187
8125.7;0.358
8126.2;0.349
8126.7;0.505
8127.2;0.58
8127.7;0.56
8128.2;0.48
8128.7;0.051
8129.2;0.684
8129.7;0.177
8130.2;0.334
8130.7;0.188
8131.2;0.191
8131.7;0.24
8132.2;0.793
8132.7;0.262
8133.2;0.38
8133.7;0.284
8134.2;0.664
8134.7;0.428
8135.2;0.343
8135.7;0.522
8136.2;0.451
8136.7;0.344
8137.2;0.055
8137.7;0.418
8138.2;0.337
8138.7;0.249
8139.2;0.201
8139.7;0.214
8140.2;0.28
8140.7;0.496
8141.2;0.276
8141.7;0.291
8142.2;0.691
8142.7;0.81
8143.2;0.148
8143.7;0.611
8144.2;0.254
8144.7;0.457
8145.2;0.791
8145.7;0.24
8146.2;0.284
8146.7;0.468
8147.2;0.4
8147.7;0.765
8148.2;1.322
8148.7;0.641
8149.2;0.585
8149.7;0.628
8150.2;1.106
8150.7;1.004
8151.2;1.142
8151.7;1.298
8152.2;0.526
8152.7;1.02
8153.2;1.04
8153.7;1.16
8154.2;0.583
8154.7;0.201
8155.2;0.322
8155.7;0.337
8156.2;0.753
8156.7;0.813
8157.2;0.34
8157.7;0.27
8158.2;0.319
8158.7;1.271
8159.2;0.36
8159.7;0.839
8160.2;1.022
8160.7;0.315
8161.2;0.371
8161.7;1.011
8162.2;0.987
8162.7;0.524
8163.2;0.772
8163.7;0.327
8164.2;0.822
8164.7;0.272
8165.2;0.567
8165.7;0.26
8166.2;0.389
8166.7;0.819
8167.2;1.206
8167.7;0.878
8168.2;0.748
8168.7;0.259
8169.2;1.391
8169.7;0.228
8170.2;1.021
8170.7;1.415
8171.2;0.788
8171.7;0.839
8172.2;1.254
8172.7;0.737
8173.2;0.347
8173.7;1.116
8174.2;0.981
8174.7;0.501
8175.2;0.807
8175.7;0.557
8176.2;0.995
8176.7;0.609
8177.2;0.16
8177.7;1.284
8178.2;0.606
8178.7;0.508
8179.2;1.027
8179.7;0.479
8180.2;0.321
8180.7;0.684
8181.2;0.978
8181.7;0.481
8182.2;0.709
8182.7;0.546
8183.2;0.185
8183.7;0.254
8184.2;0.344
8184.7;0.875
8185.2;0.445
8185.7;0.953
8186.2;0.918
8186.7;0.85
8187.2;0.895
8187.7;0.789
8188.2;0.963
8188.7;0.76
8189.2;0.749
8189.7;1.529
8190.2;1.196
8190.7;1.239
8191.2;1.413
8191.7;1.412
8192.2;1.373
8192.7;1.26
8193.2;2.0
8193.7;1.233
8194.2;1.719
8194.7;1.902
8195.2;1.883
8195.7;1.9
8196.2;1.56
8196.7;1.338
8197.2;1.554
8197.7;1.088
8198.2;0.922
8198.7;1.297
8199.2;1.296
8199.7;0.436
8200.2;0.932
8200.7;1.201
8201.2;0.611
8201.7;1.128
8202.2;1.158
8202.7;1.668
8203.2;1.095
8203.7;1.269
8204.2;0.905
8204.7;1.353
8205.2;1.35
8205.7;0.832
8206.2;1.946
8206.7;0.895
8207.2;1.17
8207.7;1.73
8208.2;0.857
8208.7;0.821
8209.2;1.092
8209.7;1.164
8210.2;0.463
8210.7;1.287
8211.2;0.997
8211.7;0.643
8212.2;1.245
8212.7;0.526
8213.2;0.868
8213.7;0.72
8214.2;0.726
8214.7;0.962
8215.2;0.783
8215.7;0.502
8216.2;1.017
8216.7;0.598
8217.2;0.174
8217.7;0.236
8218.2;0.867
8218.7;0.065
8219.2;0.492
8219.7;0.677
8220.2;0.205
8220.7;0.363
8221.2;0.524
8221.7;0.427
8222.2;0.031
8222.7;0.322
8223.2;0.217
8223.7;0.172
8224.2;0.765
8224.7;0.449
8225.2;0.288
8225.7;0.81
8226.2;0.285
8226.7;0.694
8227.2;1.052
8227.7;0.212
8228.2;0.339
8228.7;0.786
8229.2;0.142
8229.7;0.647
8230.2;0.676
8230.7;0.427
8231.2;0.824
8231.7;0.545
8232.2;0.292
8232.7;0.14
8233.2;0.023
8233.7;0.517
8234.2;0.311
8234.7;0.701
8235.2;1.317
8235.7;0.541
8236.2;0.577
8236.7;1.177
8237.2;0.118
8237.7;0.657
8238.2;1.014
8238.7;0.931
8239.2;0.622
8239.7;0.96
8240.2;0.762
8240.7;0.856
8241.2;0.395
8241.7;0.117
8242.2;0.359
8242.7;0.164
8243.2;0.6
8243.7;0.546
8244.2;0.569
8244.7;0.22
8245.2;0.382
8245.7;0.738
8246.2;0.262
8246.7;0.532
8247.2;0.592
8247.7;0.308
8248.2;0.953
8248.7;0.681
8249.2;0.598
8249.7;0.077
8250.2;0.361
8250.7;0.04
8251.2;0.553
8251.7;1.084
8252.2;0.489
8252.7;0.071
8253.2;0.485
8253.7;0.541
8254.2;0.613
8254.7;0.223
8255.2;0.328
8255.7;0.455
8256.2;0.573
8256.7;0.817
8257.2;0.393
8257.7;0.616
8258.2;0.272
8258.7;0.327
8259.2;0.473
8259.7;0.543
8260.2;0.767
8260.7;0.588
8261.2;0.393
8261.7;0.814
8262.2;1.021
8262.7;0.794
8263.2;0.161
8263.7;0.455
8264.2;0.437
8264.7;1.17
8265.2;1.25
8265.7;0.727
8266.2;0.915
8266.7;0.576
8267.2;0.313
8267.7;0.528
8268.2;0.349
8268.7;0.197
8269.2;0.389
8269.7;0.801
8270.2;0.496
8270.7;0.547
8271.2;0.31
8271.7;0.081
8272.2;1.025
8272.7;0.449
8273.2;0.595
8273.7;1.463
8274.2;0.468
8274.7;0.693
8275.2;1.009
8275.7;0.699
8276.2;0.397
8276.7;0.83
8277.2;0.896
8277.7;0.921
8278.2;1.392
8278.7;1.001
8279.2;0.554
8279.7;0.41
8280.2;0.751
8280.7;1.195
8281.2;0.873
8281.7;0.906
8282.2;1.152
8282.7;0.868
8283.2;0.208
8283.7;0.604
8284.2;1.103
8284.7;0.502
8285.2;0.51
8285.7;0.609
8286.2;0.697
8286.7;1.099
8287.2;0.311
8287.7;0.563
8288.2;0.376
8288.7;0.536
8289.2;0.87
8289.7;0.961
8290.2;0.198
8290.7;0.291
8291.2;0.765
8291.7;1.019
8292.2;0.327
8292.7;0.363
8293.2;0.935
8293.7;0.282
8294.2;0.199
8294.7;1.045
8295.2;0.438
8295.7;0.106
8296.2;0.342
8296.7;0.367
8297.2;0.443
8297.7;0.826
8298.2;0.624
8298.7;0.194
8299.2;0.518
8299.7;0.447
8300.2;0.719
8300.7;0.38
8301.2;0.76
8301.7;0.314
8302.2;1.025
8302.7;0.346
8303.2;0.744
8303.7;0.252
8304.2;0.163
8304.7;0.114
8305.2;0.56
8305.7;0.578
8306.2;0.31
8306.7;0.17
8307.2;0.141
8307.7;0.869
8308.2;1.001
8308.7;0.156
8309.2;0.729
8309.7;0.45
8310.2;0.324
8310.7;0.44
8311.2;0.148
8311.7;1.201
8312.2;0.805
8312.7;0.378
8313.2;0.68
8313.7;0.401
8314.2;0.346
8314.7;0.1
8315.2;0.37
8315.7;0.541
8316.2;1.141
8316.7;0.917
8317.2;0.462
8317.7;0.778
8318.2;0.303
8318.7;0.459
8319.2;0.262
8319.7;0.515
8320.2;0.769
8320.7;0.787
8321.2;0.369
8321.7;0.653
8322.2;0.436
8322.7;0.624
8323.2;0.274
8323.7;0.489
8324.2;0.324
8324.7;0.238
8325.2;0.49
8325.7;1.044
8326.2;0.553
8326.7;0.602
8327.2;1.071
8327.7;0.771
8328.2;0.306
8328.7;0.884
8329.2;0.581
8329.7;0.549
8330.2;1.446
8330.7;0.47
8331.2;0.162
8331.7;0.865
8332.2;0.258
8332.7;0.631
8333.2;0.739
8333.7;0.176
8334.2;0.228
8334.7;0.444
8335.2;0.238
8335.7;0.764
8336.2;0.773
8336.7;0.928
8337.2;0.21
8337.7;0.389
8338.2;0.326
8338.7;0.709
8339.2;0.414
8339.7;0.696
8340.2;0.815
8340.7;0.938
8341.2;0.147
8341.7;0.373
8342.2;0.556
8342.7;0.437
8343.2;0.017
8343.7;0.196
8344.2;0.46
8344.7;0.672
8345.2;0.575
8345.7;0.754
8346.2;0.721
8346.7;0.748
8347.2;1.194
8347.7;0.294
8348.2;0.575
8348.7;0.308
8349.2;1.076
8349.7;0.895
8350.2;1.068
8350.7;0.68
8351.2;0.958
8351.7;0.512
8352.2;0.115
8352.7;0.748
8353.2;0.548
8353.7;0.369
8354.2;0.435
8354.7;1.141
8355.2;0.706
8355.7;0.512
8356.2;0.735
8356.7;1.048
8357.2;0.479
8357.7;0.933
8358.2;0.754
8358.7;0.53
8359.2;0.268
8359.7;1.262
8360.2;0.693
8360.7;0.583
8361.2;0.341
8361.7;0.66
8362.2;0.486
8362.7;0.371
8363.2;0.706
8363.7;0.622
8364.2;0.921
8364.7;0.572
8365.2;0.364
8365.7;0.573
8366.2;0.779
8366.7;0.807
8367.2;0.512
8367.7;0.741
8368.2;0.308
8368.7;0.517
8369.2;0.396
8369.7;0.319
8370.2;1.145
8370.7;0.482
8371.2;0.609
8371.7;0.328
8372.2;1.033
8372.7;0.553
8373.2;0.232
8373.7;0.193
8374.2;0.495
8374.7;0.845
8375.2;0.612
8375.7;0.301
8376.2;0.31
8376.7;0.229
8377.2;0.546
8377.7;0.443
8378.2;0.385
8378.7;0.734
8379.2;0.605
8379.7;0.327
8380.2;0.544
8380.7;0.556
8381.2;0.322
8381.7;0.416
8382.2;0.592
8382.7;0.442
8383.2;0.913
8383.7;0.433
8384.2;0.647
8384.7;0.353
8385.2;0.879
8385.7;0.05
8386.2;0.229
8386.7;0.624
8387.2;0.612
8387.7;1.091
8388.2;0.29
8388.7;0.277
8389.2;0.401
8389.7;0.568
8390.2;0.063
8390.7;0.774
8391.2;1.012
8391.7;0.736
8392.2;0.606
8392.7;0.265
8393.2;0.877
8393.7;0.791
8394.2;0.313
8394.7;1.159
8395.2;0.569
8395.7;0.702
8396.2;1.601
8396.7;0.809
8397.2;0.251
8397.7;0.609
8398.2;0.162
8398.7;0.279
8399.2;0.822
8399.7;0.07
8400.2;0.329
8400.7;1.189
8401.2;0.801
8401.7;0.724
8402.2;0.123
8402.7;0.294
8403.2;1.606
8403.7;0.56
8404.2;0.483
8404.7;0.629
8405.2;0.163
8405.7;0.379
8406.2;0.954
8406.7;0.441
8407.2;0.114
8407.7;1.948
8408.2;0.382
8408.7;0.846
8409.2;0.798
8409.7;0.826
8410.2;0.839
8410.7;0.381
8411.2;0.538
8411.7;0.848
8412.2;1.013
8412.7;0.505
8413.2;0.216
8413.7;0.62
8414.2;1.081
8414.7;0.511
8415.2;0.59
8415.7;1.275
8416.2;0.559
8416.7;0.231
8417.2;0.844
8417.7;0.676
8418.2;0.481
8418.7;1.387
8419.2;1.776
8419.7;1.564
8420.2;0.253
8420.7;0.169
8421.2;0.649
8421.7;1.071
8422.2;0.664
8422.7;0.759
8423.2;1.484
8423.7;1.325
8424.2;2.245
8424.7;1.137
8425.2;0.366
8425.7;0.717
8426.2;0.747
8426.7;0.082
8427.2;0.705
8427.7;1.707
8428.2;1.202
8428.7;0.835
8429.2;1.415
8429.7;0.785
8430.2;1.451
8430.7;0.721
8431.2;0.51
8431.7;0.479
8432.2;1.271
8432.7;0.581
8433.2;0.639
8433.7;0.493
8434.2;0.43
8434.7;0.152
8435.2;0.64
8435.7;1.905
8436.2;0.757
8436.7;0.471
8437.2;0.756
8437.7;0.696
8438.2;1.083
8438.7;1.675
8439.2;1.098
8439.7;0.725
8440.2;1.369
8440.7;0.754
8441.2;0.337
8441.7;0.51
8442.2;0.556
8442.7;0.805
8443.2;0.798
8443.7;1.179
8444.2;1.1
8444.7;1.118
8445.2;0.165
8445.7;0.795
8446.2;0.431
8446.7;1.153
8447.2;0.867
8447.7;0.242
8448.2;0.839
8448.7;1.161
8449.2;0.226
8449.7;1.184
8450.2;0.652
8450.7;0.622
8451.2;0.881
8451.7;1.152
8452.2;0.737
8452.7;1.183
8453.2;0.635
8453.7;0.335
8454.2;1.422
8454.7;1.206
8455.2;0.805
8455.7;1.451
8456.2;0.532
8456.7;0.387
8457.2;0.704
8457.7;0.897
8458.2;0.949
8458.7;1.127
8459.2;0.685
8459.7;1.138
8460.2;0.79
8460.7;0.362
8461.2;1.356
8461.7;0.937
8462.2;0.933
8462.7;1.34
8463.2;2.073
8463.7;0.614
8464.2;1.866
8464.7;1.568
8465.2;0.385
8465.7;0.718
8466.2;0.181
8466.7;0.849
8467.2;0.742
8467.7;0.792
8468.2;1.781
8468.7;1.0
8469.2;0.62
8469.7;1.32
8470.2;1.21
8470.7;0.329
8471.2;1.022
8471.7;1.578
8472.2;0.117
8472.7;1.18
8473.2;1.307
8473.7;0.291
8474.2;0.961
8474.7;0.552
8475.2;0.651
8475.7;0.266
8476.2;0.392
8476.7;0.161
8477.2;0.973
8477.7;0.335
8478.2;0.752
8478.7;0.828
8479.2;1.058
8479.7;1.318
8480.2;0.197
8480.7;1.175
8481.2;1.491
8481.7;0.559
8482.2;1.779
8482.7;0.84
8483.2;0.119
8483.7;0.582
8484.2;1.243
8484.7;0.854
8485.2;0.686
8485.7;0.289
8486.2;0.717
8486.7;1.207
8487.2;0.433
8487.7;0.46
8488.2;0.886
8488.7;0.924
8489.2;1.003
8489.7;1.278
8490.2;0.575
8490.7;0.537
8491.2;0.829
8491.7;0.386
8492.2;0.994
8492.7;0.859
8493.2;0.381
8493.7;0.906
8494.2;0.309
8494.7;0.411
8495.2;1.406
8495.7;0.875
8496.2;0.734
8496.7;0.746
8497.2;1.323
8497.7;1.036
8498.2;0.668
8498.7;1.396
8499.2;2.119
8499.7;1.721
8500.2;2.204
8500.7;3.374
8501.2;2.341
8501.7;2.552
8502.2;2.874
8502.7;2.532
8503.2;2.434
8503.7;2.497
8504.2;3.005
8504.7;3.531
8505.2;3.241
8505.7;3.076
8506.2;3.251
8506.7;2.391
8507.2;2.165
8507.7;2.789
8508.2;1.536
8508.7;2.403
8509.2;3.356
8509.7;2.794
8510.2;3.103
8510.7;2.77
8511.2;3.065
8511.7;3.596
8512.2;3.195
8512.7;2.937
8513.2;3.145
8513.7;2.935
8514.2;2.468
8514.7;2.577
8515.2;2.233
8515.7;3.209
8516.2;2.325
8516.7;2.182
8517.2;2.723
8517.7;1.961
8518.2;2.873
8518.7;3.47
8519.2;2.765
8519.7;1.62
8520.2;2.811
8520.7;3.161
8521.2;2.521
8521.7;2.182
8522.2;1.644
8522.7;2.309
8523.2;1.65
8523.7;1.74
8524.2;2.145
8524.7;1.792
8525.2;2.681
8525.7;3.322
8526.2;2.69
8526.7;2.509
8527.2;2.441
8527.7;2.159
8528.2;1.953
8528.7;2.726
8529.2;2.586
8529.7;2.717
8530.2;2.405
8530.7;2.16
8531.2;3.058
8531.7;1.815
8532.2;1.667
8532.7;2.085
8533.2;1.987
8533.7;1.837
8534.2;2.265
8534.7;2.112
8535.2;2.069
8535.7;2.157
8536.2;1.427
8536.7;2.11
8537.2;1.616
8537.7;0.956
8538.2;1.632
8538.7;1.386
8539.2;0.991
8539.7;1.573
8540.2;1.331
8540.7;1.233
8541.2;2.35
8541.7;2.36
8542.2;1.464
8542.7;2.003
8543.2;2.165
8543.7;1.381
8544.2;1.517
8544.7;1.223
8545.2;1.424
8545.7;1.597
8546.2;1.605
8546.7;1.765
8547.2;0.895
8547.7;1.45
8548.2;1.564
8548.7;1.334
8549.2;1.829
8549.7;1.861
8550.2;1.309
8550.7;1.147
8551.2;1.285
8551.7;1.056
8552.2;0.68
8552.7;1.375
8553.2;0.918
8553.7;1.36
8554.2;0.798
8554.7;1.085
8555.2;1.366
8555.7;0.789
8556.2;1.166
8556.7;1.301
8557.2;1.523
8557.7;1.058
8558.2;1.167
8558.7;0.761
8559.2;0.873
8559.7;1.18
8560.2;0.338
8560.7;0.979
8561.2;0.91
8561.7;0.807
8562.2;1.373
8562.7;1.105
8563.2;1.162
8563.7;1.603
8564.2;1.306
8564.7;1.219
8565.2;0.666
8565.7;0.572
8566.2;0.662
8566.7;0.382
8567.2;0.171
8567.7;0.777
8568.2;0.92
8568.7;0.804
8569.2;1.144
8569.7;1.14
8570.2;1.028
8570.7;1.533
8571.2;0.842
8571.7;0.706
8572.2;1.149
8572.7;0.755
8573.2;0.701
8573.7;0.544
8574.2;0.289
8574.7;0.377
8575.2;0.633
8575.7;0.683
8576.2;0.988
8576.7;0.585
8577.2;0.897
8577.7;0.767
8578.2;0.757
8578.7;0.472
8579.2;0.718
8579.7;0.216
8580.2;0.774
8580.7;0.335
8581.2;0.371
8581.7;1.088
8582.2;0.559
8582.7;0.339
8583.2;0.718
8583.7;0.518
8584.2;0.467
8584.7;0.405
8585.2;0.493
8585.7;0.604
8586.2;0.277
8586.7;0.528
8587.2;0.202
8587.7;0.176
8588.2;0.036
8588.7;0.784
8589.2;0.283
8589.7;0.365
8590.2;0.552
8590.7;0.71
8591.2;0.264
8591.7;0.265
8592.2;0.458
8592.7;0.751
8593.2;0.322
8593.7;0.34
8594.2;0.519
8594.7;0.138
8595.2;0.174
8595.7;0.529
8596.2;0.312
8596.7;0.188
8597.2;0.636
8597.7;0.308
8598.2;0.455
8598.7;0.079
8599.2;0.455
8599.7;0.199
8600.2;0.243
8600.7;0.756
8601.2;0.367
8601.7;0.372
8602.2;0.3
8602.7;0.213
8603.2;0.221
8603.7;0.321
8604.2;0.14
8604.7;0.599
8605.2;0.244
8605.7;0.192
8606.2;0.315
8606.7;0.51
8607.2;0.361
8607.7;0.415
8608.2;0.371
8608.7;0.12
8609.2;0.491
8609.7;0.403
8610.2;0.251
8610.7;0.703
8611.2;0.17
8611.7;0.008
8612.2;0.311
8612.7;0.506
8613.2;0.684
8613.7;0.234
8614.2;0.299
8614.7;0.117
8615.2;0.397
8615.7;0.329
8616.2;0.448
8616.7;0.297
8617.2;0.484
8617.7;0.519
8618.2;0.54
8618.7;0.41
8619.2;0.103
8619.7;0.636
8620.2;0.65
8620.7;0.361
8621.2;0.531
8621.7;0.41
8622.2;0.324
8622.7;0.129
8623.2;0.447
8623.7;0.289
8624.2;0.279
8624.7;0.322
8625.2;0.506
8625.7;0.094
8626.2;0.279
8626.7;0.394
8627.2;0.318
8627.7;0.314
8628.2;0.523
8628.7;0.141
8629.2;0.516
8629.7;0.33
8630.2;0.463
8630.7;0.243
8631.2;0.331
8631.7;0.244
8632.2;0.021
8632.7;0.366
8633.2;0.125
8633.7;0.145
8634.2;0.194
8634.7;0.25
8635.2;0.343
8635.7;0.337
8636.2;0.395
8636.7;0.284
8637.2;0.346
8637.7;0.345
8638.2;0.107
8638.7;0.475
8639.2;0.122
8639.7;0.402
8640.2;0.206
8640.7;0.291
8641.2;0.486
8641.7;0.562
8642.2;0.21
8642.7;0.027
8643.2;0.669
8643.7;0.509
8644.2;0.338
8644.7;0.223
8645.2;0.501
8645.7;0.157
8646.2;0.082
8646.7;0.29
8647.2;0.887
8647.7;0.614
8648.2;0.608
8648.7;0.265
8649.2;0.609
8649.7;0.497
8650.2;0.066
8650.7;0.207
8651.2;0.602
8651.7;0.583
8652.2;0.742
8652.7;0.564
8653.2;0.144
8653.7;0.878
8654.2;0.406
8654.7;0.431
8655.2;0.188
8655.7;0.114
8656.2;0.149
8656.7;0.483
8657.2;0.248
8657.7;0.437
8658.2;0.125
8658.7;0.545
8659.2;0.487
8659.7;0.436
8660.2;0.347
8660.7;0.648
8661.2;0.525
8661.7;0.509
8662.2;0.492
8662.7;0.178
8663.2;0.404
8663.7;0.175
8664.2;0.091
8664.7;0.24
8665.2;0.393
8665.7;0.12
8666.2;0.406
8666.7;0.206
8667.2;0.355
8667.7;0.11
8668.2;0.446
8668.7;0.347
8669.2;0.478
8669.7;0.539
8670.2;0.259
8670.7;0.334
8671.2;0.508
8671.7;0.124
8672.2;0.286
8672.7;0.362
8673.2;0.501
8673.7;0.432
8674.2;0.364
8674.7;0.376
8675.2;0.324
8675.7;0.054
8676.2;0.577
8676.7;0.45
8677.2;0.231
8677.7;0.338
8678.2;0.498
8678.7;0.378
8679.2;0.276
8679.7;0.18
8680.2;0.28
8680.7;0.416
8681.2;0.399
8681.7;0.765
8682.2;0.675
8682.7;0.56
8683.2;0.521
8683.7;0.342
8684.2;0.315
8684.7;0.626
8685.2;0.426
8685.7;0.294
8686.2;0.191
8686.7;0.803
8687.2;0.243
8687.7;0.448
8688.2;0.273
8688.7;0.267
8689.2;0.623
8689.7;0.455
8690.2;0.629
8690.7;0.183
8691.2;0.608
8691.7;0.549
8692.2;0.452
8692.7;0.366
8693.2;0.718
8693.7;0.306
8694.2;1.103
8694.7;0.569
8695.2;0.359
8695.7;0.589
8696.2;1.185
8696.7;0.3
8697.2;0.058
8697.7;0.957
8698.2;1.089
8698.7;0.203
8699.2;0.258
8699.7;0.686
8700.2;0.262
8700.7;0.566
8701.2;0.283
8701.7;0.201
8702.2;0.268
8702.7;1.154
8703.2;0.556
8703.7;0.433
8704.2;0.374
8704.7;0.405
8705.2;0.452
8705.7;0.217
8706.2;0.705
8706.7;0.122
8707.2;0.459
8707.7;0.38
8708.2;0.509
8708.7;0.299
8709.2;0.454
8709.7;0.484
8710.2;0.775
8710.7;0.327
8711.2;0.23
8711.7;0.627
8712.2;0.556
8712.7;0.282
8713.2;0.455
8713.7;0.668
8714.2;0.682
8714.7;0.149
8715.2;0.373
8715.7;0.484
8716.2;0.663
8716.7;0.708
8717.2;0.406
8717.7;0.308
8718.2;0.428
8718.7;0.78
8719.2;0.085
8719.7;0.441
8720.2;0.409
8720.7;0.221
8721.2;0.457
8721.7;0.292
8722.2;0.429
8722.7;0.186
8723.2;0.366
8723.7;0.197
8724.2;0.524
8724.7;0.308
8725.2;0.386
8725.7;0.28
8726.2;0.39
8726.7;0.299
8727.2;0.594
8727.7;0.608
8728.2;0.579
8728.7;0.452
8729.2;0.366
8729.7;0.955
8730.2;0.524
8730.7;0.739
8731.2;0.265
8731.7;1.164
8732.2;0.183
8732.7;0.564
8733.2;0.959
8733.7;0.22
8734.2;0.48
8734.7;0.561
8735.2;1.0
8735.7;0.36
8736.2;0.767
8736.7;0.819
8737.2;0.394
8737.7;0.55
8738.2;0.566
8738.7;0.582
8739.2;0.69
8739.7;0.61
8740.2;0.333
8740.7;0.595
8741.2;1.331
8741.7;0.626
8742.2;0.511
8742.7;0.912
8743.2;1.014
8743.7;0.692
8744.2;1.057
8744.7;1.347
8745.2;0.873
8745.7;1.409
8746.2;1.437
8746.7;0.896
8747.2;1.177
8747.7;1.135
8748.2;0.617
8748.7;0.912
8749.2;1.23
8749.7;0.667
8750.2;0.794
8750.7;1.053
8751.2;0.439
8751.7;0.435
8752.2;0.188
8752.7;0.579
8753.2;0.091
8753.7;0.885
8754.2;0.401
8754.7;0.829
8755.2;0.544
8755.7;0.292
8756.2;0.418
8756.7;0.098
8757.2;0.371
8757.7;0.228
8758.2;0.848
8758.7;0.156
8759.2;0.414
8759.7;0.807
8760.2;0.221
8760.7;0.333
8761.2;0.333
8761.7;0.533
8762.2;0.403
8762.7;0.764
8763.2;0.39
8763.7;0.38
8764.2;1.009
8764.7;0.209
8765.2;0.321
8765.7;0.637
8766.2;0.906
8766.7;0.148
8767.2;0.693
8767.7;0.745
8768.2;0.485
8768.7;0.364
8769.2;0.528
8769.7;0.597
8770.2;0.341
8770.7;0.957
8771.2;0.436
8771.7;0.372
8772.2;0.207
8772.7;0.436
8773.2;0.578
8773.7;0.213
8774.2;0.851
8774.7;0.429
8775.2;0.171
8775.7;0.383
8776.2;0.828
8776.7;0.27
8777.2;0.257
8777.7;0.736
8778.2;0.399
8778.7;0.094
8779.2;0.544
8779.7;0.395
8780.2;0.71
8780.7;0.289
8781.2;0.237
8781.7;0.234
8782.2;0.181
8782.7;0.279
8783.2;0.149
8783.7;0.222
8784.2;0.282
8784.7;0.316
8785.2;0.291
8785.7;0.371
8786.2;0.148
8786.7;0.36
8787.2;0.495
8787.7;0.5
8788.2;0.556
8788.7;0.312
8789.2;0.285
8789.7;0.127
8790.2;0.658
8790.7;0.075
8791.2;0.541
8791.7;0.394
8792.2;0.611
8792.7;0.528
8793.2;0.484
8793.7;0.535
8794.2;0.161
8794.7;0.474
8795.2;0.313
8795.7;0.549
8796.2;0.102
8796.7;0.539
8797.2;0.378
8797.7;0.322
8798.2;0.447
8798.7;0.209
8799.2;0.265
8799.7;0.315
8800.2;0.434
8800.7;0.149
8801.2;0.199
8801.7;0.298
8802.2;0.179
8802.7;0.285
8803.2;0.443
8803.7;0.439
8804.2;0.392
8804.7;0.576
8805.2;0.294
8805.7;0.222
8806.2;0.199
8806.7;0.616
8807.2;0.373
8807.7;0.479
8808.2;0.359
8808.7;0.43
8809.2;0.081
8809.7;0.119
8810.2;0.431
8810.7;0.489
8811.2;0.32
8811.7;0.485
8812.2;0.162
8812.7;0.185
8813.2;0.817
8813.7;0.218
8814.2;0.276
8814.7;0.091
8815.2;0.573
8815.7;0.4
8816.2;0.424
8816.7;0.119
8817.2;0.291
8817.7;0.344
8818.2;0.379
8818.7;0.432
8819.2;0.39
8819.7;0.137
8820.2;0.508
8820.7;0.171
8821.2;0.3
8821.7;0.415
8822.2;0.59
8822.7;0.684
8823.2;0.204
8823.7;0.196
8824.2;0.382
8824.7;0.299
8825.2;0.368
8825.7;0.155
8826.2;0.343
8826.7;0.282
8827.2;0.391
8827.7;0.508
8828.2;0.499
8828.7;0.19
8829.2;0.058
8829.7;0.28
8830.2;0.629
8830.7;0.169
8831.2;0.465
8831.7;0.508
8832.2;0.801
8832.7;0.061
8833.2;0.487
8833.7;0.737
8834.2;0.521
8834.7;0.644
8835.2;0.597
8835.7;0.455
8836.2;0.704
8836.7;0.896
8837.2;0.538
8837.7;0.507
8838.2;0.44
8838.7;0.815
8839.2;0.645
8839.7;0.241
8840.2;0.753
8840.7;0.674
8841.2;0.196
8841.7;0.312
8842.2;0.694
8842.7;0.114
8843.2;0.192
8843.7;0.396
8844.2;0.346
8844.7;0.159
8845.2;0.308
8845.7;0.149
8846.2;0.26
8846.7;0.272
8847.2;0.367
8847.7;0.332
8848.2;0.869
8848.7;0.252
8849.2;0.339
8849.7;0.728
8850.2;0.484
8850.7;0.314
8851.2;0.35
8851.7;0.75
8852.2;0.408
8852.7;0.322
8853.2;0.409
8853.7;0.868
8854.2;0.563
8854.7;0.357
8855.2;0.549
8855.7;0.468
8856.2;0.466
8856.7;0.614
8857.2;0.541
8857.7;0.174
8858.2;0.728
8858.7;0.213
8859.2;0.55
8859.7;0.311
8860.2;0.205
8860.7;0.645
8861.2;0.311
8861.7;0.19
8862.2;0.341
8862.7;0.498
8863.2;0.273
8863.7;0.107
8864.2;0.316
8864.7;0.404
8865.2;0.367
8865.7;0.25
8866.2;0.11
8866.7;0.284
8867.2;0.274
8867.7;0.27
8868.2;0.257
8868.7;0.139
8869.2;0.442
8869.7;0.127
8870.2;0.24
8870.7;0.036
8871.2;0.16
8871.7;0.112
8872.2;0.449
8872.7;0.067
8873.2;0.197
8873.7;0.615
8874.2;0.225
8874.7;0.282
8875.2;0.471
8875.7;0.171
8876.2;0.595
8876.7;0.756
8877.2;0.369
8877.7;0.395
8878.2;0.186
8878.7;0.59
8879.2;0.495
8879.7;0.419
8880.2;0.426
8880.7;0.691
8881.2;0.492
8881.7;0.517
8882.2;0.853
8882.7;0.393
8883.2;0.273
8883.7;0.696
8884.2;0.764
8884.7;0.301
8885.2;0.666
8885.7;0.438
8886.2;0.366
8886.7;0.346
8887.2;0.351
8887.7;0.33
8888.2;0.558
8888.7;0.21
8889.2;0.139
8889.7;0.456
8890.2;0.421
8890.7;0.022
8891.2;0.192
8891.7;0.278
8892.2;0.258
8892.7;0.338
8893.2;0.057
8893.7;0.391
8894.2;0.336
8894.7;0.471
8895.2;0.337
8895.7;0.172
8896.2;0.152
8896.7;0.097
8897.2;0.154
8897.7;0.161
8898.2;0.752
8898.7;0.336
8899.2;0.261
8899.7;0.6
8900.2;0.472
8900.7;0.22
8901.2;0.111
8901.7;0.293
8902.2;0.497
8902.7;0.5
8903.2;0.336
8903.7;0.298
8904.2;0.29
8904.7;0.674
8905.2;0.5
8905.7;0.033
8906.2;0.233
8906.7;0.666
8907.2;0.558
8907.7;0.412
8908.2;0.565
8908.7;1.005
8909.2;0.286
8909.7;0.125
8910.2;0.482
8910.7;0.289
8911.2;0.594
8911.7;0.502
8912.2;0.151
8912.7;0.412
8913.2;0.755
8913.7;0.463
8914.2;0.295
8914.7;0.265
8915.2;0.386
8915.7;0.66
8916.2;0.622
8916.7;0.073
8917.2;0.542
8917.7;0.446
8918.2;0.253
8918.7;0.308
8919.2;0.384
8919.7;0.417
8920.2;0.471
8920.7;0.596
8921.2;0.489
8921.7;0.477
8922.2;0.589
8922.7;0.36
8923.2;0.483
8923.7;0.568
8924.2;0.812
8924.7;0.266
8925.2;0.52
8925.7;0.829
8926.2;0.661
8926.7;0.385
8927.2;0.21
8927.7;0.614
8928.2;1.177
8928.7;1.01
8929.2;0.525
8929.7;0.739
8930.2;1.225
8930.7;1.064
8931.2;0.326
8931.7;0.31
8932.2;0.563
8932.7;1.082
8933.2;0.544
8933.7;0.306
8934.2;0.404
8934.7;0.771
8935.2;0.68
8935.7;0.312
8936.2;0.46
8936.7;0.749
8937.2;0.822
8937.7;0.697
8938.2;0.602
8938.7;0.689
8939.2;0.546
8939.7;0.358
8940.2;0.395
8940.7;0.473
8941.2;0.581
8941.7;0.672
8942.2;0.603
8942.7;0.651
8943.2;0.725
8943.7;0.563
8944.2;0.381
8944.7;0.506
8945.2;0.525
8945.7;0.3
8946.2;0.126
8946.7;0.426
8947.2;0.378
8947.7;0.385
8948.2;0.834
8948.7;0.616
8949.2;0.535
8949.7;0.715
8950.2;0.944
8950.7;0.038
8951.2;0.498
8951.7;0.811
8952.2;0.649
8952.7;0.051
8953.2;0.75
8953.7;0.44
8954.2;0.611
8954.7;0.442
8955.2;0.214
8955.7;0.473
8956.2;0.426
8956.7;0.932
8957.2;0.568
8957.7;0.324
8958.2;0.404
8958.7;0.798
8959.2;0.316
8959.7;0.626
8960.2;0.317
8960.7;0.578
8961.2;0.431
8961.7;0.598
8962.2;0.226
8962.7;0.161
8963.2;0.195
8963.7;0.08
8964.2;0.68
8964.7;0.359
8965.2;0.746
8965.7;0.43
8966.2;0.449
8966.7;0.277
8967.2;0.262
8967.7;0.119
8968.2;0.56
8968.7;0.499
8969.2;0.285
8969.7;0.349
8970.2;0.607
8970.7;0.248
8971.2;0.219
8971.7;0.288
8972.2;0.633
8972.7;0.735
8973.2;0.56
8973.7;0.232
8974.2;0.09
8974.7;0.622
8975.2;0.408
8975.7;0.133
8976.2;0.534
8976.7;0.592
8977.2;0.345
8977.7;0.498
8978.2;0.583
8978.7;0.257
8979.2;0.516
8979.7;0.396
8980.2;0.513
8980.7;0.62
8981.2;1.117
8981.7;0.046
8982.2;0.185
8982.7;0.439
8983.2;0.322
8983.7;0.592
8984.2;0.265
8984.7;0.367
8985.2;0.615
8985.7;0.152
8986.2;0.22
8986.7;0.436
8987.2;0.361
8987.7;0.75
8988.2;0.397
8988.7;0.605
8989.2;0.504
8989.7;0.439
8990.2;0.213
8990.7;0.413
8991.2;0.477
8991.7;0.376
8992.2;0.445
8992.7;0.06
8993.2;0.129
8993.7;0.393
8994.2;0.192
8994.7;0.258
8995.2;0.082
8995.7;0.183
8996.2;0.43
8996.7;0.271
8997.2;0.233
8997.7;0.196
8998.2;0.49
8998.7;0.193
8999.2;0.133
8999.7;0.367
9000.2;0.537
9000.7;0.537
9001.2;0.37
9001.7;0.341
9002.2;0.2
9002.7;0.578
9003.2;0.551
9003.7;0.158
9004.2;0.365
9004.7;0.408
9005.2;0.234
9005.7;0.117
9006.2;0.222
9006.7;0.395
9007.2;0.505
9007.7;0.264
9008.2;0.229
9008.7;0.298
9009.2;0.439
9009.7;0.271
9010.2;0.295
9010.7;0.42
9011.2;0.397
9011.7;0.427
9012.2;0.271
9012.7;0.11
9013.2;0.432
9013.7;0.437
9014.2;0.343
9014.7;0.225
9015.2;0.374
9015.7;0.59
9016.2;0.53
9016.7;0.353
9017.2;0.562
9017.7;0.518
9018.2;0.328
9018.7;0.577
9019.2;0.554
9019.7;0.153
9020.2;0.331
9020.7;0.076
9021.2;0.185
9021.7;0.203
9022.2;0.247
9022.7;0.358
9023.2;0.295
9023.7;0.133
9024.2;0.306
9024.7;0.336
9025.2;0.294
9025.7;0.252
9026.2;0.033
9026.7;0.219
9027.2;0.061
9027.7;0.42
9028.2;0.159
9028.7;0.362
9029.2;0.438
9029.7;0.353
9030.2;0.141
9030.7;0.348
9031.2;0.441
9031.7;0.294
9032.2;0.158
9032.7;0.381
9033.2;0.316
9033.7;0.132
9034.2;0.337
9034.7;0.417
9035.2;0.553
9035.7;0.18
9036.2;0.118
9036.7;0.182
9037.2;0.265
9037.7;0.073
9038.2;0.293
9038.7;0.317
9039.2;0.087
9039.7;0.33
9040.2;0.463
9040.7;0.175
9041.2;0.368
9041.7;0.381
9042.2;0.626
9042.7;0.247
9043.2;0.388
9043.7;0.095
9044.2;0.393
9044.7;0.637
9045.2;0.457
9045.7;0.288
9046.2;0.487
9046.7;0.892
9047.2;0.857
9047.7;0.346
9048.2;0.573
9048.7;0.804
9049.2;0.141
9049.7;0.159
9050.2;0.14
9050.7;0.268
9051.2;0.152
9051.7;0.364
9052.2;0.408
9052.7;0.164
9053.2;0.592
9053.7;0.14
9054.2;0.065
9054.7;0.25
9055.2;0.192
9055.7;0.461
9056.2;0.317
9056.7;0.296
9057.2;0.4
9057.7;0.357
9058.2;0.026
9058.7;0.054
9059.2;0.104
9059.7;0.162
9060.2;0.291
9060.7;0.411
9061.2;0.51
9061.7;0.679
9062.2;0.049
9062.7;0.27
9063.2;0.326
9063.7;0.221
9064.2;0.422
9064.7;0.211
9065.2;0.334
9065.7;0.562
9066.2;0.286
9066.7;0.294
9067.2;0.287
9067.7;0.532
9068.2;0.104
9068.7;0.153
9069.2;0.62
9069.7;0.515
9070.2;0.314
9070.7;0.368
9071.2;0.645
9071.7;0.575
9072.2;0.303
9072.7;0.803
9073.2;0.729
9073.7;0.249
9074.2;0.34
9074.7;0.151
9075.2;0.182
9075.7;0.42
9076.2;0.278
9076.7;0.137
9077.2;0.578
9077.7;0.358
9078.2;0.255
9078.7;0.087
9079.2;0.331
9079.7;0.488
9080.2;0.16
9080.7;0.646
9081.2;0.519
9081.7;0.2
9082.2;0.265
9082.7;0.045
9083.2;0.076
9083.7;0.129
9084.2;0.53
9084.7;0.367
9085.2;0.247
9085.7;0.143
9086.2;0.133
9086.7;0.367
9087.2;0.125
9087.7;0.169
9088.2;0.155
9088.7;0.307
9089.2;0.186
9089.7;0.232
9090.2;0.111
9090.7;0.41
9091.2;0.08
9091.7;0.245
9092.2;0.563
9092.7;0.156
9093.2;0.458
9093.7;0.275
9094.2;0.422
9094.7;0.011
9095.2;0.402
9095.7;0.426
9096.2;0.327
9096.7;0.439
9097.2;0.241
9097.7;0.188
9098.2;0.363
9098.7;0.264
9099.2;0.319
9099.7;0.373
9100.2;0.273
9100.7;0.478
9101.2;0.25
9101.7;0.383
9102.2;0.409
9102.7;0.247
9103.2;0.232
9103.7;0.235
9104.2;0.915
9104.7;0.441
9105.2;0.284
9105.7;0.446
9106.2;0.521
9106.7;0.665
9107.2;0.259
9107.7;0.412
9108.2;0.672
9108.7;0.55
9109.2;0.365
9109.7;0.535
9110.2;0.268
9110.7;0.416
9111.2;0.774
9111.7;0.419
9112.2;0.532
9112.7;0.602
9113.2;0.137
9113.7;0.868
9114.2;0.688
9114.7;0.343
9115.2;0.201
9115.7;0.274
9116.2;0.877
9116.7;0.372
9117.2;0.519
9117.7;0.913
9118.2;0.318
9118.7;0.582
9119.2;0.289
9119.7;0.663
9120.2;0.48
9120.7;0.581
9121.2;0.712
9121.7;0.884
9122.2;0.555
9122.7;0.295
9123.2;0.157
9123.7;0.168
9124.2;0.06
9124.7;0.344
9125.2;0.589
9125.7;0.766
9126.2;0.944
9126.7;0.329
9127.2;0.297
9127.7;0.356
9128.2;0.148
9128.7;0.193
9129.2;0.699
9129.7;0.306
9130.2;0.55
9130.7;0.441
9131.2;0.14
9131.7;0.122
9132.2;0.429
9132.7;0.163
9133.2;0.225
9133.7;0.322
9134.2;0.603
9134.7;0.209
9135.2;0.2
9135.7;0.154
9136.2;0.251
9136.7;0.22
9137.2;0.218
9137.7;0.527
9138.2;0.257
9138.7;0.205
9139.2;0.178
9139.7;0.129
9140.2;0.295
9140.7;0.44
9141.2;0.151
9141.7;0.329
9142.2;0.135
9142.7;0.295
9143.2;0.282
9143.7;0.319
9144.2;0.187
9144.7;0.314
9145.2;0.458
9145.7;0.253
9146.2;0.096
9146.7;0.119
9147.2;0.19
9147.7;0.361
9148.2;0.332
9148.7;0.173
9149.2;0.235
9149.7;0.676
9150.2;0.225
9150.7;0.398
9151.2;0.23
9151.7;0.433
9152.2;0.29
9152.7;0.419
9153.2;0.012
9153.7;0.278
9154.2;0.428
9154.7;0.297
9155.2;0.4
9155.7;0.339
9156.2;0.543
9156.7;0.41
9157.2;0.421
9157.7;0.213
9158.2;0.617
9158.7;0.305
9159.2;0.562
9159.7;0.284
9160.2;0.358
9160.7;0.108
9161.2;0.477
9161.7;0.312
9162.2;0.392
9162.7;0.128
9163.2;0.214
9163.7;0.596
9164.2;0.627
9164.7;0.401
9165.2;0.207
9165.7;0.568
9166.2;0.23
9166.7;0.245
9167.2;0.342
9167.7;0.388
9168.2;0.468
9168.7;0.204
9169.2;0.601
9169.7;0.117
9170.2;0.312
9170.7;0.156
9171.2;0.454
9171.7;0.825
9172.2;0.495
9172.7;0.33
9173.2;0.335
9173.7;0.51
9174.2;0.103
9174.7;0.234
9175.2;0.231
9175.7;0.376
9176.2;0.375
9176.7;0.593
9177.2;0.318
9177.7;0.587
9178.2;0.32
9178.7;0.535
9179.2;0.314
9179.7;0.378
9180.2;0.525
9180.7;0.685
9181.2;0.158
9181.7;0.278
9182.2;0.484
9182.7;0.181
9183.2;0.357
9183.7;0.217
9184.2;0.54
9184.7;0.336
9185.2;0.632
9185.7;0.217
9186.2;0.37
9186.7;0.414
9187.2;0.437
9187.7;0.353
9188.2;0.104
9188.7;0.445
9189.2;0.357
9189.7;0.181
9190.2;0.191
9190.7;0.155
9191.2;0.309
9191.7;0.38
9192.2;0.188
9192.7;0.12
9193.2;0.536
9193.7;0.638
9194.2;0.331
9194.7;0.06
9195.2;0.483
9195.7;0.364
9196.2;0.216
9196.7;0.066
9197.2;0.046
9197.7;0.384
9198.2;0.47
9198.7;0.245
9199.2;0.37
9199.7;0.589
9200.2;0.25
9200.7;0.097
9201.2;0.109
9201.7;0.685
9202.2;0.484
9202.7;0.049
9203.2;0.483
9203.7;0.438
9204.2;0.307
9204.7;0.399
9205.2;0.456
9205.7;0.147
9206.2;0.744
9206.7;0.295
9207.2;0.227
9207.7;0.14
9208.2;0.63
9208.7;0.28
9209.2;0.189
9209.7;0.214
9210.2;0.715
9210.7;0.291
9211.2;0.283
9211.7;0.782
9212.2;0.247
9212.7;0.496
9213.2;0.46
9213.7;0.236
9214.2;0.451
9214.7;0.637
9215.2;0.318
9215.7;0.393
9216.2;0.66
9216.7;0.503
9217.2;0.433
9217.7;0.352
9218.2;0.719
9218.7;0.365
9219.2;0.491
9219.7;0.612
9220.2;0.456
9220.7;0.081
9221.2;0.712
9221.7;0.355
9222.2;0.256
9222.7;0.44
9223.2;0.425
9223.7;0.291
9224.2;0.461
9224.7;0.57
9225.2;0.667
9225.7;0.477
9226.2;0.712
9226.7;0.555
9227.2;0.483
9227.7;0.537
9228.2;0.519
9228.7;0.502
9229.2;0.329
9229.7;0.438
9230.2;0.26
9230.7;0.436
9231.2;0.266
9231.7;0.424
9232.2;0.351
9232.7;0.448
9233.2;0.591
9233.7;0.471
9234.2;0.931
9234.7;0.651
9235.2;0.412
9235.7;0.777
9236.2;0.622
9236.7;0.287
9237.2;0.055
9237.7;0.746
9238.2;0.394
9238.7;0.338
9239.2;0.536
9239.7;0.306
9240.2;0.233
9240.7;0.539
9241.2;0.332
9241.7;0.37
9242.2;0.325
9242.7;0.403
9243.2;0.396
9243.7;0.425
9244.2;0.501
9244.7;0.107
9245.2;0.113
9245.7;0.563
9246.2;0.821
9246.7;0.325
9247.2;0.263
9247.7;0.328
9248.2;0.34
9248.7;0.519
9249.2;0.209
9249.7;0.09
9250.2;0.137
9250.7;0.391
9251.2;0.227
9251.7;0.402
9252.2;0.975
9252.7;0.167
9253.2;0.723
9253.7;0.355
9254.2;0.73
9254.7;0.607
9255.2;0.193
9255.7;0.308
9256.2;0.229
9256.7;0.745
9257.2;0.588
9257.7;0.296
9258.2;0.116
9258.7;0.866
9259.2;0.038
9259.7;0.676
9260.2;0.582
9260.7;0.792
9261.2;0.328
9261.7;0.47
9262.2;0.388
9262.7;0.531
9263.2;0.924
9263.7;0.315
9264.2;0.765
9264.7;0.929
9265.2;0.206
9265.7;0.641
9266.2;0.116
9266.7;0.57
9267.2;0.838
9267.7;0.53
9268.2;0.719
9268.7;0.737
9269.2;0.085
9269.7;0.426
9270.2;0.086
9270.7;0.091
9271.2;0.165
9271.7;0.498
9272.2;0.474
9272.7;0.908
9273.2;0.712
9273.7;0.454
9274.2;0.176
9274.7;0.271
9275.2;0.379
9275.7;0.539
9276.2;0.05
9276.7;0.423
9277.2;0.439
9277.7;0.115
9278.2;0.302
9278.7;0.374
9279.2;0.286
9279.7;0.594
9280.2;0.231
9280.7;0.373
9281.2;0.533
9281.7;0.407
9282.2;0.339
9282.7;0.142
9283.2;0.443
9283.7;0.219
9284.2;0.467
9284.7;0.176
9285.2;0.244
9285.7;0.316
9286.2;0.457
9286.7;0.482
9287.2;0.625
9287.7;0.154
9288.2;0.675
9288.7;0.02
9289.2;0.516
9289.7;0.134
9290.2;0.552
9290.7;0.416
9291.2;0.642
9291.7;0.401
9292.2;0.469
9292.7;0.751
9293.2;0.211
9293.7;0.645
9294.2;0.305
9294.7;0.333
9295.2;0.762
9295.7;0.242
9296.2;0.465
9296.7;0.456
9297.2;0.248
9297.7;0.231
9298.2;0.439
9298.7;0.625
9299.2;1.033
9299.7;0.82
9300.2;0.5
9300.7;0.477
9301.2;0.396
9301.7;0.657
9302.2;0.407
9302.7;0.147
9303.2;0.309
9303.7;0.574
9304.2;0.278
9304.7;0.808
9305.2;0.342
9305.7;0.318
9306.2;0.322
9306.7;0.173
9307.2;0.658
9307.7;0.456
9308.2;0.782
9308.7;0.439
9309.2;0.329
9309.7;0.431
9310.2;0.234
9310.7;0.8
9311.2;0.104
9311.7;0.197
9312.2;0.67
9312.7;0.329
9313.2;0.429
9313.7;0.386
9314.2;0.392
9314.7;0.498
9315.2;0.301
9315.7;0.323
9316.2;0.462
9316.7;0.336
9317.2;0.358
9317.7;0.566
9318.2;0.312
9318.7;0.077
9319.2;0.372
9319.7;0.486
9320.2;0.52
9320.7;0.427
9321.2;0.564
9321.7;0.569
9322.2;0.49
9322.7;0.08
9323.2;0.736
9323.7;0.169
9324.2;0.432
9324.7;0.397
9325.2;0.24
9325.7;0.523
9326.2;0.248
9326.7;0.715
9327.2;0.336
9327.7;0.496
9328.2;0.092
9328.7;0.415
9329.2;0.169
9329.7;0.616
9330.2;0.38
9330.7;0.43
9331.2;0.291
9331.7;0.191
9332.2;0.26
9332.7;0.454
9333.2;0.157
9333.7;0.52
9334.2;0.432
9334.7;0.101
9335.2;0.474
9335.7;0.504
9336.2;0.391
9336.7;0.338
9337.2;0.08
9337.7;0.125
9338.2;0.703
9338.7;0.497
9339.2;0.315
9339.7;0.191
9340.2;0.105
9340.7;0.309
9341.2;0.39
9341.7;0.562
9342.2;0.655
9342.7;0.304
9343.2;0.207
9343.7;0.744
9344.2;0.642
9344.7;0.238
9345.2;0.674
9345.7;0.066
9346.2;0.634
9346.7;0.54
9347.2;0.469
9347.7;0.339
9348.2;0.301
9348.7;0.271
9349.2;0.259
9349.7;0.327
9350.2;0.795
9350.7;0.521
9351.2;0.298
9351.7;0.223
9352.2;0.78
9352.7;0.36
9353.2;0.096
9353.7;0.583
9354.2;0.219
9354.7;0.726
9355.2;0.225
9355.7;0.068
9356.2;0.096
9356.7;0.121
9357.2;0.174
9357.7;0.364
9358.2;0.075
9358.7;0.632
9359.2;0.396
9359.7;0.429
9360.2;0.207
9360.7;0.331
9361.2;0.336
9361.7;0.3
9362.2;0.414
9362.7;0.473
9363.2;0.554
9363.7;0.275
9364.2;0.435
9364.7;0.217
9365.2;0.237
9365.7;0.034
9366.2;0.286
9366.7;0.104
9367.2;0.279
9367.7;0.272
9368.2;0.412
9368.7;0.165
9369.2;0.494
9369.7;0.535
9370.2;0.253
9370.7;0.212
9371.2;0.295
9371.7;0.331
9372.2;0.256
9372.7;0.392
9373.2;0.135
9373.7;0.457
9374.2;0.104
9374.7;0.268
9375.2;0.396
9375.7;0.082
9376.2;0.336
9376.7;0.17
9377.2;0.251
9377.7;0.073
9378.2;0.579
9378.7;0.174
9379.2;0.032
9379.7;0.354
9380.2;0.414
9380.7;0.165
9381.2;0.072
9381.7;0.197
9382.2;0.087
9382.7;0.066
9383.2;0.091
9383.7;0.206
9384.2;0.14
9384.7;0.559
9385.2;0.276
9385.7;0.57
9386.2;0.146
9386.7;0.384
9387.2;0.393
9387.7;0.41
9388.2;0.627
9388.7;0.277
9389.2;0.121
9389.7;0.416
9390.2;0.206
9390.7;0.119
9391.2;0.49
9391.7;0.275
9392.2;0.544
9392.7;0.49
9393.2;0.281
9393.7;0.34
9394.2;0.705
9394.7;0.091
9395.2;0.499
9395.7;0.115
9396.2;0.528
9396.7;0.168
9397.2;0.576
9397.7;0.396
9398.2;0.324
9398.7;0.502
9399.2;0.22
9399.7;0.173
9400.2;0.105
9400.7;0.446
9401.2;0.374
9401.7;0.609
9402.2;0.155
9402.7;0.435
9403.2;0.296
9403.7;0.548
9404.2;0.64
9404.7;0.541
9405.2;0.374
9405.7;0.422
9406.2;0.417
9406.7;0.316
9407.2;0.507
9407.7;0.367
9408.2;0.436
9408.7;0.398
9409.2;0.336
9409.7;0.157
9410.2;0.402
9410.7;0.461
9411.2;0.471
9411.7;0.189
9412.2;0.337
9412.7;0.597
9413.2;0.466
9413.7;0.101
9414.2;0.173
9414.7;0.351
9415.2;0.548
9415.7;0.507
9416.2;0.288
9416.7;0.295
9417.2;0.403
9417.7;0.205
9418.2;0.505
9418.7;0.475
9419.2;0.691
9419.7;0.291
9420.2;0.361
9420.7;0.272
9421.2;0.309
9421.7;0.289
9422.2;0.253
9422.7;0.579
9423.2;0.273
9423.7;0.226
9424.2;0.673
9424.7;0.196
9425.2;0.518
9425.7;0.375
9426.2;0.27
9426.7;0.336
9427.2;0.579
9427.7;0.526
9428.2;0.511
9428.7;0.696
9429.2;0.179
9429.7;0.397
9430.2;0.327
9430.7;0.616
9431.2;0.431
9431.7;0.511
9432.2;0.603
9432.7;0.127
9433.2;0.59
9433.7;0.469
9434.2;0.372
9434.7;0.213
9435.2;0.769
9435.7;0.644
9436.2;0.623
9436.7;0.764
9437.2;0.363
9437.7;0.617
9438.2;0.71
9438.7;0.082
9439.2;0.589
9439.7;0.581
9440.2;0.744
9440.7;0.652
9441.2;0.737
9441.7;0.795
9442.2;0.561
9442.7;0.733
9443.2;0.103
9443.7;0.854
9444.2;0.323
9444.7;0.692
9445.2;0.652
9445.7;0.375
9446.2;0.342
9446.7;1.113
9447.2;0.308
9447.7;0.156
9448.2;0.547
9448.7;0.428
9449.2;0.528
9449.7;0.651
9450.2;0.712
9450.7;0.312
9451.2;0.972
9451.7;0.42
9452.2;0.427
9452.7;0.181
9453.2;0.103
9453.7;0.452
9454.2;0.547
9454.7;0.28
9455.2;0.274
9455.7;0.301
9456.2;0.345
9456.7;0.165
9457.2;0.378
9457.7;0.261
9458.2;0.71
9458.7;0.09
9459.2;0.761
9459.7;1.216
9460.2;0.388
9460.7;0.559
9461.2;0.443
9461.7;1.047
9462.2;0.556
9462.7;1.475
9463.2;0.35
9463.7;0.453
9464.2;1.107
9464.7;0.687
9465.2;0.396
9465.7;0.273
9466.2;0.654
9466.7;0.413
9467.2;0.619
9467.7;0.599
9468.2;1.022
9468.7;0.054
9469.2;0.349
9469.7;0.52
9470.2;0.462
9470.7;0.312
9471.2;0.693
9471.7;0.2
9472.2;0.41
9472.7;1.022
9473.2;0.306
9473.7;0.096
9474.2;0.469
9474.7;0.697
9475.2;0.68
9475.7;0.387
9476.2;0.326
9476.7;0.458
9477.2;0.379
9477.7;0.806
9478.2;0.084
9478.7;0.207
9479.2;0.228
9479.7;0.239
9480.2;0.253
9480.7;0.803
9481.2;0.785
9481.7;0.756
9482.2;0.873
9482.7;0.134
9483.2;0.541
9483.7;0.574
9484.2;0.702
9484.7;0.708
9485.2;0.522
9485.7;0.215
9486.2;0.45
9486.7;0.433
9487.2;0.227
9487.7;0.183
9488.2;0.133
9488.7;0.141
9489.2;0.364
9489.7;0.549
9490.2;0.457
9490.7;0.243
9491.2;0.238
9491.7;0.428
9492.2;0.642
9492.7;0.657
9493.2;0.928
9493.7;0.726
9494.2;0.762
9494.7;0.23
9495.2;0.409
9495.7;0.342
9496.2;0.259
9496.7;0.86
9497.2;0.756
9497.7;0.653
9498.2;0.515
9498.7;0.561
9499.2;0.568
9499.7;0.434
9500.2;0.402
9500.7;0.274
9501.2;0.265
9501.7;0.109
9502.2;0.641
9502.7;0.354
9503.2;0.502
9503.7;0.254
9504.2;0.234
9504.7;0.047
9505.2;0.45
9505.7;0.381
9506.2;0.562
9506.7;0.44
9507.2;0.307
9507.7;0.227
9508.2;0.69
9508.7;0.004
9509.2;0.41
9509.7;0.38
9510.2;0.581
9510.7;0.275
9511.2;0.385
9511.7;0.363
9512.2;0.56
9512.7;0.561
9513.2;0.152
9513.7;0.17
9514.2;0.503
9514.7;0.953
9515.2;0.695
9515.7;0.255
9516.2;0.833
9516.7;0.493
9517.2;0.43
9517.7;0.158
9518.2;0.613
9518.7;0.692
9519.2;0.46
9519.7;0.7
9520.2;0.526
9520.7;0.661
9521.2;0.371
9521.7;0.738
9522.2;0.745
9522.7;0.747
9523.2;0.781
9523.7;0.599
9524.2;0.407
9524.7;1.016
9525.2;0.263
9525.7;0.752
9526.2;0.479
9526.7;0.978
9527.2;0.397
9527.7;1.269
9528.2;0.689
9528.7;0.753
9529.2;0.04
9529.7;0.688
9530.2;0.484
9530.7;1.321
9531.2;0.447
9531.7;0.309
9532.2;0.244
9532.7;0.55
9533.2;0.148
9533.7;0.873
9534.2;0.421
9534.7;0.526
9535.2;0.639
9535.7;1.195
9536.2;0.648
9536.7;0.522
9537.2;0.704
9537.7;0.348
9538.2;0.131
9538.7;0.039
9539.2;0.99
9539.7;0.493
9540.2;0.356
9540.7;0.503
9541.2;0.337
9541.7;0.486
9542.2;0.368
9542.7;0.471
9543.2;0.725
9543.7;0.348
9544.2;0.336
9544.7;0.943
9545.2;0.884
9545.7;0.42
9546.2;1.311
9546.7;0.361
9547.2;1.122
9547.7;0.55
9548.2;1.036
9548.7;0.523
9549.2;0.74
9549.7;0.931
9550.2;0.177
9550.7;0.782
9551.2;0.558
9551.7;1.2
9552.2;0.024
9552.7;0.951
9553.2;0.173
9553.7;0.574
9554.2;0.123
9554.7;0.326
9555.2;0.34
9555.7;0.408
9556.2;0.443
9556.7;0.901
9557.2;0.721
9557.7;0.731
9558.2;0.451
9558.7;0.271
9559.2;0.588
9559.7;0.421
9560.2;0.642
9560.7;0.085
9561.2;1.431
9561.7;0.354
9562.2;0.737
9562.7;0.32
9563.2;0.693
9563.7;0.334
9564.2;0.421
9564.7;0.475
9565.2;0.777
9565.7;0.429
9566.2;0.271
9566.7;0.653
9567.2;0.346
9567.7;1.002
9568.2;0.45
9568.7;1.087
9569.2;0.207
9569.7;1.006
9570.2;0.261
9570.7;0.802
9571.2;0.797
9571.7;0.942
9572.2;0.679
9572.7;0.283
9573.2;0.305
9573.7;0.248
9574.2;0.401
9574.7;0.616
9575.2;0.76
9575.7;0.35
9576.2;0.369
9576.7;0.453
9577.2;0.659
9577.7;0.345
9578.2;0.172
9578.7;0.875
9579.2;0.321
9579.7;0.62
9580.2;1.113
9580.7;0.33
9581.2;0.57
9581.7;0.446
9582.2;0.703
9582.7;0.708
9583.2;0.529
9583.7;0.666
9584.2;0.081
9584.7;0.422
9585.2;0.488
9585.7;0.532
9586.2;0.668
9586.7;0.289
9587.2;0.499
9587.7;0.42
9588.2;0.451
9588.7;0.93
9589.2;0.534
9589.7;0.377
9590.2;0.845
9590.7;0.597
9591.2;0.758
9591.7;0.531
9592.2;0.761
9592.7;0.449
9593.2;0.86
9593.7;0.462
9594.2;0.547
9594.7;0.682
9595.2;0.29
9595.7;0.084
9596.2;0.312
9596.7;0.302
9597.2;0.506
9597.7;0.621
9598.2;0.376
9598.7;0.072
9599.2;0.435
9599.7;0.564
9600.2;1.078
9600.7;0.754
9601.2;0.66
9601.7;0.675
9602.2;0.263
9602.7;0.912
9603.2;0.321
9603.7;1.011
9604.2;0.49
9604.7;0.618
9605.2;0.747
9605.7;0.199
9606.2;0.526
9606.7;0.366
9607.2;0.16
9607.7;0.269
9608.2;0.619
9608.7;0.316
9609.2;0.373
9609.7;0.196
9610.2;0.333
9610.7;0.133
9611.2;0.447
9611.7;0.267
9612.2;0.109
9612.7;0.478
9613.2;0.143
9613.7;0.534
9614.2;0.504
9614.7;0.817
9615.2;0.334
9615.7;0.305
9616.2;0.467
9616.7;0.137
9617.2;0.17
9617.7;0.379
9618.2;0.244
9618.7;0.332
9619.2;0.711
9619.7;0.3
9620.2;0.074
9620.7;0.35
9621.2;0.328
9621.7;0.29
9622.2;0.215
9622.7;0.501
9623.2;0.26
9623.7;0.452
9624.2;0.757
9624.7;0.456
9625.2;0.925
9625.7;0.431
9626.2;0.529
9626.7;0.556
9627.2;0.73
9627.7;0.849
9628.2;0.226
9628.7;0.334
9629.2;0.559
9629.7;0.291
9630.2;0.149
9630.7;0.211
9631.2;0.442
9631.7;0.407
9632.2;0.389
9632.7;0.633
9633.2;0.82
9633.7;0.563
9634.2;0.769
9634.7;0.069
9635.2;0.364
9635.7;0.583
9636.2;0.862
9636.7;0.209
9637.2;0.613
9637.7;0.534
9638.2;0.376
9638.7;0.518
9639.2;0.27
9639.7;0.677
9640.2;0.806
9640.7;0.513
9641.2;0.641
9641.7;0.851
9642.2;0.685
9642.7;0.366
9643.2;0.279
9643.7;0.368
9644.2;1.106
9644.7;0.548
9645.2;0.574
9645.7;1.155
9646.2;0.948
9646.7;0.271
9647.2;0.442
9647.7;0.393
9648.2;1.393
9648.7;0.126
9649.2;0.948
9649.7;1.131
9650.2;0.036
9650.7;0.653
9651.2;0.849
9651.7;1.253
9652.2;0.904
9652.7;1.386
9653.2;1.223
9653.7;0.965
9654.2;1.659
9654.7;1.383
9655.2;1.305
9655.7;1.06
9656.2;1.197
9656.7;1.25
9657.2;0.427
9657.7;1.691
9658.2;1.222
9658.7;1.514
9659.2;1.049
9659.7;0.847
9660.2;0.371
9660.7;0.58
9661.2;0.943
9661.7;0.31
9662.2;0.832
9662.7;0.995
9663.2;0.885
9663.7;0.872
9664.2;0.657
9664.7;1.166
9665.2;0.681
9665.7;1.481
9666.2;0.872
9666.7;0.308
9667.2;0.982
9667.7;0.725
9668.2;0.956
9668.7;0.543
9669.2;1.449
9669.7;1.272
9670.2;1.148
9670.7;1.532
9671.2;0.571
9671.7;1.09
9672.2;0.827
9672.7;0.677
9673.2;0.634
9673.7;0.432
9674.2;0.852
9674.7;0.972
9675.2;1.119
9675.7;0.96
9676.2;0.398
9676.7;0.931
9677.2;0.483
9677.7;0.93
9678.2;0.536
9678.7;0.548
9679.2;1.154
9679.7;0.541
9680.2;1.203
9680.7;0.612
9681.2;0.724
9681.7;0.423
9682.2;0.62
9682.7;0.536
9683.2;0.203
9683.7;1.328
9684.2;0.183
9684.7;0.511
9685.2;0.702
9685.7;0.764
9686.2;0.781
9686.7;0.706
9687.2;1.201
9687.7;0.639
9688.2;1.214
9688.7;0.697
9689.2;0.301
9689.7;0.651
9690.2;0.566
9690.7;0.618
9691.2;0.323
9691.7;0.673
9692.2;0.864
9692.7;0.264
9693.2;0.579
9693.7;0.524
9694.2;0.489
9694.7;0.229
9695.2;0.355
9695.7;0.55
9696.2;0.143
9696.7;0.629
9697.2;0.387
9697.7;0.221
9698.2;0.239
9698.7;0.134
9699.2;0.598
9699.7;0.305
9700.2;0.927
9700.7;0.928
9701.2;0.31
9701.7;0.443
9702.2;0.245
9702.7;0.285
9703.2;0.178
9703.7;0.178
9704.2;0.233
9704.7;0.463
9705.2;0.711
9705.7;0.207
9706.2;0.465
9706.7;0.398
9707.2;0.471
9707.7;0.51
9708.2;0.155
9708.7;0.538
9709.2;0.337
9709.7;0.548
9710.2;0.64
9710.7;0.262
9711.2;0.561
9711.7;0.108
9712.2;0.688
9712.7;0.151
9713.2;0.575
9713.7;0.573
9714.2;0.348
9714.7;0.505
9715.2;0.373
9715.7;0.625
9716.2;0.085
9716.7;0.369
9717.2;0.396
9717.7;0.524
9718.2;0.09
9718.7;0.512
9719.2;0.242
9719.7;0.648
9720.2;0.129
9720.7;0.652
9721.2;0.285
9721.7;0.363
9722.2;0.666
9722.7;0.652
9723.2;0.541
9723.7;0.35
9724.2;0.417
9724.7;0.062
9725.2;0.654
9725.7;0.182
9726.2;0.259
9726.7;0.267
9727.2;0.683
9727.7;0.218
9728.2;0.564
9728.7;0.376
9729.2;0.162
9729.7;0.31
9730.2;0.735
9730.7;0.415
9731.2;0.536
9731.7;0.509
9732.2;0.495
9732.7;0.414
9733.2;0.319
9733.7;0.621
9734.2;0.216
9734.7;0.804
9735.2;0.643
9735.7;0.627
9736.2;0.4
9736.7;0.298
9737.2;0.524
9737.7;0.267
9738.2;0.533
9738.7;0.287
9739.2;0.531
9739.7;0.466
9740.2;0.609
9740.7;0.646
9741.2;0.569
9741.7;0.239
9742.2;0.499
9742.7;0.034
9743.2;0.612
9743.7;0.619
9744.2;0.644
9744.7;0.571
9745.2;0.643
9745.7;0.819
9746.2;0.451
9746.7;0.108
9747.2;0.388
9747.7;0.528
9748.2;0.207
9748.7;0.346
9749.2;0.417
9749.7;0.473
9750.2;0.319
9750.7;0.117
9751.2;0.2
9751.7;0.406
9752.2;0.598
9752.7;0.526
9753.2;0.341
9753.7;0.926
9754.2;0.466
9754.7;0.29
9755.2;0.455
9755.7;0.939
9756.2;0.926
9756.7;0.444
9757.2;0.786
9757.7;1.111
9758.2;0.693
9758.7;0.746
9759.2;0.136
9759.7;0.496
9760.2;0.396
9760.7;0.374
9761.2;0.344
9761.7;0.537
9762.2;0.633
9762.7;0.641
9763.2;0.59
9763.7;0.298
9764.2;1.058
9764.7;0.767
9765.2;0.424
9765.7;0.902
9766.2;1.501
9766.7;0.71
9767.2;0.201
9767.7;0.384
9768.2;0.847
9768.7;0.645
9769.2;0.195
9769.7;0.665
9770.2;0.918
9770.7;0.337
9771.2;0.191
9771.7;0.63
9772.2;0.606
9772.7;1.091
9773.2;0.197
9773.7;0.742
9774.2;0.864
9774.7;1.012
9775.2;0.385
9775.7;0.412
9776.2;0.843
9776.7;0.55
9777.2;0.774
9777.7;0.531
9778.2;0.95
9778.7;0.215
9779.2;0.61
9779.7;0.711
9780.2;0.734
9780.7;0.647
9781.2;0.168
9781.7;0.656
9782.2;0.416
9782.7;0.168
9783.2;0.953
9783.7;0.322
9784.2;0.734
9784.7;0.186
9785.2;1.158
9785.7;0.274
9786.2;0.47
9786.7;0.73
9787.2;0.632
9787.7;0.656
9788.2;0.268
9788.7;1.199
9789.2;0.529
9789.7;0.86
9790.2;0.522
9790.7;0.64
9791.2;0.694
9791.7;0.163
9792.2;0.775
9792.7;0.699
9793.2;0.741
9793.7;0.818
9794.2;0.604
9794.7;0.919
9795.2;0.156
9795.7;0.805
9796.2;0.517
9796.7;0.276
9797.2;1.142
9797.7;0.588
9798.2;1.549
9798.7;0.362
9799.2;1.158
9799.7;0.277
9800.2;0.641
9800.7;0.424
9801.2;0.288
9801.7;0.968
9802.2;0.134
9802.7;0.799
9803.2;0.327
9803.7;0.426
9804.2;0.331
9804.7;0.321
9805.2;0.844
9805.7;0.352
9806.2;0.569
9806.7;1.144
9807.2;0.611
9807.7;0.716
9808.2;0.466
9808.7;0.862
9809.2;0.227
9809.7;0.402
9810.2;0.611
9810.7;0.458
9811.2;1.125
9811.7;0.137
9812.2;0.716
9812.7;0.211
9813.2;0.378
9813.7;0.417
9814.2;0.518
9814.7;0.272
9815.2;0.608
9815.7;1.036
9816.2;0.301
9816.7;0.067
9817.2;0.831
9817.7;0.256
9818.2;0.405
9818.7;0.256
9819.2;1.171
9819.7;0.807
9820.2;0.692
9820.7;0.044
9821.2;0.222
9821.7;0.669
9822.2;0.263
9822.7;0.802
9823.2;0.417
9823.7;0.425
9824.2;0.861
9824.7;0.287
9825.2;0.142
9825.7;0.425
9826.2;0.355
9826.7;0.432
9827.2;0.362
9827.7;0.683
9828.2;0.699
9828.7;0.533
9829.2;0.338
9829.7;0.301
9830.2;0.653
9830.7;0.773
9831.2;0.213
9831.7;0.066
9832.2;0.511
9832.7;0.531
9833.2;0.363
9833.7;0.138
9834.2;0.29
9834.7;0.475
9835.2;0.691
9835.7;0.423
9836.2;0.589
9836.7;0.692
9837.2;0.2
9837.7;0.038
9838.2;0.559
9838.7;0.732
9839.2;0.565
9839.7;0.078
9840.2;0.521
9840.7;0.701
9841.2;0.773
9841.7;0.304
9842.2;0.265
9842.7;0.697
9843.2;0.541
9843.7;0.664
9844.2;0.298
9844.7;0.254
9845.2;0.524
9845.7;0.512
9846.2;0.17
9846.7;0.474
9847.2;0.985
9847.7;0.23
9848.2;0.21
9848.7;0.725
9849.2;0.507
9849.7;0.55
9850.2;0.279
9850.7;0.381
9851.2;0.822
9851.7;0.91
9852.2;0.635
9852.7;0.218
9853.2;0.632
9853.7;0.481
9854.2;0.425
9854.7;0.369
9855.2;0.354
9855.7;0.742
9856.2;0.247
9856.7;0.273
9857.2;0.613
9857.7;0.579
9858.2;0.45
9858.7;0.169
9859.2;0.699
9859.7;0.4
9860.2;0.476
9860.7;0.522
9861.2;0.063
9861.7;0.802
9862.2;0.186
9862.7;0.719
9863.2;0.506
9863.7;0.459
9864.2;0.569
9864.7;0.253
9865.2;0.492
9865.7;0.116
9866.2;0.333
9866.7;0.24
9867.2;0.146
9867.7;0.728
9868.2;0.37
9868.7;0.221
9869.2;0.392
9869.7;0.456
9870.2;0.548
9870.7;0.2
9871.2;0.867
9871.7;0.896
9872.2;0.423
9872.7;0.233
9873.2;0.484
9873.7;0.745
9874.2;0.193
9874.7;0.674
9875.2;0.443
9875.7;0.376
9876.2;0.809
9876.7;0.748
9877.2;0.357
9877.7;0.281
9878.2;0.818
9878.7;0.148
9879.2;0.297
9879.7;0.7
9880.2;0.254
9880.7;0.681
9881.2;0.693
9881.7;0.718
9882.2;0.91
9882.7;0.618
9883.2;0.757
9883.7;0.128
9884.2;0.699
9884.7;0.263
9885.2;0.779
9885.7;0.67
9886.2;0.443
9886.7;1.311
9887.2;0.514
9887.7;0.64
9888.2;0.4
9888.7;0.499
9889.2;0.401
9889.7;0.409
9890.2;0.496
9890.7;0.426
9891.2;0.772
9891.7;0.437
9892.2;0.243
9892.7;0.772
9893.2;0.199
9893.7;0.632
9894.2;0.672
9894.7;0.779
9895.2;1.012
9895.7;0.359
9896.2;0.775
9896.7;0.277
9897.2;0.829
9897.7;0.456
9898.2;0.812
9898.7;0.717
9899.2;0.258
9899.7;0.696
9900.2;0.22
9900.7;0.505
9901.2;0.537
9901.7;0.318
9902.2;0.593
9902.7;0.367
9903.2;0.649
9903.7;0.506
9904.2;0.358
9904.7;0.99
9905.2;0.301
9905.7;0.787
9906.2;0.32
9906.7;0.468
9907.2;0.676
9907.7;0.216
9908.2;0.663
9908.7;0.072
9909.2;0.752
9909.7;0.472
9910.2;0.254
9910.7;0.585
9911.2;0.19
9911.7;0.351
9912.2;0.442
9912.7;0.294
9913.2;0.607
9913.7;0.137
9914.2;0.803
9914.7;0.737
9915.2;0.715
9915.7;0.534
9916.2;0.244
9916.7;0.439
9917.2;0.462
9917.7;0.951
9918.2;0.426
9918.7;0.487
9919.2;0.735
9919.7;0.208
9920.2;0.296
9920.7;0.481
9921.2;0.59
9921.7;0.435
9922.2;0.406
9922.7;1.07
9923.2;0.392
9923.7;0.637
9924.2;0.465
9924.7;0.272
9925.2;0.467
9925.7;0.744
9926.2;1.031
9926.7;0.243
9927.2;0.759
9927.7;0.605
9928.2;0.736
9928.7;0.319
9929.2;0.043
9929.7;0.963
9930.2;0.266
9930.7;0.484
9931.2;0.876
9931.7;0.197
9932.2;0.57
9932.7;0.703
9933.2;0.31
9933.7;0.355
9934.2;0.725
9934.7;0.81
9935.2;0.218
9935.7;0.777
9936.2;0.466
9936.7;0.77
9937.2;0.182
9937.7;0.333
9938.2;0.762
9938.7;0.269
9939.2;0.43
9939.7;0.581
9940.2;0.198
9940.7;0.417
9941.2;0.461
9941.7;0.231
9942.2;0.386
9942.7;0.654
9943.2;0.506
9943.7;0.269
9944.2;0.578
9944.7;0.012
9945.2;0.424
9945.7;0.323
9946.2;0.238
9946.7;0.786
9947.2;0.249
9947.7;0.364
9948.2;0.683
9948.7;0.145
9949.2;0.441
9949.7;0.143
9950.2;0.426
9950.7;0.546
9951.2;0.381
9951.7;0.461
9952.2;0.27
9952.7;0.577
9953.2;0.276
9953.7;0.448
9954.2;0.59
9954.7;0.419
9955.2;0.512
9955.7;0.15
9956.2;0.479
9956.7;0.586
9957.2;0.225
9957.7;0.262
9958.2;0.099
9958.7;0.53
9959.2;0.295
9959.7;0.179
9960.2;0.587
9960.7;0.232
9961.2;0.57
9961.7;0.256
9962.2;0.862
9962.7;0.708
9963.2;0.427
9963.7;0.325
9964.2;0.398
9964.7;0.703
9965.2;0.207
9965.7;0.688
9966.2;0.53
9966.7;0.28
9967.2;0.826
9967.7;0.56
9968.2;0.637
9968.7;0.418
9969.2;0.842
9969.7;0.436
9970.2;0.502
9970.7;0.95
9971.2;0.518
9971.7;0.852
9972.2;0.483
9972.7;0.756
9973.2;0.481
9973.7;0.745
9974.2;0.531
9974.7;0.448
9975.2;0.713
9975.7;0.552
9976.2;0.666
9976.7;0.653
9977.2;0.599
9977.7;1.068
9978.2;0.328
9978.7;0.736
9979.2;1.108
9979.7;0.218
9980.2;0.503
9980.7;0.606
9981.2;0.839
9981.7;0.283
9982.2;1.08
9982.7;0.806
9983.2;0.18
9983.7;1.088
9984.2;0.353
9984.7;0.448
9985.2;0.337
9985.7;0.743
9986.2;0.611
9986.7;0.289
9987.2;0.786
9987.7;0.694
9988.2;0.227
9988.7;0.322
9989.2;0.376
9989.7;0.943
9990.2;0.374
9990.7;1.119
9991.2;0.462
9991.7;0.375
9992.2;0.799
9992.7;0.081
9993.2;0.538
9993.7;0.382
9994.2;1.006
9994.7;0.559
9995.2;0.498
9995.7;0.957
9996.2;0.119
9996.7;0.201
9997.2;0.191
9997.7;0.523
9998.2;0.375
9998.7;0.054
9999.2;0.725
9999.7;0.246
10000.2;0.318
10000.7;0.567
10001.2;0.327
10001.7;0.315
10002.2;0.246
10002.7;0.687
10003.2;0.475
10003.7;0.632
10004.2;0.663
10004.7;0.238
10005.2;0.32
10005.7;0.03
10006.2;0.543
10006.7;0.015
10007.2;0.086
10007.7;0.932
10008.2;0.313
10008.7;0.381
10009.2;0.618
10009.7;0.191
10010.2;0.139
10010.7;0.128
10011.2;0.783
10011.7;0.175
10012.2;0.843
10012.7;1.034
10013.2;0.266
10013.7;0.64
10014.2;0.252
10014.7;0.493
10015.2;0.093
10015.7;0.028
10016.2;0.906
10016.7;0.514
10017.2;0.457
10017.7;0.61
10018.2;0.441
10018.7;0.245
10019.2;0.16
10019.7;0.552
10020.2;0.505
10020.7;0.685
10021.2;0.738
10021.7;0.274
10022.2;0.64
10022.7;0.15
10023.2;0.973
10023.7;0.095
10024.2;0.547
10024.7;0.67
10025.2;0.697
10025.7;0.586
10026.2;0.369
10026.7;0.74
10027.2;0.172
10027.7;0.282
10028.2;0.255
10028.7;0.575
10029.2;0.573
10029.7;0.556
10030.2;0.389
10030.7;0.337
10031.2;0.662
10031.7;0.257
10032.2;0.403
10032.7;0.508
10033.2;0.565
10033.7;0.277
10034.2;0.419
10034.7;0.698
10035.2;0.427
10035.7;0.413
10036.2;0.18
10036.7;0.686
10037.2;0.574
10037.7;0.604
10038.2;0.364
10038.7;0.191
10039.2;0.993
10039.7;0.102
10040.2;0.446
10040.7;0.834
10041.2;0.327
10041.7;0.568
10042.2;0.452
10042.7;1.045
10043.2;0.518
10043.7;1.215
10044.2;0.856
10044.7;0.8
10045.2;1.128
10045.7;0.515
10046.2;1.142
10046.7;0.569
10047.2;1.659
10047.7;0.932
10048.2;0.925
10048.7;1.182
10049.2;0.769
10049.7;0.825
10050.2;0.478
10050.7;1.09
10051.2;0.447
10051.7;0.556
10052.2;0.856
10052.7;0.659
10053.2;1.088
10053.7;0.868
10054.2;0.868
10054.7;0.395
10055.2;0.563
10055.7;0.96
10056.2;0.177
10056.7;0.909
10057.2;0.605
10057.7;0.746
10058.2;0.497
10058.7;0.755
10059.2;0.688
10059.7;0.828
10060.2;1.317
10060.7;0.307
10061.2;0.602
10061.7;0.575
10062.2;0.59
10062.7;0.319
10063.2;1.007
10063.7;0.789
10064.2;0.202
10064.7;0.678
10065.2;0.879
10065.7;0.137
10066.2;0.754
10066.7;0.53
10067.2;0.635
10067.7;0.772
10068.2;0.892
10068.7;1.281
10069.2;0.043
10069.7;0.771
10070.2;0.379
10070.7;0.666
10071.2;0.348
10071.7;0.809
10072.2;0.84
10072.7;0.629
10073.2;0.96
10073.7;1.036
10074.2;0.604
10074.7;0.6
10075.2;0.61
10075.7;0.322
10076.2;0.238
10076.7;0.755
10077.2;0.517
10077.7;0.517
10078.2;0.779
10078.7;0.338
10079.2;1.162
10079.7;0.165
10080.2;0.693
10080.7;0.737
10081.2;0.958
10081.7;0.856
10082.2;0.188
10082.7;0.877
10083.2;0.472
10083.7;0.482
10084.2;0.312
10084.7;0.423
10085.2;0.15
10085.7;0.305
10086.2;0.555
10086.7;0.311
10087.2;0.084
10087.7;0.782
10088.2;0.093
10088.7;0.203
10089.2;0.448
10089.7;0.838
10090.2;0.653
10090.7;0.486
10091.2;0.781
10091.7;0.664
10092.2;0.533
10092.7;0.352
10093.2;0.466
10093.7;0.388
10094.2;0.52
10094.7;0.721
10095.2;0.406
10095.7;0.054
10096.2;0.728
10096.7;0.837
10097.2;0.525
10097.7;0.552
10098.2;0.618
10098.7;0.185
10099.2;0.431
10099.7;1.061
10100.2;0.85
10100.7;0.946
10101.2;0.478
10101.7;0.823
10102.2;0.376
10102.7;0.326
10103.2;0.676
10103.7;0.775
10104.2;0.751
10104.7;0.52
10105.2;0.879
10105.7;0.451
10106.2;0.488
10106.7;0.362
10107.2;0.115
10107.7;0.303
10108.2;0.612
10108.7;0.739
10109.2;0.715
10109.7;0.582
10110.2;0.642
10110.7;0.187
10111.2;0.145
10111.7;0.559
10112.2;0.628
10112.7;0.438
10113.2;0.729
10113.7;0.474
10114.2;0.32
10114.7;0.456
10115.2;0.138
10115.7;0.318
10116.2;0.372
10116.7;0.341
10117.2;0.592
10117.7;0.093
10118.2;0.517
10118.7;0.533
10119.2;0.444
10119.7;0.291
10120.2;0.164
10120.7;0.168
10121.2;0.131
10121.7;0.791
10122.2;0.455
10122.7;0.362
10123.2;0.774
10123.7;0.153
10124.2;0.254
10124.7;0.441
10125.2;0.205
10125.7;0.515
10126.2;0.408
10126.7;0.322
10127.2;0.194
10127.7;0.631
10128.2;0.294
10128.7;0.161
10129.2;0.205
10129.7;0.105
10130.2;0.188
10130.7;0.076
10131.2;0.149
10131.7;0.4
10132.2;0.306
10132.7;0.336
10133.2;0.135
10133.7;0.108
10134.2;0.288
10134.7;0.315
10135.2;0.14
10135.7;0.214
10136.2;0.332
10136.7;0.118
10137.2;0.385
10137.7;0.177
10138.2;0.283
10138.7;0.303
10139.2;0.069
10139.7;0.126
10140.2;0.252
10140.7;0.2
10141.2;0.082
10141.7;0.56
10142.2;0.262
10142.7;0.284
10143.2;0.565
10143.7;0.087
10144.2;0.476
10144.7;0.448
10145.2;0.249
10145.7;0.177
10146.2;0.483
10146.7;0.535
10147.2;0.277
10147.7;0.779
10148.2;0.328
10148.7;0.057
10149.2;0.812
10149.7;0.688
10150.2;0.354
10150.7;0.581
10151.2;0.565
10151.7;0.516
10152.2;0.191
10152.7;0.886
10153.2;0.653
10153.7;0.274
10154.2;0.72
10154.7;0.617
10155.2;0.648
10155.7;0.584
10156.2;1.016
10156.7;0.655
10157.2;0.318
10157.7;1.022
10158.2;0.472
10158.7;0.45
10159.2;0.897
10159.7;0.96
10160.2;0.604
10160.7;0.847
10161.2;1.036
10161.7;0.696
10162.2;0.399
10162.7;1.001
10163.2;0.542
10163.7;0.259
10164.2;0.788
10164.7;0.898
10165.2;0.713
10165.7;0.446
10166.2;0.67
10166.7;0.491
10167.2;0.374
10167.7;0.873
10168.2;0.793
10168.7;0.539
10169.2;0.806
10169.7;0.523
10170.2;0.456
10170.7;0.438
10171.2;1.028
10171.7;0.453
10172.2;0.535
10172.7;0.81
10173.2;0.463
10173.7;0.207
10174.2;0.665
10174.7;0.544
10175.2;0.175
10175.7;0.523
10176.2;0.523
10176.7;0.119
10177.2;0.244
10177.7;0.573
10178.2;0.27
10178.7;0.152
10179.2;0.58
10179.7;0.307
10180.2;0.127
10180.7;0.544
10181.2;0.513
10181.7;0.468
10182.2;0.352
10182.7;0.378
10183.2;0.257
10183.7;0.215
10184.2;0.556
10184.7;0.337
10185.2;0.13
10185.7;0.439
10186.2;0.486
10186.7;0.269
10187.2;0.216
10187.7;0.495
10188.2;0.357
10188.7;0.222
10189.2;0.465
10189.7;0.497
10190.2;0.248
10190.7;0.485
10191.2;0.119
10191.7;0.41
10192.2;0.352
10192.7;0.519
10193.2;0.384
10193.7;0.4
10194.2;0.713
10194.7;0.258
10195.2;0.46
10195.7;0.463
10196.2;0.376
10196.7;0.301
10197.2;0.282
10197.7;0.62
10198.2;0.125
10198.7;0.557
10199.2;0.413
10199.7;0.318
10200.2;0.452
10200.7;0.197
10201.2;0.342
10201.7;0.225
10202.2;0.474
10202.7;0.287
10203.2;0.155
10203.7;0.364
10204.2;0.148
10204.7;0.298
10205.2;0.417
10205.7;0.315
10206.2;0.114
10206.7;0.309
10207.2;0.188
10207.7;0.301
10208.2;0.336
10208.7;0.331
10209.2;0.301
10209.7;0.459
10210.2;0.456
10210.7;0.304
10211.2;0.173
10211.7;0.411
10212.2;0.256
10212.7;0.119
10213.2;0.314
10213.7;0.336
10214.2;0.276
10214.7;0.382
10215.2;0.554
10215.7;0.178
10216.2;0.21
10216.7;0.294
10217.2;0.174
10217.7;0.251
10218.2;0.386
10218.7;0.258
10219.2;0.464
10219.7;0.085
10220.2;0.483
10220.7;0.395
10221.2;0.296
10221.7;0.243
10222.2;0.333
10222.7;0.021
10223.2;0.052
10223.7;0.701
10224.2;0.105
10224.7;0.118
10225.2;0.538
10225.7;0.174
10226.2;0.079
10226.7;0.449
10227.2;0.142
10227.7;0.302
10228.2;0.124
10228.7;0.27
10229.2;0.227
10229.7;0.128
10230.2;0.413
10230.7;0.261
10231.2;0.321
10231.7;0.068
10232.2;0.416
10232.7;0.169
10233.2;0.061
10233.7;0.339
10234.2;0.317
10234.7;0.176
10235.2;0.315
10235.7;0.158
10236.2;0.304
10236.7;0.06
10237.2;0.172
10237.7;0.395
10238.2;0.134
10238.7;0.396
10239.2;0.367
10239.7;0.288
10240.2;0.229
10240.7;0.255
10241.2;0.079
10241.7;0.052
10242.2;0.248
10242.7;0.28
10243.2;0.04
10243.7;0.251
10244.2;0.531
10244.7;0.059
10245.2;0.258
10245.7;0.134
10246.2;0.324
10246.7;0.101
10247.2;0.107
10247.7;0.393
10248.2;0.345
10248.7;0.34
10249.2;0.517
10249.7;0.346
10250.2;0.231
10250.7;0.614
10251.2;0.424
10251.7;0.291
10252.2;0.322
10252.7;0.715
10253.2;0.326
10253.7;0.479
10254.2;0.186
10254.7;0.424
10255.2;0.466
10255.7;0.158
10256.2;0.555
10256.7;0.272
10257.2;0.428
10257.7;0.345
10258.2;0.733
10258.7;0.36
10259.2;0.294
10259.7;0.825
10260.2;0.306
10260.7;0.546
10261.2;0.56
10261.7;0.514
10262.2;0.161
10262.7;0.124
10263.2;0.399
10263.7;0.412
10264.2;0.389
10264.7;0.509
10265.2;0.297
10265.7;0.268
10266.2;0.118
10266.7;0.464
10267.2;0.334
10267.7;0.19
10268.2;0.402
10268.7;0.014
10269.2;0.221
10269.7;0.134
10270.2;0.257
10270.7;0.275
10271.2;0.099
10271.7;0.259
10272.2;0.18
10272.7;0.26
10273.2;0.556
10273.7;0.193
10274.2;0.065
10274.7;0.219
10275.2;0.173
10275.7;0.214
10276.2;0.188
10276.7;0.408
10277.2;0.147
10277.7;0.293
10278.2;0.059
10278.7;0.196
10279.2;0.481
10279.7;0.12
10280.2;0.279
10280.7;0.409
10281.2;0.169
10281.7;0.357
10282.2;0.068
10282.7;0.068
10283.2;0.305
10283.7;0.36
10284.2;0.317
10284.7;0.52
10285.2;0.415
10285.7;0.164
10286.2;0.289
10286.7;0.27
10287.2;0.108
10287.7;0.397
10288.2;0.299
10288.7;0.226
10289.2;0.06
10289.7;0.368
10290.2;0.379
10290.7;0.189
10291.2;0.483
10291.7;0.328
10292.2;0.257
10292.7;0.362
10293.2;0.715
10293.7;0.646
10294.2;0.543
10294.7;0.749
10295.2;0.565
10295.7;0.455
10296.2;0.344
10296.7;0.53
10297.2;0.336
10297.7;0.586
10298.2;0.606
10298.7;0.497
10299.2;0.244
10299.7;0.48
10300.2;0.631
10300.7;0.314
10301.2;0.439
10301.7;0.268
10302.2;0.407
10302.7;0.016
10303.2;0.317
10303.7;0.062
10304.2;0.403
10304.7;0.194
10305.2;0.154
10305.7;0.179
10306.2;0.136
10306.7;0.206
10307.2;0.044
10307.7;0.126
10308.2;0.187
10308.7;0.296
10309.2;0.28
10309.7;0.551
10310.2;0.166
10310.7;0.344
10311.2;0.377
10311.7;0.127
10312.2;0.097
10312.7;0.371
10313.2;0.266
10313.7;0.063
10314.2;0.404
10314.7;0.112
10315.2;0.287
10315.7;0.341
10316.2;0.595
10316.7;0.135
10317.2;0.181
10317.7;0.373
10318.2;0.294
10318.7;0.076
10319.2;0.186
10319.7;0.279
10320.2;0.164
10320.7;0.271
10321.2;0.121
10321.7;0.174
10322.2;0.112
10322.7;0.214
10323.2;0.297
10323.7;0.164
10324.2;0.188
10324.7;0.235
10325.2;0.219
10325.7;0.231
10326.2;0.031
10326.7;0.072
10327.2;0.231
10327.7;0.27
10328.2;0.157
10328.7;0.358
10329.2;0.21
10329.7;0.202
10330.2;0.32
10330.7;0.324
10331.2;0.274
10331.7;0.044
10332.2;0.202
10332.7;0.135
10333.2;0.268
10333.7;0.096
10334.2;0.213
10334.7;0.292
10335.2;0.009
10335.7;0.119
10336.2;0.311
10336.7;0.373
10337.2;0.229
10337.7;0.45
10338.2;0.086
10338.7;0.249
10339.2;0.143
10339.7;0.292
10340.2;0.24
10340.7;0.176
10341.2;0.107
10341.7;0.317
10342.2;0.336
10342.7;0.167
10343.2;0.531
10343.7;0.312
10344.2;0.217
10344.7;0.12
10345.2;0.358
10345.7;0.268
10346.2;0.247
10346.7;0.271
10347.2;0.113
10347.7;0.23
10348.2;0.427
10348.7;0.422
10349.2;0.151
10349.7;0.525
10350.2;0.113
10350.7;0.376
10351.2;0.151
10351.7;0.37
10352.2;0.242
10352.7;0.234
10353.2;0.178
10353.7;0.155
10354.2;0.296
10354.7;0.156
10355.2;0.07
10355.7;0.148
10356.2;0.297
10356.7;0.069
10357.2;0.414
10357.7;0.274
10358.2;0.11
10358.7;0.319
10359.2;0.237
10359.7;0.275
10360.2;0.042
10360.7;0.357
10361.2;0.223
10361.7;0.317
10362.2;0.104
10362.7;0.333
10363.2;0.435
10363.7;0.234
10364.2;0.526
10364.7;0.619
10365.2;0.059
10365.7;0.2
10366.2;0.399
10366.7;0.143
10367.2;0.309
10367.7;0.248
10368.2;0.364
10368.7;0.117
10369.2;0.513
10369.7;0.234
10370.2;0.301
10370.7;0.253
10371.2;0.127
10371.7;0.224
10372.2;0.234
10372.7;0.107
10373.2;0.248
10373.7;0.242
10374.2;0.216
10374.7;0.334
10375.2;0.322
10375.7;0.088
10376.2;0.114
10376.7;0.501
10377.2;0.107
10377.7;0.217
10378.2;0.112
10378.7;0.129
10379.2;0.135
10379.7;0.189
10380.2;0.218
10380.7;0.159
10381.2;0.22
10381.7;0.245
10382.2;0.315
10382.7;0.271
10383.2;0.333
10383.7;0.257
10384.2;0.13
10384.7;0.12
10385.2;0.44
10385.7;0.23
10386.2;0.16
10386.7;0.155
10387.2;0.067
10387.7;0.258
10388.2;0.065
10388.7;0.408
10389.2;0.225
10389.7;0.164
10390.2;0.362
10390.7;0.234
10391.2;0.171
10391.7;0.278
10392.2;0.361
10392.7;0.087
10393.2;0.131
10393.7;0.165
10394.2;0.234
10394.7;0.096
10395.2;0.308
10395.7;0.21
10396.2;0.191
10396.7;0.097
10397.2;0.429
10397.7;0.267
10398.2;0.232
10398.7;0.38
10399.2;0.303
10399.7;0.217
10400.2;0.265
10400.7;0.535
10401.2;0.187
10401.7;0.299
10402.2;0.472
10402.7;0.225
10403.2;0.175
10403.7;0.413
10404.2;0.352
10404.7;0.167
10405.2;0.428
10405.7;0.262
10406.2;0.36
10406.7;0.248
10407.2;0.363
10407.7;0.481
10408.2;0.336
10408.7;0.218
10409.2;0.523
10409.7;0.202
10410.2;0.122
10410.7;0.353
10411.2;0.202
10411.7;0.092
10412.2;0.201
10412.7;0.199
10413.2;0.104
10413.7;0.153
10414.2;0.289
10414.7;0.069
10415.2;0.317
10415.7;0.242
10416.2;0.281
10416.7;0.145
10417.2;0.119
10417.7;0.408
10418.2;0.078
10418.7;0.077
10419.2;0.228
10419.7;0.25
10420.2;0.168
10420.7;0.095
10421.2;0.084
10421.7;0.057
10422.2;0.187
10422.7;0.068
10423.2;0.051
10423.7;0.039
10424.2;0.244
10424.7;0.257
10425.2;0.074
10425.7;0.157
10426.2;0.196
10426.7;0.076
10427.2;0.154
10427.7;0.366
10428.2;0.183
10428.7;0.12
10429.2;0.316
10429.7;0.129
10430.2;0.233
10430.7;0.255
10431.2;0.072
10431.7;0.187
10432.2;0.174
10432.7;0.18
10433.2;0.192
10433.7;0.376
10434.2;0.096
10434.7;0.102
10435.2;0.215
10435.7;0.056
10436.2;0.513
10436.7;0.292
10437.2;0.15
10437.7;0.378
10438.2;0.432
10438.7;0.089
10439.2;0.239
10439.7;0.315
10440.2;0.123
10440.7;0.512
10441.2;0.296
10441.7;0.089
10442.2;0.372
10442.7;0.328
10443.2;0.209
10443.7;0.357
10444.2;0.344
10444.7;0.235
10445.2;0.346
10445.7;0.178
10446.2;0.148
10446.7;0.363
10447.2;0.258
10447.7;0.279
10448.2;0.341
10448.7;0.293
10449.2;0.438
10449.7;0.383
10450.2;0.138
10450.7;0.218
10451.2;0.172
10451.7;0.191
10452.2;0.313
10452.7;0.084
10453.2;0.149
10453.7;0.251
10454.2;0.335
10454.7;0.087
10455.2;0.273
10455.7;0.247
10456.2;0.118
10456.7;0.389
10457.2;0.161
10457.7;0.239
10458.2;0.3
10458.7;0.161
10459.2;0.201
10459.7;0.156
10460.2;0.374
10460.7;0.165
10461.2;0.206
10461.7;0.083
10462.2;0.378
10462.7;0.207
10463.2;0.077
10463.7;0.335
10464.2;0.351
10464.7;0.057
10465.2;0.33
10465.7;0.329
10466.2;0.114
10466.7;0.541
10467.2;0.259
10467.7;0.26
10468.2;0.377
10468.7;0.401
10469.2;0.498
10469.7;0.484
10470.2;0.445
10470.7;0.259
10471.2;0.314
10471.7;0.196
10472.2;0.252
10472.7;0.511
10473.2;0.288
10473.7;0.491
10474.2;0.496
10474.7;0.339
10475.2;0.507
10475.7;0.517
10476.2;0.382
10476.7;0.342
10477.2;0.443
10477.7;0.236
10478.2;0.438
10478.7;0.505
10479.2;0.335
10479.7;0.46
10480.2;0.457
10480.7;0.373
10481.2;0.573
10481.7;0.593
10482.2;0.384
10482.7;0.482
10483.2;0.368
10483.7;0.451
10484.2;0.512
10484.7;0.457
10485.2;0.545
10485.7;0.682
10486.2;0.523
10486.7;0.384
10487.2;0.607
10487.7;0.188
10488.2;0.361
10488.7;0.521
10489.2;0.291
10489.7;0.38
10490.2;0.42
10490.7;0.303
10491.2;0.311
10491.7;0.658
10492.2;0.13
10492.7;0.301
10493.2;0.357
10493.7;0.268
10494.2;0.466
10494.7;0.368
10495.2;0.352
10495.7;0.483
10496.2;0.527
10496.7;0.32
10497.2;0.448
10497.7;0.461
10498.2;0.266
10498.7;0.473
10499.2;0.405
10499.7;0.289
10500.2;0.423
10500.7;0.372
10501.2;0.326
10501.7;0.214
10502.2;0.483
10502.7;0.117
10503.2;0.264
10503.7;0.342
10504.2;0.238
10504.7;0.381
10505.2;0.432
10505.7;0.393
10506.2;0.451
10506.7;0.406
10507.2;0.334
10507.7;0.202
10508.2;0.087
10508.7;0.251
10509.2;0.284
10509.7;0.161
10510.2;0.18
10510.7;0.256
10511.2;0.32
10511.7;0.151
10512.2;0.243
10512.7;0.09
10513.2;0.039
10513.7;0.146
10514.2;0.086
10514.7;0.095
10515.2;0.041
10515.7;0.241
10516.2;0.126
10516.7;0.148
10517.2;0.18
10517.7;0.053
10518.2;0.18
10518.7;0.081
10519.2;0.219
10519.7;0.024
10520.2;0.136
10520.7;0.122
10521.2;0.127
10521.7;0.119
10522.2;0.113
10522.7;0.15
10523.2;0.027
10523.7;0.094
10524.2;0.117
10524.7;0.228
10525.2;0.011
10525.7;0.048
10526.2;0.06
10526.7;0.086
10527.2;0.034
10527.7;0.188
10528.2;0.184
10528.7;0.082
10529.2;0.167
10529.7;0.057
10530.2;0.102
10530.7;0.165
10531.2;0.036
10531.7;0.156
10532.2;0.068
10532.7;0.218
10533.2;0.067
10533.7;0.152
10534.2;0.232
10534.7;0.027
10535.2;0.073
10535.7;0.181
10536.2;0.245
10536.7;0.156
10537.2;0.07
10537.7;0.128
10538.2;0.051
10538.7;0.136
10539.2;0.112
10539.7;0.087
10540.2;0.219
10540.7;0.014
10541.2;0.1
10541.7;0.032
10542.2;0.037
10542.7;0.034
10543.2;0.032
10543.7;0.083
10544.2;0.071
10544.7;0.044
10545.2;0.206
10545.7;0.151
10546.2;0.149
10546.7;0.133
10547.2;0.22
10547.7;0.074
10548.2;0.096
10548.7;0.202
10549.2;0.07
10549.7;0.096
10550.2;0.23
10550.7;0.263
10551.2;0.185
10551.7;0.293
10552.2;0.092
10552.7;0.128
10553.2;0.119
10553.7;0.19
10554.2;0.266
10554.7;0.211
10555.2;0.181
10555.7;0.052
10556.2;0.201
10556.7;0.027
10557.2;0.072
10557.7;0.091
10558.2;0.029
10558.7;0.071
10559.2;0.113
10559.7;0.035
10560.2;0.023
10560.7;0.152
10561.2;0.131
10561.7;0.061
10562.2;0.134
10562.7;0.019
10563.2;0.094
10563.7;0.063
10564.2;0.199
10564.7;0.149
10565.2;0.167
10565.7;0.051
10566.2;0.127
10566.7;0.148
10567.2;0.098
10567.7;0.064
10568.2;0.094
10568.7;0.118
10569.2;0.16
10569.7;0.19
10570.2;0.075
10570.7;0.132
10571.2;0.08
10571.7;0.056
10572.2;0.051
10572.7;0.15
10573.2;0.036
10573.7;0.092
10574.2;0.275
10574.7;0.023
10575.2;0.083
10575.7;0.119
10576.2;0.033
10576.7;0.026
10577.2;0.142
10577.7;0.257
10578.2;0.106
10578.7;0.176
10579.2;0.258
10579.7;0.167
10580.2;0.131
10580.7;0.033
10581.2;0.124
10581.7;0.141
10582.2;0.142
10582.7;0.113
10583.2;0.112
10583.7;0.201
10584.2;0.215
10584.7;0.235
10585.2;0.102
10585.7;0.116
10586.2;0.164
10586.7;0.122
10587.2;0.08
10587.7;0.242
10588.2;0.012
10588.7;0.144
10589.2;0.113
10589.7;0.238
10590.2;0.051
10590.7;0.077
10591.2;0.022
10591.7;0.127
10592.2;0.09
10592.7;0.096
10593.2;0.159
10593.7;0.149
10594.2;0.138
10594.7;0.24
10595.2;0.063
10595.7;0.254
10596.2;0.215
10596.7;0.19
10597.2;0.025
10597.7;0.062
10598.2;0.049
10598.7;0.065
10599.2;0.073
10599.7;0.16
10600.2;0.097
10600.7;0.128
10601.2;0.042
10601.7;0.083
10602.2;0.08
10602.7;0.131
10603.2;0.193
10603.7;0.095
10604.2;0.116
10604.7;0.155
10605.2;0.212
10605.7;0.035
10606.2;0.145
10606.7;0.108
10607.2;0.112
10607.7;0.18
10608.2;0.082
10608.7;0.079
10609.2;0.073
10609.7;0.134
10610.2;0.183
10610.7;0.078
10611.2;0.191
10611.7;0.041
10612.2;0.178
10612.7;0.148
10613.2;0.053
10613.7;0.098
10614.2;0.063
10614.7;0.111
10615.2;0.008
10615.7;0.127
10616.2;0.102
10616.7;0.091
10617.2;0.1
10617.7;0.07
10618.2;0.162
10618.7;0.047
10619.2;0.057
10619.7;0.024
10620.2;0.104
10620.7;0.033
10621.2;0.155
10621.7;0.058
10622.2;0.094
10622.7;0.135
10623.2;0.046
10623.7;0.084
10624.2;0.149
10624.7;0.158
10625.2;0.114
10625.7;0.232
10626.2;0.154
10626.7;0.06
10627.2;0.168
10627.7;0.117
10628.2;0.049
10628.7;0.043
10629.2;0.079
10629.7;0.093
10630.2;0.047
10630.7;0.113
10631.2;0.08
10631.7;0.119
10632.2;0.016
10632.7;0.094
10633.2;0.084
10633.7;0.082
10634.2;0.121
10634.7;0.115
10635.2;0.086
10635.7;0.068
10636.2;0.139
10636.7;0.076
10637.2;0.013
10637.7;0.099
10638.2;0.116
10638.7;0.115
10639.2;0.078
10639.7;0.111
10640.2;0.111
10640.7;0.073
10641.2;0.193
10641.7;0.081
10642.2;0.115
10642.7;0.13
10643.2;0.049
10643.7;0.041
10644.2;0.063
10644.7;0.134
10645.2;0.051
10645.7;0.071
10646.2;0.115
10646.7;0.099
10647.2;0.101
10647.7;0.058
10648.2;0.129
10648.7;0.156
10649.2;0.013
10649.7;0.201
10650.2;0.123
10650.7;0.076
10651.2;0.029
10651.7;0.037
10652.2;0.112
10652.7;0.073
10653.2;0.226
10653.7;0.096
10654.2;0.093
10654.7;0.155
10655.2;0.14
10655.7;0.094
10656.2;0.178
10656.7;0.066
10657.2;0.163
10657.7;0.028
10658.2;0.082
10658.7;0.125
10659.2;0.05
10659.7;0.078
10660.2;0.115
10660.7;0.024
10661.2;0.065
10661.7;0.187
10662.2;0.107
10662.7;0.054
10663.2;0.075
10663.7;0.133
10664.2;0.078
10664.7;0.091
10665.2;0.144
10665.7;0.112
10666.2;0.009
10666.7;0.058
10667.2;0.238
10667.7;0.145
10668.2;0.046
10668.7;0.027
10669.2;0.15
10669.7;0.229
10670.2;0.03
10670.7;0.181
10671.2;0.08
10671.7;0.066
10672.2;0.108
10672.7;0.137
10673.2;0.131
10673.7;0.165
10674.2;0.057
10674.7;0.154
10675.2;0.209
10675.7;0.16
10676.2;0.041
10676.7;0.112
10677.2;0.217
10677.7;0.13
10678.2;0.073
10678.7;0.167
10679.2;0.152
10679.7;0.182
10680.2;0.127
10680.7;0.2
10681.2;0.212
10681.7;0.184
10682.2;0.223
10682.7;0.306
10683.2;0.126
10683.7;0.262
10684.2;0.217
10684.7;0.057
10685.2;0.057
10685.7;0.352
10686.2;0.087
10686.7;0.044
10687.2;0.216
10687.7;0.201
10688.2;0.264
10688.7;0.178
10689.2;0.288
10689.7;0.108
10690.2;0.112
10690.7;0.219
10691.2;0.063
10691.7;0.06
10692.2;0.215
10692.7;0.199
10693.2;0.231
10693.7;0.137
10694.2;0.049
10694.7;0.219
10695.2;0.137
10695.7;0.08
10696.2;0.126
10696.7;0.275
10697.2;0.256
10697.7;0.16
10698.2;0.095
10698.7;0.146
10699.2;0.231
10699.7;0.005
10700.2;0.157
10700.7;0.132
10701.2;0.041
10701.7;0.179
10702.2;0.06
10702.7;0.166
10703.2;0.122
10703.7;0.273
10704.2;0.076
10704.7;0.058
10705.2;0.349
10705.7;0.189
10706.2;0.121
10706.7;0.166
10707.2;0.142
10707.7;0.141
10708.2;0.178
10708.7;0.309
10709.2;0.094
10709.7;0.103
10710.2;0.15
10710.7;0.255
10711.2;0.233
10711.7;0.132
10712.2;0.22
10712.7;0.147
10713.2;0.192
10713.7;0.218
10714.2;0.118
10714.7;0.024
10715.2;0.054
10715.7;0.168
10716.2;0.073
10716.7;0.085
10717.2;0.132
10717.7;0.118
10718.2;0.113
10718.7;0.196
10719.2;0.152
10719.7;0.025
10720.2;0.065
10720.7;0.199
10721.2;0.104
10721.7;0.091
10722.2;0.117
10722.7;0.074
10723.2;0.205
10723.7;0.145
10724.2;0.049
10724.7;0.217
10725.2;0.159
10725.7;0.138
10726.2;0.213
10726.7;0.163
10727.2;0.148
10727.7;0.145
10728.2;0.213
10728.7;0.184
10729.2;0.185
10729.7;0.161
10730.2;0.109
10730.7;0.137
10731.2;0.121
10731.7;0.138
10732.2;0.109
10732.7;0.158
10733.2;0.253
10733.7;0.191
10734.2;0.086
10734.7;0.184
10735.2;0.067
10735.7;0.152
10736.2;0.159
10736.7;0.235
10737.2;0.141
10737.7;0.186
10738.2;0.265
10738.7;0.224
10739.2;0.185
10739.7;0.206
10740.2;0.153
10740.7;0.101
10741.2;0.15
10741.7;0.228
10742.2;0.045
10742.7;0.291
10743.2;0.182
10743.7;0.064
10744.2;0.15
10744.7;0.142
10745.2;0.184
10745.7;0.028
10746.2;0.097
10746.7;0.083
10747.2;0.069
10747.7;0.144
10748.2;0.26
10748.7;0.053
10749.2;0.192
10749.7;0.147
10750.2;0.169
10750.7;0.044
10751.2;0.151
10751.7;0.138
10752.2;0.074
10752.7;0.162
10753.2;0.199
10753.7;0.179
10754.2;0.061
10754.7;0.135
10755.2;0.226
10755.7;0.065
10756.2;0.135
10756.7;0.271
10757.2;0.076
10757.7;0.121
10758.2;0.094
10758.7;0.099
10759.2;0.135
10759.7;0.021
10760.2;0.096
10760.7;0.086
10761.2;0.056
10761.7;0.059
10762.2;0.108
10762.7;0.151
10763.2;0.055
10763.7;0.077
10764.2;0.062
10764.7;0.101
10765.2;0.131
10765.7;0.123
10766.2;0.116
10766.7;0.073
10767.2;0.14
10767.7;0.058
10768.2;0.032
10768.7;0.098
10769.2;0.122
10769.7;0.035
10770.2;0.077
10770.7;0.059
10771.2;0.066
10771.7;0.106
10772.2;0.105
10772.7;0.133
10773.2;0.048
10773.7;0.116
10774.2;0.107
10774.7;0.056
10775.2;0.123
10775.7;0.161
10776.2;0.156
10776.7;0.173
10777.2;0.041
10777.7;0.121
10778.2;0.085
10778.7;0.064
10779.2;0.045
10779.7;0.083
10780.2;0.056
10780.7;0.061
10781.2;0.03
10781.7;0.129
10782.2;0.161
10782.7;0.008
10783.2;0.06
10783.7;0.046
10784.2;0.11
10784.7;0.039
10785.2;0.148
10785.7;0.193
10786.2;0.149
10786.7;0.17
10787.2;0.02
10787.7;0.108
10788.2;0.021
10788.7;0.151
10789.2;0.158
10789.7;0.25
10790.2;0.153
10790.7;0.06
10791.2;0.045
10791.7;0.114
10792.2;0.105
10792.7;0.053
10793.2;0.04
10793.7;0.075
10794.2;0.041
10794.7;0.008
10795.2;0.088
10795.7;0.047
10796.2;0.161
10796.7;0.092
10797.2;0.195
10797.7;0.111
10798.2;0.126
10798.7;0.158
10799.2;0.112
10799.7;0.16
10800.2;0.072
10800.7;0.23
10801.2;0.149
10801.7;0.027
10802.2;0.14
10802.7;0.027
10803.2;0.081
10803.7;0.059
10804.2;0.146
10804.7;0.131
10805.2;0.126
10805.7;0.13
10806.2;0.024
10806.7;0.139
10807.2;0.221
10807.7;0.173
10808.2;0.014
10808.7;0.065
10809.2;0.059
10809.7;0.044
10810.2;0.047
10810.7;0.145
10811.2;0.105
10811.7;0.081
10812.2;0.11
10812.7;0.079
10813.2;0.013
10813.7;0.059
10814.2;0.236
10814.7;0.084
10815.2;0.046
10815.7;0.076
10816.2;0.114
10816.7;0.042
10817.2;0.045
10817.7;0.025
10818.2;0.119
10818.7;0.191
10819.2;0.115
10819.7;0.11
10820.2;0.016
10820.7;0.081
10821.2;0.171
10821.7;0.068
10822.2;0.056
10822.7;0.147
10823.2;0.088
10823.7;0.112
10824.2;0.065
10824.7;0.101
10825.2;0.094
10825.7;0.072
10826.2;0.097
10826.7;0.134
10827.2;0.076
10827.7;0.088
10828.2;0.105
10828.7;0.09
10829.2;0.057
10829.7;0.163
10830.2;0.078
10830.7;0.04
10831.2;0.075
10831.7;0.001
10832.2;0.052
10832.7;0.121
10833.2;0.078
10833.7;0.048
10834.2;0.147
10834.7;0.081
10835.2;0.103
10835.7;0.084
10836.2;0.093
10836.7;0.028
10837.2;0.062
10837.7;0.058
10838.2;0.075
10838.7;0.094
10839.2;0.095
10839.7;0.065
10840.2;0.156
10840.7;0.108
10841.2;0.097
10841.7;0.18
10842.2;0.081
10842.7;0.065
10843.2;0.109
10843.7;0.037
10844.2;0.147
10844.7;0.152
10845.2;0.092
10845.7;0.075
10846.2;0.059
10846.7;0.07
10847.2;0.099
10847.7;0.088
10848.2;0.052
10848.7;0.13
10849.2;0.084
10849.7;0.088
10850.2;0.223
10850.7;0.088
10851.2;0.081
10851.7;0.095
10852.2;0.163
10852.7;0.066
10853.2;0.134
10853.7;0.142
10854.2;0.08
10854.7;0.082
10855.2;0.103
10855.7;0.049
10856.2;0.096
10856.7;0.098
10857.2;0.098
10857.7;0.105
10858.2;0.104
10858.7;0.204
10859.2;0.047
10859.7;0.173
10860.2;0.128
10860.7;0.141
10861.2;0.177
10861.7;0.016
10862.2;0.19
10862.7;0.023
10863.2;0.018
10863.7;0.151
10864.2;0.111
10864.7;0.061
10865.2;0.16
10865.7;0.183
10866.2;0.022
10866.7;0.104
10867.2;0.109
10867.7;0.059
10868.2;0.018
10868.7;0.08
10869.2;0.041
10869.7;0.125
10870.2;0.116
10870.7;0.181
10871.2;0.037
10871.7;0.039
10872.2;0.081
10872.7;0.078
10873.2;0.082
10873.7;0.157
10874.2;0.219
10874.7;0.114
10875.2;0.056
10875.7;0.043
10876.2;0.061
10876.7;0.134
10877.2;0.078
10877.7;0.115
10878.2;0.046
10878.7;0.084
10879.2;0.064
10879.7;0.046
10880.2;0.077
10880.7;0.1
10881.2;0.064
10881.7;0.079
10882.2;0.176
10882.7;0.165
10883.2;0.141
10883.7;0.022
10884.2;0.039
10884.7;0.087
10885.2;0.133
10885.7;0.038
10886.2;0.103
10886.7;0.076
10887.2;0.141
10887.7;0.021
10888.2;0.093
10888.7;0.038
10889.2;0.035
10889.7;0.102
10890.2;0.047
10890.7;0.047
10891.2;0.032
10891.7;0.087
10892.2;0.04
10892.7;0.146
10893.2;0.087
10893.7;0.114
10894.2;0.068
10894.7;0.039
10895.2;0.032
10895.7;0.148
10896.2;0.181
10896.7;0.092
10897.2;0.074
10897.7;0.106
10898.2;0.117
10898.7;0.166
10899.2;0.057
10899.7;0.053
10900.2;0.113
10900.7;0.105
10901.2;0.03
10901.7;0.169
10902.2;0.051
10902.7;0.063
10903.2;0.139
10903.7;0.095
10904.2;0.124
10904.7;0.19
10905.2;0.151
10905.7;0.115
10906.2;0.091
10906.7;0.14
10907.2;0.126
10907.7;0.131
10908.2;0.162
10908.7;0.141
10909.2;0.106
10909.7;0.058
10910.2;0.035
10910.7;0.041
10911.2;0.094
10911.7;0.009
10912.2;0.181
10912.7;0.055
10913.2;0.067
10913.7;0.053
10914.2;0.05
10914.7;0.081
10915.2;0.003
10915.7;0.062
10916.2;0.038
10916.7;0.045
10917.2;0.034
10917.7;0.13
10918.2;0.129
10918.7;0.047
10919.2;0.058
10919.7;0.077
10920.2;0.084
10920.7;0.047
10921.2;0.105
10921.7;0.034
10922.2;0.076
10922.7;0.085
10923.2;0.073
10923.7;0.057
10924.2;0.212
10924.7;0.107
10925.2;0.075
10925.7;0.069
10926.2;0.124
10926.7;0.154
10927.2;0.167
10927.7;0.194
10928.2;0.209
10928.7;0.029
10929.2;0.2
10929.7;0.071
10930.2;0.057
10930.7;0.089
10931.2;0.067
10931.7;0.053
10932.2;0.061
10932.7;0.065
10933.2;0.095
10933.7;0.063
10934.2;0.158
10934.7;0.219
10935.2;0.062
10935.7;0.012
10936.2;0.159
10936.7;0.132
10937.2;0.032
10937.7;0.113
10938.2;0.052
10938.7;0.077
10939.2;0.056
10939.7;0.095
10940.2;0.047
10940.7;0.05
10941.2;0.136
10941.7;0.042
10942.2;0.071
10942.7;0.176
10943.2;0.137
10943.7;0.037
10944.2;0.137
10944.7;0.14
10945.2;0.034
10945.7;0.058
10946.2;0.048
10946.7;0.17
10947.2;0.085
10947.7;0.084
10948.2;0.164
10948.7;0.067
10949.2;0.042
10949.7;0.027
10950.2;0.146
10950.7;0.01
10951.2;0.116
10951.7;0.032
10952.2;0.114
10952.7;0.08
10953.2;0.064
10953.7;0.127
10954.2;0.064
10954.7;0.144
10955.2;0.043
10955.7;0.046
10956.2;0.06
10956.7;0.161
10957.2;0.039
10957.7;0.021
10958.2;0.065
10958.7;0.081
10959.2;0.142
10959.7;0.111
10960.2;0.061
10960.7;0.063
10961.2;0.081
10961.7;0.069
10962.2;0.009
10962.7;0.113
10963.2;0.136
10963.7;0.073
10964.2;0.124
10964.7;0.12
10965.2;0.158
10965.7;0.097
10966.2;0.062
10966.7;0.072
10967.2;0.082
10967.7;0.047
10968.2;0.031
10968.7;0.1
10969.2;0.063
10969.7;0.101
10970.2;0.073
10970.7;0.178
10971.2;0.069
10971.7;0.083
10972.2;0.097
10972.7;0.175
10973.2;0.078
10973.7;0.068
10974.2;0.039
10974.7;0.199
10975.2;0.08
10975.7;0.024
10976.2;0.077
10976.7;0.049
10977.2;0.136
10977.7;0.096
10978.2;0.071
10978.7;0.146
10979.2;0.13
10979.7;0.12
10980.2;0.064
10980.7;0.118
10981.2;0.096
10981.7;0.043
10982.2;0.074
10982.7;0.122
10983.2;0.234
10983.7;0.086
10984.2;0.044
10984.7;0.185
10985.2;0.182
10985.7;0.085
10986.2;0.145
10986.7;0.082
10987.2;0.027
10987.7;0.153
10988.2;0.08
10988.7;0.195
10989.2;0.064
10989.7;0.132
10990.2;0.149
10990.7;0.08
10991.2;0.055
10991.7;0.173
10992.2;0.103
10992.7;0.097
10993.2;0.005
10993.7;0.034
10994.2;0.016
10994.7;0.05
10995.2;0.163
10995.7;0.064
10996.2;0.118
10996.7;0.037
10997.2;0.111
10997.7;0.113
10998.2;0.075
10998.7;0.107
10999.2;0.109
10999.7;0.143
11000.2;0.077
11000.7;0.116
11001.2;0.234
11001.7;0.138
11002.2;0.074
11002.7;0.086
11003.2;0.045
11003.7;0.11
11004.2;0.099
11004.7;0.028
11005.2;0.097
11005.7;0.119
11006.2;0.065
11006.7;0.126
11007.2;0.088
11007.7;0.016
11008.2;0.148
11008.7;0.125
11009.2;0.073
11009.7;0.045
11010.2;0.041
11010.7;0.12
11011.2;0.135
11011.7;0.053
11012.2;0.07
11012.7;0.053
11013.2;0.041
11013.7;0.087
11014.2;0.042
11014.7;0.089
11015.2;0.098
11015.7;0.146
11016.2;0.107
11016.7;0.094
11017.2;0.049
11017.7;0.188
11018.2;0.171
11018.7;0.123
11019.2;0.035
11019.7;0.209
11020.2;0.093
11020.7;0.028
11021.2;0.069
11021.7;0.201
11022.2;0.053
11022.7;0.053
11023.2;0.076
11023.7;0.15
11024.2;0.199
11024.7;0.058
11025.2;0.146
11025.7;0.214
11026.2;0.09
11026.7;0.078
11027.2;0.14
11027.7;0.108
11028.2;0.119
11028.7;0.089
11029.2;0.165
11029.7;0.136
11030.2;0.061
11030.7;0.074
11031.2;0.132
11031.7;0.089
11032.2;0.063
11032.7;0.137
11033.2;0.113
11033.7;0.03
11034.2;0.067
11034.7;0.033
11035.2;0.093
11035.7;0.132
11036.2;0.053
11036.7;0.196
11037.2;0.041
11037.7;0.106
11038.2;0.076
11038.7;0.116
11039.2;0.058
11039.7;0.194
11040.2;0.01
11040.7;0.155
11041.2;0.125
11041.7;0.162
11042.2;0.127
11042.7;0.016
11043.2;0.122
11043.7;0.157
11044.2;0.019
11044.7;0.04
11045.2;0.031
11045.7;0.149
11046.2;0.043
11046.7;0.046
11047.2;0.125
11047.7;0.111
11048.2;0.093
11048.7;0.119
11049.2;0.067
11049.7;0.149
11050.2;0.152
11050.7;0.07
11051.2;0.162
11051.7;0.083
11052.2;0.091
11052.7;0.084
11053.2;0.071
11053.7;0.115
11054.2;0.035
11054.7;0.078
11055.2;0.175
11055.7;0.099
11056.2;0.023
11056.7;0.074
11057.2;0.115
11057.7;0.088
11058.2;0.072
11058.7;0.091
11059.2;0.083
11059.7;0.095
11060.2;0.134
11060.7;0.07
11061.2;0.069
11061.7;0.067
11062.2;0.17
11062.7;0.022
11063.2;0.11
11063.7;0.116
11064.2;0.051
11064.7;0.18
11065.2;0.129
11065.7;0.213
11066.2;0.08
11066.7;0.101
11067.2;0.071
11067.7;0.108
11068.2;0.11
11068.7;0.111
11069.2;0.169
11069.7;0.156
11070.2;0.158
11070.7;0.116
11071.2;0.079
11071.7;0.133
11072.2;0.186
11072.7;0.107
11073.2;0.038
11073.7;0.1
11074.2;0.08
11074.7;0.037
11075.2;0.14
11075.7;0.025
11076.2;0.048
11076.7;0.099
11077.2;0.155
11077.7;0.046
11078.2;0.071
11078.7;0.081
11079.2;0.093
11079.7;0.099
11080.2;0.064
11080.7;0.008
11081.2;0.057
11081.7;0.176
11082.2;0.048
11082.7;0.1
11083.2;0.155
11083.7;0.145
11084.2;0.04
11084.7;0.063
11085.2;0.115
11085.7;0.1
11086.2;0.099
11086.7;0.022
11087.2;0.169
11087.7;0.121
11088.2;0.028
11088.7;0.115
11089.2;0.183
11089.7;0.038
11090.2;0.135
11090.7;0.108
11091.2;0.198
11091.7;0.153
11092.2;0.077
11092.7;0.141
11093.2;0.07
11093.7;0.121
11094.2;0.237
11094.7;0.084
11095.2;0.077
11095.7;0.129
11096.2;0.133
11096.7;0.12
11097.2;0.122
11097.7;0.167
11098.2;0.074
11098.7;0.034
11099.2;0.14
11099.7;0.242
11100.2;0.059
11100.7;0.126
11101.2;0.122
11101.7;0.113
11102.2;0.143
11102.7;0.267
11103.2;0.09
11103.7;0.112
11104.2;0.203
11104.7;0.225
11105.2;0.103
11105.7;0.153
11106.2;0.215
11106.7;0.094
11107.2;0.177
11107.7;0.224
11108.2;0.222
11108.7;0.065
11109.2;0.179
11109.7;0.079
11110.2;0.134
11110.7;0.172
11111.2;0.205
11111.7;0.039
11112.2;0.123
11112.7;0.267
11113.2;0.19
11113.7;0.099
11114.2;0.139
11114.7;0.225
11115.2;0.162
11115.7;0.22
11116.2;0.137
11116.7;0.204
11117.2;0.204
11117.7;0.279
11118.2;0.112
11118.7;0.079
11119.2;0.167
11119.7;0.034
11120.2;0.071
11120.7;0.176
11121.2;0.215
11121.7;0.078
11122.2;0.076
11122.7;0.053
11123.2;0.186
11123.7;0.126
11124.2;0.075
11124.7;0.138
11125.2;0.188
11125.7;0.14
11126.2;0.118
11126.7;0.136
11127.2;0.073
11127.7;0.237
11128.2;0.127
11128.7;0.208
11129.2;0.169
11129.7;0.11
11130.2;0.232
11130.7;0.146
11131.2;0.134
11131.7;0.249
11132.2;0.265
11132.7;0.145
11133.2;0.185
11133.7;0.296
11134.2;0.229
11134.7;0.217
11135.2;0.234
11135.7;0.16
11136.2;0.179
11136.7;0.293
11137.2;0.205
11137.7;0.263
11138.2;0.307
11138.7;0.257
11139.2;0.258
11139.7;0.13
11140.2;0.209
11140.7;0.264
11141.2;0.163
11141.7;0.251
11142.2;0.236
11142.7;0.09
11143.2;0.201
11143.7;0.231
11144.2;0.029
11144.7;0.205
11145.2;0.175
11145.7;0.093
11146.2;0.042
11146.7;0.16
11147.2;0.089
11147.7;0.13
11148.2;0.166
11148.7;0.035
11149.2;0.152
11149.7;0.072
11150.2;0.101
11150.7;0.251
11151.2;0.092
11151.7;0.047
11152.2;0.054
11152.7;0.131
11153.2;0.132
11153.7;0.088
11154.2;0.114
11154.7;0.078
11155.2;0.185
11155.7;0.089
11156.2;0.225
11156.7;0.146
11157.2;0.111
11157.7;0.123
11158.2;0.19
11158.7;0.143
11159.2;0.203
11159.7;0.123
11160.2;0.121
11160.7;0.225
11161.2;0.087
11161.7;0.178
11162.2;0.177
11162.7;0.17
11163.2;0.206
11163.7;0.251
11164.2;0.07
11164.7;0.19
11165.2;0.125
11165.7;0.088
11166.2;0.199
11166.7;0.093
11167.2;0.097
11167.7;0.033
11168.2;0.049
11168.7;0.069
11169.2;0.156
11169.7;0.146
11170.2;0.053
11170.7;0.197
11171.2;0.12
11171.7;0.204
11172.2;0.213
11172.7;0.058
11173.2;0.035
11173.7;0.08
11174.2;0.095
11174.7;0.087
11175.2;0.066
11175.7;0.04
11176.2;0.099
11176.7;0.173
11177.2;0.044
11177.7;0.181
11178.2;0.127
11178.7;0.117
11179.2;0.086
11179.7;0.143
11180.2;0.183
11180.7;0.178
11181.2;0.08
11181.7;0.107
11182.2;0.228
11182.7;0.09
11183.2;0.177
11183.7;0.177
11184.2;0.108
11184.7;0.229
11185.2;0.213
11185.7;0.18
11186.2;0.225
11186.7;0.234
11187.2;0.152
11187.7;0.197
11188.2;0.18
11188.7;0.176
11189.2;0.105
11189.7;0.206
11190.2;0.182
11190.7;0.213
11191.2;0.058
11191.7;0.103
11192.2;0.214
11192.7;0.085
11193.2;0.155
11193.7;0.299
11194.2;0.12
11194.7;0.141
11195.2;0.203
11195.7;0.231
11196.2;0.071
11196.7;0.161
11197.2;0.083
11197.7;0.096
11198.2;0.257
11198.7;0.199
11199.2;0.107
11199.7;0.184
11200.2;0.111
11200.7;0.137
11201.2;0.145
11201.7;0.137
11202.2;0.317
11202.7;0.21
11203.2;0.141
11203.7;0.168
11204.2;0.124
11204.7;0.175
11205.2;0.127
11205.7;0.096
11206.2;0.081
11206.7;0.2
11207.2;0.129
11207.7;0.125
11208.2;0.265
11208.7;0.064
11209.2;0.132
11209.7;0.173
11210.2;0.049
11210.7;0.159
11211.2;0.104
11211.7;0.148
11212.2;0.138
11212.7;0.063
11213.2;0.148
11213.7;0.071
11214.2;0.142
11214.7;0.113
11215.2;0.146
11215.7;0.025
11216.2;0.112
11216.7;0.136
11217.2;0.068
11217.7;0.119
11218.2;0.036
11218.7;0.219
11219.2;0.05
11219.7;0.109
11220.2;0.111
11220.7;0.138
11221.2;0.075
11221.7;0.14
11222.2;0.049
11222.7;0.023
11223.2;0.042
11223.7;0.125
11224.2;0.01
11224.7;0.115
11225.2;0.032
11225.7;0.088
11226.2;0.081
11226.7;0.23
11227.2;0.082
11227.7;0.126
11228.2;0.091
11228.7;0.12
11229.2;0.094
11229.7;0.063
11230.2;0.099
11230.7;0.088
11231.2;0.108
11231.7;0.072
11232.2;0.093
11232.7;0.133
11233.2;0.148
11233.7;0.1
11234.2;0.112
11234.7;0.038
11235.2;0.072
11235.7;0.143
11236.2;0.061
11236.7;0.129
11237.2;0.104
11237.7;0.046
11238.2;0.191
11238.7;0.123
11239.2;0.055
11239.7;0.119
11240.2;0.072
11240.7;0.143
11241.2;0.178
11241.7;0.178
11242.2;0.089
11242.7;0.104
11243.2;0.105
11243.7;0.036
11244.2;0.118
11244.7;0.094
11245.2;0.145
11245.7;0.106
11246.2;0.18
11246.7;0.177
11247.2;0.054
11247.7;0.166
11248.2;0.214
11248.7;0.083
11249.2;0.311
11249.7;0.253
11250.2;0.145
11250.7;0.064
11251.2;0.152
11251.7;0.116
11252.2;0.039
11252.7;0.154
11253.2;0.118
11253.7;0.26
11254.2;0.112
11254.7;0.22
11255.2;0.212
11255.7;0.11
11256.2;0.128
11256.7;0.284
11257.2;0.074
11257.7;0.15
11258.2;0.29
11258.7;0.16
11259.2;0.061
11259.7;0.155
11260.2;0.154
11260.7;0.079
11261.2;0.186
11261.7;0.17
11262.2;0.236
11262.7;0.012
11263.2;0.182
11263.7;0.211
11264.2;0.01
11264.7;0.096
11265.2;0.14
11265.7;0.042
11266.2;0.027
11266.7;0.147
11267.2;0.217
11267.7;0.059
11268.2;0.149
11268.7;0.087
11269.2;0.073
11269.7;0.21
11270.2;0.137
11270.7;0.034
11271.2;0.088
11271.7;0.188
11272.2;0.117
11272.7;0.082
11273.2;0.031
11273.7;0.171
11274.2;0.014
11274.7;0.158
11275.2;0.135
11275.7;0.07
11276.2;0.087
11276.7;0.072
11277.2;0.125
11277.7;0.062
11278.2;0.199
11278.7;0.09
11279.2;0.034
11279.7;0.159
11280.2;0.286
11280.7;0.091
11281.2;0.139
11281.7;0.127
11282.2;0.128
11282.7;0.154
11283.2;0.241
11283.7;0.178
11284.2;0.05
11284.7;0.292
11285.2;0.292
11285.7;0.092
11286.2;0.075
11286.7;0.246
11287.2;0.296
11287.7;0.085
11288.2;0.283
11288.7;0.241
11289.2;0.2
11289.7;0.281
11290.2;0.21
11290.7;0.212
11291.2;0.192
11291.7;0.38
11292.2;0.136
11292.7;0.214
11293.2;0.312
11293.7;0.252
11294.2;0.143
11294.7;0.147
11295.2;0.217
11295.7;0.249
11296.2;0.181
11296.7;0.198
11297.2;0.322
11297.7;0.225
11298.2;0.246
11298.7;0.276
11299.2;0.269
11299.7;0.159
11300.2;0.284
11300.7;0.217
11301.2;0.212
11301.7;0.277
11302.2;0.376
11302.7;0.299
11303.2;0.21
11303.7;0.3
11304.2;0.334
11304.7;0.332
11305.2;0.309
11305.7;0.29
11306.2;0.294
11306.7;0.385
11307.2;0.375
11307.7;0.288
11308.2;0.209
11308.7;0.347
11309.2;0.338
11309.7;0.322
11310.2;0.294
11310.7;0.345
11311.2;0.279
11311.7;0.362
11312.2;0.359
11312.7;0.352
11313.2;0.348
11313.7;0.443
11314.2;0.434
11314.7;0.295
11315.2;0.458
11315.7;0.571
11316.2;0.33
11316.7;0.303
11317.2;0.4
11317.7;0.406
11318.2;0.47
11318.7;0.501
11319.2;0.276
11319.7;0.264
11320.2;0.614
11320.7;0.58
11321.2;0.306
11321.7;0.416
11322.2;0.553
11322.7;0.449
11323.2;0.414
11323.7;0.559
11324.2;0.437
11324.7;0.349
11325.2;0.452
11325.7;0.496
11326.2;0.355
11326.7;0.468
11327.2;0.488
11327.7;0.26
11328.2;0.258
11328.7;0.511
11329.2;0.442
11329.7;0.148
11330.2;0.354
11330.7;0.363
11331.2;0.296
11331.7;0.217
11332.2;0.333
11332.7;0.266
11333.2;0.209
11333.7;0.336
11334.2;0.25
11334.7;0.221
11335.2;0.24
11335.7;0.24
11336.2;0.181
11336.7;0.26
11337.2;0.194
11337.7;0.164
11338.2;0.25
11338.7;0.267
11339.2;0.205
11339.7;0.185
11340.2;0.312
11340.7;0.266
11341.2;0.196
11341.7;0.189
11342.2;0.152
11342.7;0.182
11343.2;0.203
11343.7;0.15
11344.2;0.156
11344.7;0.159
11345.2;0.273
11345.7;0.112
11346.2;0.006
11346.7;0.043
11347.2;0.219
11347.7;0.137
11348.2;0.059
11348.7;0.13
11349.2;0.093
11349.7;0.146
11350.2;0.072
11350.7;0.103
11351.2;0.078
11351.7;0.077
11352.2;0.124
11352.7;0.218
11353.2;0.069
11353.7;0.151
11354.2;0.005
11354.7;0.166
11355.2;0.162
11355.7;0.127
11356.2;0.11
11356.7;0.088
11357.2;0.279
11357.7;0.159
11358.2;0.164
11358.7;0.066
11359.2;0.268
11359.7;0.117
11360.2;0.241
11360.7;0.102
11361.2;0.16
11361.7;0.174
11362.2;0.058
11362.7;0.055
11363.2;0.155
11363.7;0.179
11364.2;0.144
11364.7;0.045
11365.2;0.135
11365.7;0.236
11366.2;0.109
11366.7;0.093
11367.2;0.121
11367.7;0.231
11368.2;0.042
11368.7;0.144
11369.2;0.073
11369.7;0.218
11370.2;0.11
11370.7;0.176
11371.2;0.043
11371.7;0.059
11372.2;0.248
11372.7;0.173
11373.2;0.075
11373.7;0.16
11374.2;0.369
11374.7;0.154
11375.2;0.134
11375.7;0.115
11376.2;0.218
11376.7;0.049
11377.2;0.298
11377.7;0.127
11378.2;0.141
11378.7;0.15
11379.2;0.145
11379.7;0.174
11380.2;0.044
11380.7;0.146
11381.2;0.216
11381.7;0.246
11382.2;0.196
11382.7;0.346
11383.2;0.174
11383.7;0.227
11384.2;0.176
11384.7;0.181
11385.2;0.117
11385.7;0.317
11386.2;0.144
11386.7;0.179
11387.2;0.211
11387.7;0.299
11388.2;0.089
11388.7;0.163
11389.2;0.135
11389.7;0.409
11390.2;0.339
11390.7;0.203
11391.2;0.323
11391.7;0.2
11392.2;0.34
11392.7;0.195
11393.2;0.328
11393.7;0.17
11394.2;0.317
11394.7;0.279
11395.2;0.335
11395.7;0.302
11396.2;0.208
11396.7;0.201
11397.2;0.376
11397.7;0.263
11398.2;0.173
11398.7;0.303
11399.2;0.343
11399.7;0.251
11400.2;0.297
11400.7;0.327
11401.2;0.29
11401.7;0.329
11402.2;0.204
11402.7;0.237
11403.2;0.26
11403.7;0.416
11404.2;0.204
11404.7;0.172
11405.2;0.294
11405.7;0.277
11406.2;0.317
11406.7;0.166
11407.2;0.317
11407.7;0.15
11408.2;0.277
11408.7;0.206
11409.2;0.188
11409.7;0.165
11410.2;0.218
11410.7;0.188
11411.2;0.156
11411.7;0.103
11412.2;0.216
11412.7;0.115
11413.2;0.255
11413.7;0.26
11414.2;0.096
11414.7;0.29
11415.2;0.146
11415.7;0.1
11416.2;0.137
11416.7;0.316
11417.2;0.176
11417.7;0.06
11418.2;0.226
11418.7;0.095
11419.2;0.11
11419.7;0.212
11420.2;0.051
11420.7;0.144
11421.2;0.064
11421.7;0.305
11422.2;0.044
11422.7;0.024
11423.2;0.065
11423.7;0.112
11424.2;0.128
11424.7;0.134
11425.2;0.083
11425.7;0.102
11426.2;0.203
11426.7;0.151
11427.2;0.107
11427.7;0.087
11428.2;0.15
11428.7;0.053
11429.2;0.165
11429.7;0.042
11430.2;0.163
11430.7;0.124
11431.2;0.13
11431.7;0.167
11432.2;0.061
11432.7;0.185
11433.2;0.155
11433.7;0.125
11434.2;0.086
11434.7;0.103
11435.2;0.14
11435.7;0.086
11436.2;0.197
11436.7;0.227
11437.2;0.109
11437.7;0.136
11438.2;0.16
11438.7;0.257
11439.2;0.119
11439.7;0.19
11440.2;0.121
11440.7;0.092
11441.2;0.259
11441.7;0.116
11442.2;0.079
11442.7;0.219
11443.2;0.095
11443.7;0.136
11444.2;0.192
11444.7;0.055
11445.2;0.136
11445.7;0.266
11446.2;0.143
11446.7;0.076
11447.2;0.073
11447.7;0.135
11448.2;0.198
11448.7;0.092
11449.2;0.062
11449.7;0.208
11450.2;0.14
11450.7;0.157
11451.2;0.253
11451.7;0.063
11452.2;0.198
11452.7;0.059
11453.2;0.08
11453.7;0.219
11454.2;0.173
11454.7;0.058
11455.2;0.196
11455.7;0.2
11456.2;0.002
11456.7;0.138
11457.2;0.126
11457.7;0.086
11458.2;0.188
11458.7;0.035
11459.2;0.244
11459.7;0.108
11460.2;0.081
11460.7;0.326
11461.2;0.129
11461.7;0.117
11462.2;0.182
11462.7;0.178
11463.2;0.039
11463.7;0.139
11464.2;0.092
11464.7;0.053
11465.2;0.08
11465.7;0.193
11466.2;0.196
11466.7;0.093
11467.2;0.038
11467.7;0.188
11468.2;0.119
11468.7;0.107
11469.2;0.153
11469.7;0.233
11470.2;0.15
11470.7;0.075
11471.2;0.184
11471.7;0.098
11472.2;0.203
11472.7;0.124
11473.2;0.092
11473.7;0.09
11474.2;0.183
11474.7;0.176
11475.2;0.048
11475.7;0.169
11476.2;0.153
11476.7;0.085
11477.2;0.098
11477.7;0.122
11478.2;0.146
11478.7;0.141
11479.2;0.129
11479.7;0.153
11480.2;0.018
11480.7;0.296
11481.2;0.107
11481.7;0.216
11482.2;0.076
11482.7;0.145
11483.2;0.169
11483.7;0.076
11484.2;0.126
11484.7;0.219
11485.2;0.154
11485.7;0.205
11486.2;0.233
11486.7;0.17
11487.2;0.3
11487.7;0.069
11488.2;0.152
11488.7;0.162
11489.2;0.266
11489.7;0.123
11490.2;0.18
11490.7;0.141
11491.2;0.134
11491.7;0.322
11492.2;0.169
11492.7;0.059
11493.2;0.034
11493.7;0.175
11494.2;0.068
11494.7;0.151
11495.2;0.217
11495.7;0.151
11496.2;0.102
11496.7;0.205
11497.2;0.214
11497.7;0.076
11498.2;0.197
11498.7;0.199
11499.2;0.211
11499.7;0.211
11500.2;0.221
11500.7;0.306
11501.2;0.119
11501.7;0.217
11502.2;0.214
11502.7;0.142
11503.2;0.099
11503.7;0.15
11504.2;0.072
11504.7;0.068
11505.2;0.155
11505.7;0.181
11506.2;0.24
11506.7;0.145
11507.2;0.104
11507.7;0.155
11508.2;0.224
11508.7;0.007
11509.2;0.138
11509.7;0.129
11510.2;0.041
11510.7;0.237
11511.2;0.075
11511.7;0.165
11512.2;0.093
11512.7;0.103
11513.2;0.067
11513.7;0.107
11514.2;0.136
11514.7;0.085
11515.2;0.058
11515.7;0.104
11516.2;0.208
11516.7;0.091
11517.2;0.191
11517.7;0.102
11518.2;0.051
11518.7;0.216
11519.2;0.124
11519.7;0.234
11520.2;0.085
11520.7;0.208
11521.2;0.085
11521.7;0.05
11522.2;0.159
11522.7;0.088
11523.2;0.107
11523.7;0.125
11524.2;0.216
11524.7;0.094
11525.2;0.155
11525.7;0.113
11526.2;0.173
11526.7;0.142
11527.2;0.097
11527.7;0.102
11528.2;0.204
11528.7;0.148
11529.2;0.13
11529.7;0.191
11530.2;0.094
11530.7;0.145
11531.2;0.192
11531.7;0.077
11532.2;0.072
11532.7;0.151
11533.2;0.125
11533.7;0.138
11534.2;0.068
11534.7;0.19
11535.2;0.281
11535.7;0.127
11536.2;0.164
11536.7;0.14
11537.2;0.071
11537.7;0.047
11538.2;0.209
11538.7;0.047
11539.2;0.071
11539.7;0.166
11540.2;0.133
11540.7;0.177
11541.2;0.175
11541.7;0.098
11542.2;0.154
11542.7;0.114
11543.2;0.049
11543.7;0.063
11544.2;0.182
11544.7;0.134
11545.2;0.096
11545.7;0.242
11546.2;0.204
11546.7;0.055
11547.2;0.226
11547.7;0.165
11548.2;0.117
11548.7;0.04
11549.2;0.183
11549.7;0.168
11550.2;0.083
11550.7;0.176
11551.2;0.284
11551.7;0.145
11552.2;0.192
11552.7;0.102
11553.2;0.129
11553.7;0.057
11554.2;0.115
11554.7;0.177
11555.2;0.08
11555.7;0.169
11556.2;0.33
11556.7;0.063
11557.2;0.102
11557.7;0.152
11558.2;0.074
11558.7;0.108
11559.2;0.138
11559.7;0.116
11560.2;0.041
11560.7;0.189
11561.2;0.088
11561.7;0.128
11562.2;0.038
11562.7;0.123
11563.2;0.121
11563.7;0.023
11564.2;0.018
11564.7;0.145
11565.2;0.053
11565.7;0.124
11566.2;0.225
11566.7;0.192
11567.2;0.114
11567.7;0.116
11568.2;0.122
11568.7;0.085
11569.2;0.175
11569.7;0.128
11570.2;0.057
11570.7;0.034
11571.2;0.257
11571.7;0.082
11572.2;0.075
11572.7;0.213
11573.2;0.21
11573.7;0.094
11574.2;0.11
11574.7;0.18
11575.2;0.128
11575.7;0.102
11576.2;0.157
11576.7;0.155
11577.2;0.058
11577.7;0.18
11578.2;0.158
11578.7;0.131
11579.2;0.093
11579.7;0.238
11580.2;0.181
11580.7;0.114
11581.2;0.285
11581.7;0.087
11582.2;0.108
11582.7;0.215
11583.2;0.153
11583.7;0.045
11584.2;0.108
11584.7;0.211
11585.2;0.2
11585.7;0.105
11586.2;0.139
11586.7;0.217
11587.2;0.081
11587.7;0.061
11588.2;0.18
11588.7;0.076
11589.2;0.04
11589.7;0.078
11590.2;0.108
11590.7;0.043
11591.2;0.238
11591.7;0.216
11592.2;0.034
11592.7;0.123
11593.2;0.159
11593.7;0.082
11594.2;0.049
11594.7;0.137
11595.2;0.049
11595.7;0.082
11596.2;0.197
11596.7;0.063
11597.2;0.175
11597.7;0.096
11598.2;0.018
11598.7;0.13
11599.2;0.053
11599.7;0.046
11600.2;0.156
11600.7;0.056
11601.2;0.068
11601.7;0.212
11602.2;0.038
11602.7;0.09
11603.2;0.188
11603.7;0.006
11604.2;0.07
11604.7;0.112
11605.2;0.06
11605.7;0.058
11606.2;0.103
11606.7;0.028
11607.2;0.101
11607.7;0.133
11608.2;0.079
11608.7;0.136
11609.2;0.065
11609.7;0.066
11610.2;0.153
11610.7;0.031
11611.2;0.016
11611.7;0.133
11612.2;0.006
11612.7;0.087
11613.2;0.105
11613.7;0.079
11614.2;0.078
11614.7;0.08
11615.2;0.083
11615.7;0.055
11616.2;0.059
11616.7;0.089
11617.2;0.114
11617.7;0.036
11618.2;0.089
11618.7;0.075
11619.2;0.082
11619.7;0.032
11620.2;0.048
11620.7;0.063
11621.2;0.164
11621.7;0.142
11622.2;0.185
11622.7;0.118
11623.2;0.122
11623.7;0.053
11624.2;0.117
11624.7;0.06
11625.2;0.02
11625.7;0.113
11626.2;0.024
11626.7;0.082
11627.2;0.046
11627.7;0.035
11628.2;0.165
11628.7;0.039
11629.2;0.069
11629.7;0.104
11630.2;0.023
11630.7;0.1
11631.2;0.129
11631.7;0.079
11632.2;0.101
11632.7;0.187
11633.2;0.087
11633.7;0.046
11634.2;0.164
11634.7;0.061
11635.2;0.068
11635.7;0.047
11636.2;0.068
11636.7;0.108
11637.2;0.098
11637.7;0.105
11638.2;0.064
11638.7;0.059
11639.2;0.05
11639.7;0.15
11640.2;0.074
11640.7;0.057
11641.2;0.212
11641.7;0.113
11642.2;0.065
11642.7;0.088
11643.2;0.067
11643.7;0.091
11644.2;0.057
11644.7;0.139
11645.2;0.112
11645.7;0.074
11646.2;0.068
11646.7;0.163
11647.2;0.08
11647.7;0.13
11648.2;0.151
11648.7;0.081
11649.2;0.155
11649.7;0.101
11650.2;0.058
11650.7;0.056
11651.2;0.206
11651.7;0.068
11652.2;0.087
11652.7;0.069
11653.2;0.097
11653.7;0.014
11654.2;0.068
11654.7;0.051
11655.2;0.236
11655.7;0.064
11656.2;0.168
11656.7;0.235
11657.2;0.077
11657.7;0.116
11658.2;0.092
11658.7;0.14
11659.2;0.032
11659.7;0.257
11660.2;0.151
11660.7;0.081
11661.2;0.155
11661.7;0.157
11662.2;0.139
11662.7;0.062
11663.2;0.1
11663.7;0.197
11664.2;0.017
11664.7;0.093
11665.2;0.175
11665.7;0.239
11666.2;0.105
11666.7;0.138
11667.2;0.114
11667.7;0.087
11668.2;0.188
11668.7;0.12
11669.2;0.196
11669.7;0.286
11670.2;0.185
11670.7;0.088
11671.2;0.157
11671.7;0.112
11672.2;0.113
11672.7;0.027
11673.2;0.123
11673.7;0.131
11674.2;0.129
11674.7;0.102
11675.2;0.156
11675.7;0.08
11676.2;0.15
11676.7;0.146
11677.2;0.142
11677.7;0.197
11678.2;0.136
11678.7;0.111
11679.2;0.083
11679.7;0.122
11680.2;0.16
11680.7;0.126
11681.2;0.16
11681.7;0.132
11682.2;0.078
11682.7;0.048
11683.2;0.088
11683.7;0.18
11684.2;0.113
11684.7;0.147
11685.2;0.132
11685.7;0.1
11686.2;0.068
11686.7;0.084
11687.2;0.074
11687.7;0.148
11688.2;0.128
11688.7;0.031
11689.2;0.072
11689.7;0.042
11690.2;0.156
11690.7;0.071
11691.2;0.01
11691.7;0.058
11692.2;0.102
11692.7;0.026
11693.2;0.061
11693.7;0.072
11694.2;0.087
11694.7;0.088
11695.2;0.11
11695.7;0.111
11696.2;0.047
11696.7;0.055
11697.2;0.087
11697.7;0.046
11698.2;0.113
11698.7;0.023
11699.2;0.168
11699.7;0.089
11700.2;0.034
11700.7;0.099
11701.2;0.148
11701.7;0.133
11702.2;0.074
11702.7;0.157
11703.2;0.14
11703.7;0.121
11704.2;0.147
11704.7;0.153
11705.2;0.074
11705.7;0.07
11706.2;0.163
11706.7;0.108
11707.2;0.098
11707.7;0.176
11708.2;0.158
11708.7;0.105
11709.2;0.116
11709.7;0.218
11710.2;0.116
11710.7;0.067
11711.2;0.066
11711.7;0.125
11712.2;0.086
11712.7;0.096
11713.2;0.1
11713.7;0.068
11714.2;0.054
11714.7;0.068
11715.2;0.038
11715.7;0.127
11716.2;0.119
11716.7;0.133
11717.2;0.095
11717.7;0.059
11718.2;0.16
11718.7;0.076
11719.2;0.082
11719.7;0.147
11720.2;0.157
11720.7;0.086
11721.2;0.075
11721.7;0.145
11722.2;0.12
11722.7;0.036
11723.2;0.044
11723.7;0.014
11724.2;0.151
11724.7;0.094
11725.2;0.058
11725.7;0.115
11726.2;0.084
11726.7;0.098
11727.2;0.054
11727.7;0.109
11728.2;0.124
11728.7;0.074
11729.2;0.108
11729.7;0.082
11730.2;0.115
11730.7;0.067
11731.2;0.101
11731.7;0.068
11732.2;0.074
11732.7;0.236
11733.2;0.183
11733.7;0.117
11734.2;0.165
11734.7;0.073
11735.2;0.035
11735.7;0.087
11736.2;0.036
11736.7;0.076
11737.2;0.093
11737.7;0.091
11738.2;0.059
11738.7;0.03
11739.2;0.101
11739.7;0.11
11740.2;0.061
11740.7;0.05
11741.2;0.114
11741.7;0.14
11742.2;0.095
11742.7;0.019
11743.2;0.117
11743.7;0.024
11744.2;0.071
11744.7;0.013
11745.2;0.036
11745.7;0.03
11746.2;0.044
11746.7;0.103
11747.2;0.069
11747.7;0.093
11748.2;0.083
11748.7;0.073
11749.2;0.038
11749.7;0.064
11750.2;0.076
11750.7;0.113
11751.2;0.074
11751.7;0.022
11752.2;0.018
11752.7;0.06
11753.2;0.016
11753.7;0.088
11754.2;0.069
11754.7;0.063
11755.2;0.068
11755.7;0.027
11756.2;0.034
11756.7;0.086
11757.2;0.082
11757.7;0.069
11758.2;0.137
11758.7;0.154
11759.2;0.026
11759.7;0.071
11760.2;0.088
11760.7;0.084
11761.2;0.144
11761.7;0.103
11762.2;0.032
11762.7;0.069
11763.2;0.086
11763.7;0.103
11764.2;0.071
11764.7;0.077
11765.2;0.081
11765.7;0.053
11766.2;0.068
11766.7;0.072
11767.2;0.083
11767.7;0.074
11768.2;0.154
11768.7;0.034
11769.2;0.047
11769.7;0.159
11770.2;0.119
11770.7;0.017
11771.2;0.111
11771.7;0.127
11772.2;0.085
11772.7;0.106
11773.2;0.131
11773.7;0.064
11774.2;0.088
11774.7;0.026
11775.2;0.063
11775.7;0.059
11776.2;0.077
11776.7;0.178
11777.2;0.033
11777.7;0.014
11778.2;0.045
11778.7;0.173
11779.2;0.017
11779.7;0.035
11780.2;0.109
11780.7;0.101
11781.2;0.116
11781.7;0.079
11782.2;0.113
11782.7;0.041
11783.2;0.063
11783.7;0.066
11784.2;0.135
11784.7;0.185
11785.2;0.121
11785.7;0.057
11786.2;0.038
11786.7;0.074
11787.2;0.03
11787.7;0.064
11788.2;0.164
11788.7;0.048
11789.2;0.006
11789.7;0.078
11790.2;0.116
11790.7;0.04
11791.2;0.118
11791.7;0.092
11792.2;0.064
11792.7;0.07
11793.2;0.104
11793.7;0.103
11794.2;0.07
11794.7;0.091
11795.2;0.118
11795.7;0.138
11796.2;0.103
11796.7;0.16
11797.2;0.045
11797.7;0.042
11798.2;0.022
11798.7;0.057
11799.2;0.074
11799.7;0.081
11800.2;0.084
11800.7;0.125
11801.2;0.075
11801.7;0.14
11802.2;0.037
11802.7;0.1
11803.2;0.036
11803.7;0.023
11804.2;0.067
11804.7;0.085
11805.2;0.181
11805.7;0.038
11806.2;0.032
11806.7;0.107
11807.2;0.037
11807.7;0.022
11808.2;0.08
11808.7;0.167
11809.2;0.04
11809.7;0.166
11810.2;0.131
11810.7;0.082
11811.2;0.125
11811.7;0.106
11812.2;0.147
11812.7;0.092
11813.2;0.128
11813.7;0.116
11814.2;0.091
11814.7;0.027
11815.2;0.109
11815.7;0.093
11816.2;0.094
11816.7;0.056
11817.2;0.161
11817.7;0.037
11818.2;0.095
11818.7;0.151
11819.2;0.032
11819.7;0.056
11820.2;0.177
11820.7;0.201
11821.2;0.106
11821.7;0.143
11822.2;0.072
11822.7;0.056
11823.2;0.098
11823.7;0.075
11824.2;0.066
11824.7;0.113
11825.2;0.126
11825.7;0.047
11826.2;0.121
11826.7;0.167
11827.2;0.095
11827.7;0.058
11828.2;0.151
11828.7;0.143
11829.2;0.14
11829.7;0.056
11830.2;0.113
11830.7;0.121
11831.2;0.074
11831.7;0.11
11832.2;0.154
11832.7;0.187
11833.2;0.155
11833.7;0.176
11834.2;0.111
11834.7;0.15
11835.2;0.277
11835.7;0.047
11836.2;0.099
11836.7;0.209
11837.2;0.21
11837.7;0.055
11838.2;0.093
11838.7;0.212
11839.2;0.093
11839.7;0.106
11840.2;0.034
11840.7;0.183
11841.2;0.039
11841.7;0.205
11842.2;0.147
11842.7;0.152
11843.2;0.102
11843.7;0.219
11844.2;0.145
11844.7;0.025
11845.2;0.262
11845.7;0.107
11846.2;0.043
11846.7;0.14
11847.2;0.162
11847.7;0.127
11848.2;0.109
11848.7;0.181
11849.2;0.106
11849.7;0.153
11850.2;0.029
11850.7;0.16
11851.2;0.07
11851.7;0.023
11852.2;0.118
11852.7;0.115
11853.2;0.053
11853.7;0.075
11854.2;0.172
11854.7;0.033
11855.2;0.066
11855.7;0.034
11856.2;0.045
11856.7;0.127
11857.2;0.135
11857.7;0.089
11858.2;0.086
11858.7;0.09
11859.2;0.113
11859.7;0.115
11860.2;0.067
11860.7;0.062
11861.2;0.057
11861.7;0.176
11862.2;0.089
11862.7;0.022
11863.2;0.15
11863.7;0.107
11864.2;0.025
11864.7;0.029
11865.2;0.076
11865.7;0.081
11866.2;0.067
11866.7;0.026
11867.2;0.095
11867.7;0.115
11868.2;0.118
11868.7;0.106
11869.2;0.143
11869.7;0.164
11870.2;0.043
11870.7;0.015
11871.2;0.139
11871.7;0.223
11872.2;0.095
11872.7;0.034
11873.2;0.208
11873.7;0.135
11874.2;0.052
11874.7;0.05
11875.2;0.115
11875.7;0.058
11876.2;0.157
11876.7;0.059
11877.2;0.116
11877.7;0.257
11878.2;0.027
11878.7;0.024
11879.2;0.146
11879.7;0.125
11880.2;0.066
11880.7;0.024
11881.2;0.126
11881.7;0.144
11882.2;0.108
11882.7;0.027
11883.2;0.039
11883.7;0.129
11884.2;0.156
11884.7;0.034
11885.2;0.115
11885.7;0.093
11886.2;0.166
11886.7;0.015
11887.2;0.043
11887.7;0.082
11888.2;0.061
11888.7;0.01
11889.2;0.073
11889.7;0.017
11890.2;0.098
11890.7;0.076
11891.2;0.061
11891.7;0.026
11892.2;0.087
11892.7;0.051
11893.2;0.02
11893.7;0.086
11894.2;0.203
11894.7;0.086
11895.2;0.035
11895.7;0.111
11896.2;0.168
11896.7;0.019
11897.2;0.028
11897.7;0.149
11898.2;0.034
11898.7;0.156
11899.2;0.093
11899.7;0.136
11900.2;0.106
11900.7;0.085
11901.2;0.067
11901.7;0.04
11902.2;0.069
11902.7;0.08
11903.2;0.212
11903.7;0.059
11904.2;0.116
11904.7;0.048
11905.2;0.132
11905.7;0.116
11906.2;0.121
11906.7;0.063
11907.2;0.029
11907.7;0.18
11908.2;0.057
11908.7;0.078
11909.2;0.055
11909.7;0.071
11910.2;0.098
11910.7;0.098
11911.2;0.015
11911.7;0.128
11912.2;0.103
11912.7;0.017
11913.2;0.065
11913.7;0.057
11914.2;0.055
11914.7;0.04
11915.2;0.081
11915.7;0.032
11916.2;0.077
11916.7;0.058
11917.2;0.066
11917.7;0.083
11918.2;0.087
11918.7;0.06
11919.2;0.115
11919.7;0.061
11920.2;0.107
11920.7;0.122
11921.2;0.074
11921.7;0.161
11922.2;0.032
11922.7;0.127
11923.2;0.17
11923.7;0.083
11924.2;0.044
11924.7;0.152
11925.2;0.079
11925.7;0.173
11926.2;0.049
11926.7;0.01
11927.2;0.13
11927.7;0.068
11928.2;0.118
11928.7;0.049
11929.2;0.095
11929.7;0.063
11930.2;0.042
11930.7;0.131
11931.2;0.077
11931.7;0.124
11932.2;0.07
11932.7;0.136
11933.2;0.047
11933.7;0.103
11934.2;0.017
11934.7;0.151
11935.2;0.017
11935.7;0.07
11936.2;0.192
11936.7;0.051
11937.2;0.11
11937.7;0.142
11938.2;0.064
11938.7;0.038
11939.2;0.19
11939.7;0.042
11940.2;0.115
11940.7;0.073
11941.2;0.122
11941.7;0.029
11942.2;0.059
11942.7;0.121
11943.2;0.134
11943.7;0.075
11944.2;0.075
11944.7;0.223
11945.2;0.053
11945.7;0.032
11946.2;0.095
11946.7;0.097
11947.2;0.07
11947.7;0.181
11948.2;0.074
11948.7;0.204
11949.2;0.155
11949.7;0.118
11950.2;0.062
11950.7;0.042
11951.2;0.132
11951.7;0.056
11952.2;0.18
11952.7;0.054
11953.2;0.196
11953.7;0.046
11954.2;0.032
11954.7;0.135
11955.2;0.033
11955.7;0.034
11956.2;0.124
11956.7;0.091
11957.2;0.115
11957.7;0.114
11958.2;0.064
11958.7;0.042
11959.2;0.088
11959.7;0.081
11960.2;0.148
11960.7;0.15
11961.2;0.11
11961.7;0.093
11962.2;0.123
11962.7;0.044
11963.2;0.087
11963.7;0.123
11964.2;0.148
11964.7;0.139
11965.2;0.145
11965.7;0.052
11966.2;0.101
11966.7;0.066
11967.2;0.043
11967.7;0.131
11968.2;0.18
11968.7;0.049
11969.2;0.266
11969.7;0.076
11970.2;0.169
11970.7;0.089
11971.2;0.12
11971.7;0.112
11972.2;0.07
11972.7;0.214
11973.2;0.218
11973.7;0.164
11974.2;0.034
11974.7;0.155
11975.2;0.045
11975.7;0.027
11976.2;0.093
11976.7;0.114
11977.2;0.08
11977.7;0.179
11978.2;0.131
11978.7;0.073
11979.2;0.091
11979.7;0.028
11980.2;0.114
11980.7;0.058
11981.2;0.19
11981.7;0.064
11982.2;0.137
11982.7;0.036
11983.2;0.142
11983.7;0.071
11984.2;0.071
11984.7;0.161
11985.2;0.082
11985.7;0.146
11986.2;0.118
11986.7;0.14
11987.2;0.11
11987.7;0.163
11988.2;0.13
11988.7;0.058
11989.2;0.193
11989.7;0.058
11990.2;0.029
11990.7;0.06
11991.2;0.121
11991.7;0.042
11992.2;0.023
11992.7;0.208
11993.2;0.106
11993.7;0.141
11994.2;0.148
11994.7;0.194
11995.2;0.172
11995.7;0.181
11996.2;0.131
11996.7;0.065
11997.2;0.163
11997.7;0.258
11998.2;0.096
11998.7;0.13
11999.2;0.176
11999.7;0.106
12000.3;0.096
12000.8;0.078
12001.3;0.128
12001.8;0.06
12002.3;0.165
12002.8;0.079
12003.3;0.065
12003.8;0.082
12004.3;0.127
12004.8;0.031
12005.3;0.098
12005.8;0.144
12006.3;0.241
12006.8;0.087
12007.3;0.12
12007.8;0.187
12008.3;0.048
12008.8;0.137
12009.3;0.1
12009.8;0.061
12010.3;0.114
12010.8;0.155
12011.3;0.138
12011.8;0.074
12012.3;0.11
12012.8;0.17
12013.3;0.109
12013.8;0.049
12014.3;0.196
12014.8;0.046
12015.3;0.12
12015.8;0.147
12016.3;0.048
12016.8;0.012
12017.3;0.033
12017.8;0.144
12018.3;0.056
12018.8;0.21
12019.3;0.044
12019.8;0.121
12020.3;0.093
12020.8;0.097
12021.3;0.082
12021.8;0.047
12022.3;0.181
12022.8;0.096
12023.3;0.068
12023.8;0.077
12024.3;0.103
12024.8;0.129
12025.3;0.035
12025.8;0.112
12026.3;0.167
12026.8;0.076
12027.3;0.208
12027.8;0.055
12028.3;0.078
12028.8;0.063
12029.3;0.126
12029.8;0.153
12030.3;0.036
12030.8;0.204
12031.3;0.153
12031.8;0.12
12032.3;0.065
12032.8;0.278
12033.3;0.109
12033.8;0.077
12034.3;0.184
12034.8;0.074
12035.3;0.098
12035.8;0.138
12036.3;0.083
12036.8;0.094
12037.3;0.094
12037.8;0.116
12038.3;0.108
12038.8;0.086
12039.3;0.141
12039.8;0.095
12040.3;0.135
12040.8;0.064
12041.3;0.177
12041.8;0.167
12042.3;0.07
12042.8;0.138
12043.3;0.09
12043.8;0.048
12044.3;0.098
12044.8;0.095
12045.3;0.063
12045.8;0.106
12046.3;0.131
12046.8;0.026
12047.3;0.156
12047.8;0.057
12048.3;0.039
12048.8;0.098
12049.3;0.158
12049.8;0.142
12050.3;0.094
12050.8;0.185
12051.3;0.142
12051.8;0.091
12052.3;0.085
12052.8;0.074
12053.3;0.11
12053.8;0.07
12054.3;0.144
12054.8;0.132
12055.3;0.077
12055.8;0.19
12056.3;0.186
12056.8;0.097
12057.3;0.114
12057.8;0.217
12058.3;0.088
12058.8;0.124
12059.3;0.22
12059.8;0.065
12060.3;0.134
12060.8;0.113
12061.3;0.063
12061.8;0.018
12062.3;0.07
12062.8;0.184
12063.3;0.064
12063.8;0.111
12064.3;0.074
12064.8;0.094
12065.3;0.102
12065.8;0.074
12066.3;0.088
12066.8;0.111
12067.3;0.088
12067.8;0.137
12068.3;0.146
12068.8;0.087
12069.3;0.066
12069.8;0.049
12070.3;0.091
12070.8;0.072
12071.3;0.074
12071.8;0.058
12072.3;0.16
12072.8;0.047
12073.3;0.138
12073.8;0.012
12074.3;0.109
12074.8;0.097
12075.3;0.113
12075.8;0.192
12076.3;0.057
12076.8;0.204
12077.3;0.172
12077.8;0.108
12078.3;0.192
12078.8;0.136
12079.3;0.112
12079.8;0.131
12080.3;0.15
12080.8;0.121
12081.3;0.085
12081.8;0.242
12082.3;0.083
12082.8;0.136
12083.3;0.241
12083.8;0.188
12084.3;0.073
12084.8;0.184
12085.3;0.189
12085.8;0.118
12086.3;0.08
12086.8;0.082
12087.3;0.134
12087.8;0.089
12088.3;0.078
12088.8;0.243
12089.3;0.097
12089.8;0.174
12090.3;0.121
12090.8;0.102
12091.3;0.131
12091.8;0.182
12092.3;0.121
12092.8;0.075
12093.3;0.185
12093.8;0.258
12094.3;0.092
12094.8;0.084
12095.3;0.144
12095.8;0.08
12096.3;0.104
12096.8;0.012
12097.3;0.21
12097.8;0.036
12098.3;0.174
12098.8;0.08
12099.3;0.08
12099.8;0.097
12100.3;0.131
12100.8;0.117
12101.3;0.113
12101.8;0.111
12102.3;0.22
12102.8;0.072
12103.3;0.075
12103.8;0.178
12104.3;0.005
12104.8;0.112
12105.3;0.052
12105.8;0.094
12106.3;0.109
12106.8;0.12
12107.3;0.033
12107.8;0.059
12108.3;0.081
12108.8;0.089
12109.3;0.067
12109.8;0.088
12110.3;0.055
12110.8;0.141
12111.3;0.074
12111.8;0.099
12112.3;0.183
12112.8;0.093
12113.3;0.128
12113.8;0.069
12114.3;0.12
12114.8;0.223
12115.3;0.211
12115.8;0.172
12116.3;0.177
12116.8;0.049
12117.3;0.156
12117.8;0.218
12118.3;0.128
12118.8;0.241
12119.3;0.208
12119.8;0.329
12120.3;0.251
12120.8;0.252
12121.3;0.263
12121.8;0.342
12122.3;0.307
12122.8;0.298
12123.3;0.445
12123.8;0.319
12124.3;0.348
12124.8;0.457
12125.3;0.374
12125.8;0.272
12126.3;0.278
12126.8;0.371
12127.3;0.196
12127.8;0.372
12128.3;0.377
12128.8;0.311
12129.3;0.478
12129.8;0.468
12130.3;0.377
12130.8;0.206
12131.3;0.237
12131.8;0.244
12132.3;0.177
12132.8;0.331
12133.3;0.286
12133.8;0.295
12134.3;0.313
12134.8;0.201
12135.3;0.152
12135.8;0.164
12136.3;0.236
12136.8;0.254
12137.3;0.158
12137.8;0.348
12138.3;0.2
12138.8;0.304
12139.3;0.259
12139.8;0.4
12140.3;0.164
12140.8;0.248
12141.3;0.244
12141.8;0.109
12142.3;0.341
12142.8;0.217
12143.3;0.271
12143.8;0.186
12144.3;0.255
12144.8;0.276
12145.3;0.109
12145.8;0.316
12146.3;0.286
12146.8;0.325
12147.3;0.205
12147.8;0.23
12148.3;0.277
12148.8;0.24
12149.3;0.326
12149.8;0.246
12150.3;0.256
12150.8;0.28
12151.3;0.207
12151.8;0.301
12152.3;0.201
12152.8;0.238
12153.3;0.166
12153.8;0.222
12154.3;0.263
12154.8;0.156
12155.3;0.234
12155.8;0.217
12156.3;0.222
12156.8;0.084
12157.3;0.113
12157.8;0.202
12158.3;0.109
12158.8;0.244
12159.3;0.129
12159.8;0.105
12160.3;0.106
12160.8;0.184
12161.3;0.194
12161.8;0.107
12162.3;0.232
12162.8;0.19
12163.3;0.261
12163.8;0.189
12164.3;0.171
12164.8;0.077
12165.3;0.091
12165.8;0.125
12166.3;0.126
12166.8;0.11
12167.3;0.187
12167.8;0.173
12168.3;0.157
12168.8;0.145
12169.3;0.101
12169.8;0.104
12170.3;0.048
12170.8;0.177
12171.3;0.031
12171.8;0.244
12172.3;0.097
12172.8;0.142
12173.3;0.094
12173.8;0.126
12174.3;0.134
12174.8;0.037
12175.3;0.244
12175.8;0.123
12176.3;0.152
12176.8;0.107
12177.3;0.117
12177.8;0.016
12178.3;0.123
12178.8;0.077
12179.3;0.077
12179.8;0.114
12180.3;0.117
12180.8;0.071
12181.3;0.176
12181.8;0.031
12182.3;0.178
12182.8;0.097
12183.3;0.186
12183.8;0.063
12184.3;0.218
12184.8;0.061
12185.3;0.095
12185.8;0.052
12186.3;0.094
12186.8;0.068
12187.3;0.035
12187.8;0.146
12188.3;0.153
12188.8;0.101
12189.3;0.117
12189.8;0.06
12190.3;0.128
12190.8;0.141
12191.3;0.129
12191.8;0.207
12192.3;0.147
12192.8;0.252
12193.3;0.093
12193.8;0.298
12194.3;0.106
12194.8;0.181
12195.3;0.191
12195.8;0.186
12196.3;0.188
12196.8;0.056
12197.3;0.188
12197.8;0.077
12198.3;0.178
12198.8;0.158
12199.3;0.108
12199.8;0.236
12200.3;0.086
12200.8;0.202
12201.3;0.1
12201.8;0.026
12202.3;0.139
12202.8;0.139
12203.3;0.155
12203.8;0.041
12204.3;0.181
12204.8;0.112
12205.3;0.145
12205.8;0.15
12206.3;0.118
12206.8;0.076
12207.3;0.059
12207.8;0.119
12208.3;0.11
12208.8;0.167
12209.3;0.084
12209.8;0.081
12210.3;0.209
12210.8;0.117
12211.3;0.074
12211.8;0.161
12212.3;0.045
12212.8;0.106
12213.3;0.05
12213.8;0.176
12214.3;0.129
12214.8;0.192
12215.3;0.231
12215.8;0.045
12216.3;0.183
12216.8;0.135
12217.3;0.218
12217.8;0.195
12218.3;0.043
12218.8;0.199
12219.3;0.168
12219.8;0.161
12220.3;0.184
12220.8;0.223
12221.3;0.213
12221.8;0.088
12222.3;0.194
12222.8;0.11
12223.3;0.098
12223.8;0.222
12224.3;0.044
12224.8;0.188
12225.3;0.113
12225.8;0.216
12226.3;0.077
12226.8;0.091
12227.3;0.153
12227.8;0.064
12228.3;0.191
12228.8;0.041
12229.3;0.169
12229.8;0.064
12230.3;0.101
12230.8;0.171
12231.3;0.087
12231.8;0.075
12232.3;0.038
12232.8;0.141
12233.3;0.085
12233.8;0.073
12234.3;0.03
12234.8;0.024
12235.3;0.075
12235.8;0.075
12236.3;0.113
12236.8;0.118
12237.3;0.055
12237.8;0.122
12238.3;0.107
12238.8;0.08
12239.3;0.029
12239.8;0.168
12240.3;0.074
12240.8;0.14
12241.3;0.198
12241.8;0.126
12242.3;0.08
12242.8;0.186
12243.3;0.091
12243.8;0.086
12244.3;0.122
12244.8;0.205
12245.3;0.072
12245.8;0.174
12246.3;0.207
12246.8;0.029
12247.3;0.112
12247.8;0.063
12248.3;0.167
12248.8;0.051
12249.3;0.185
12249.8;0.139
12250.3;0.019
12250.8;0.041
12251.3;0.077
12251.8;0.1
12252.3;0.036
12252.8;0.141
12253.3;0.049
12253.8;0.028
12254.3;0.088
12254.8;0.067
12255.3;0.005
12255.8;0.036
12256.3;0.104
12256.8;0.043
12257.3;0.147
12257.8;0.201
12258.3;0.091
12258.8;0.108
12259.3;0.02
12259.8;0.112
12260.3;0.067
12260.8;0.148
12261.3;0.075
12261.8;0.155
12262.3;0.068
12262.8;0.089
12263.3;0.148
12263.8;0.049
12264.3;0.107
12264.8;0.09
12265.3;0.086
12265.8;0.099
12266.3;0.078
12266.8;0.135
12267.3;0.078
12267.8;0.123
12268.3;0.109
12268.8;0.154
12269.3;0.204
12269.8;0.033
12270.3;0.174
12270.8;0.036
12271.3;0.155
12271.8;0.141
12272.3;0.106
12272.8;0.187
12273.3;0.054
12273.8;0.087
12274.3;0.004
12274.8;0.111
12275.3;0.078
12275.8;0.116
12276.3;0.11
12276.8;0.114
12277.3;0.086
12277.8;0.171
12278.3;0.033
12278.8;0.084
12279.3;0.011
12279.8;0.078
12280.3;0.117
12280.8;0.095
12281.3;0.173
12281.8;0.066
12282.3;0.137
12282.8;0.038
12283.3;0.05
12283.8;0.043
12284.3;0.119
12284.8;0.123
12285.3;0.102
12285.8;0.11
12286.3;0.028
12286.8;0.041
12287.3;0.025
12287.8;0.15
12288.3;0.152
12288.8;0.228
12289.3;0.079
12289.8;0.146
12290.3;0.044
12290.8;0.086
12291.3;0.062
12291.8;0.109
12292.3;0.026
12292.8;0.113
12293.3;0.058
12293.8;0.047
12294.3;0.07
12294.8;0.103
12295.3;0.092
12295.8;0.067
12296.3;0.104
12296.8;0.146
12297.3;0.027
12297.8;0.118
12298.3;0.184
12298.8;0.054
12299.3;0.16
12299.8;0.063
12300.3;0.156
12300.8;0.104
12301.3;0.244
12301.8;0.12
12302.3;0.101
12302.8;0.176
12303.3;0.085
12303.8;0.205
12304.3;0.088
12304.8;0.117
12305.3;0.13
12305.8;0.069
12306.3;0.162
12306.8;0.035
12307.3;0.083
12307.8;0.159
12308.3;0.033
12308.8;0.111
12309.3;0.024
12309.8;0.175
12310.3;0.034
12310.8;0.103
12311.3;0.163
12311.8;0.102
12312.3;0.161
12312.8;0.046
12313.3;0.15
12313.8;0.053
12314.3;0.241
12314.8;0.119
12315.3;0.145
12315.8;0.086
12316.3;0.136
12316.8;0.145
12317.3;0.044
12317.8;0.106
12318.3;0.129
12318.8;0.123
12319.3;0.142
12319.8;0.158
12320.3;0.078
12320.8;0.096
12321.3;0.086
12321.8;0.171
12322.3;0.05
12322.8;0.154
12323.3;0.081
12323.8;0.194
12324.3;0.097
12324.8;0.041
12325.3;0.125
12325.8;0.157
12326.3;0.167
12326.8;0.056
12327.3;0.143
12327.8;0.121
12328.3;0.133
12328.8;0.126
12329.3;0.138
12329.8;0.113
12330.3;0.235
12330.8;0.049
12331.3;0.116
12331.8;0.071
12332.3;0.126
12332.8;0.128
12333.3;0.123
12333.8;0.2
12334.3;0.013
12334.8;0.126
12335.3;0.049
12335.8;0.144
12336.3;0.21
12336.8;0.166
12337.3;0.201
12337.8;0.112
12338.3;0.123
12338.8;0.134
12339.3;0.115
12339.8;0.078
12340.3;0.04
12340.8;0.252
12341.3;0.134
12341.8;0.136
12342.3;0.201
12342.8;0.09
12343.3;0.177
12343.8;0.119
12344.3;0.167
12344.8;0.101
12345.3;0.167
12345.8;0.165
12346.3;0.074
12346.8;0.105
12347.3;0.106
12347.8;0.119
12348.3;0.082
12348.8;0.046
12349.3;0.179
12349.8;0.049
12350.3;0.095
12350.8;0.067
12351.3;0.129
12351.8;0.088
12352.3;0.068
12352.8;0.048
12353.3;0.058
12353.8;0.108
12354.3;0.108
12354.8;0.067
12355.3;0.051
12355.8;0.01
12356.3;0.028
12356.8;0.029
12357.3;0.056
12357.8;0.088
12358.3;0.104
12358.8;0.144
12359.3;0.01
12359.8;0.063
12360.3;0.094
12360.8;0.106
12361.3;0.089
12361.8;0.109
12362.3;0.138
12362.8;0.071
12363.3;0.149
12363.8;0.14
12364.3;0.015
12364.8;0.156
12365.3;0.096
12365.8;0.085
12366.3;0.107
12366.8;0.156
12367.3;0.185
12367.8;0.096
12368.3;0.161
12368.8;0.146
12369.3;0.179
12369.8;0.026
12370.3;0.142
12370.8;0.151
12371.3;0.028
12371.8;0.225
12372.3;0.206
12372.8;0.087
12373.3;0.17
12373.8;0.161
12374.3;0.114
12374.8;0.037
12375.3;0.285
12375.8;0.094
12376.3;0.153
12376.8;0.149
12377.3;0.118
12377.8;0.144
12378.3;0.102
12378.8;0.083
12379.3;0.116
12379.8;0.08
12380.3;0.078
12380.8;0.07
12381.3;0.144
12381.8;0.062
12382.3;0.127
12382.8;0.084
12383.3;0.153
12383.8;0.1
12384.3;0.069
12384.8;0.147
12385.3;0.01
12385.8;0.137
12386.3;0.154
12386.8;0.13
12387.3;0.048
12387.8;0.156
12388.3;0.196
12388.8;0.1
12389.3;0.096
12389.8;0.109
12390.3;0.111
12390.8;0.04
12391.3;0.092
12391.8;0.138
12392.3;0.086
12392.8;0.046
12393.3;0.116
12393.8;0.197
12394.3;0.155
12394.8;0.135
12395.3;0.127
12395.8;0.029
12396.3;0.105
12396.8;0.183
12397.3;0.169
12397.8;0.124
12398.3;0.028
12398.8;0.193
12399.3;0.041
12399.8;0.024
12400.3;0.007
12400.8;0.215
12401.3;0.036
12401.8;0.099
12402.3;0.198
12402.8;0.06
12403.3;0.098
12403.8;0.105
12404.3;0.099
12404.8;0.014
12405.3;0.101
12405.8;0.197
12406.3;0.04
12406.8;0.161
12407.3;0.192
12407.8;0.04
12408.3;0.065
12408.8;0.041
12409.3;0.178
12409.8;0.061
12410.3;0.021
12410.8;0.202
12411.3;0.014
12411.8;0.018
12412.3;0.082
12412.8;0.124
12413.3;0.059
12413.8;0.069
12414.3;0.083
12414.8;0.019
12415.3;0.051
12415.8;0.141
12416.3;0.085
12416.8;0.072
12417.3;0.086
12417.8;0.064
12418.3;0.088
12418.8;0.114
12419.3;0.068
12419.8;0.037
12420.3;0.021
12420.8;0.072
12421.3;0.135
12421.8;0.096
12422.3;0.047
12422.8;0.145
12423.3;0.059
12423.8;0.073
12424.3;0.12
12424.8;0.013
12425.3;0.106
12425.8;0.064
12426.3;0.082
12426.8;0.08
12427.3;0.092
12427.8;0.189
12428.3;0.047
12428.8;0.079
12429.3;0.082
12429.8;0.145
12430.3;0.001
12430.8;0.029
12431.3;0.129
12431.8;0.076
12432.3;0.056
12432.8;0.022
12433.3;0.102
12433.8;0.044
12434.3;0.049
12434.8;0.093
12435.3;0.095
12435.8;0.055
12436.3;0.119
12436.8;0.057
12437.3;0.129
12437.8;0.016
12438.3;0.037
12438.8;0.049
12439.3;0.05
12439.8;0.059
12440.3;0.112
12440.8;0.08
12441.3;0.052
12441.8;0.116
12442.3;0.09
12442.8;0.051
12443.3;0.053
12443.8;0.097
12444.3;0.087
12444.8;0.051
12445.3;0.11
12445.8;0.074
12446.3;0.085
12446.8;0.062
12447.3;0.035
12447.8;0.11
12448.3;0.031
12448.8;0.146
12449.3;0.134
12449.8;0.071
12450.3;0.078
12450.8;0.046
12451.3;0.157
12451.8;0.037
12452.3;0.135
12452.8;0.059
12453.3;0.032
12453.8;0.159
12454.3;0.031
12454.8;0.213
12455.3;0.087
12455.8;0.081
12456.3;0.136
12456.8;0.136
12457.3;0.068
12457.8;0.062
12458.3;0.187
12458.8;0.096
12459.3;0.01
12459.8;0.066
12460.3;0.108
12460.8;0.126
12461.3;0.013
12461.8;0.162
12462.3;0.072
12462.8;0.143
12463.3;0.134
12463.8;0.038
12464.3;0.133
12464.8;0.111
12465.3;0.109
12465.8;0.068
12466.3;0.102
12466.8;0.213
12467.3;0.087
12467.8;0.128
12468.3;0.117
12468.8;0.144
12469.3;0.105
12469.8;0.117
12470.3;0.186
12470.8;0.106
12471.3;0.264
12471.8;0.073
12472.3;0.109
12472.8;0.173
12473.3;0.085
12473.8;0.121
12474.3;0.191
12474.8;0.119
12475.3;0.045
12475.8;0.187
12476.3;0.067
12476.8;0.075
12477.3;0.09
12477.8;0.102
12478.3;0.079
12478.8;0.051
12479.3;0.078
12479.8;0.118
12480.3;0.042
12480.8;0.094
12481.3;0.059
12481.8;0.146
12482.3;0.091
12482.8;0.154
12483.3;0.073
12483.8;0.09
12484.3;0.077
12484.8;0.084
12485.3;0.063
12485.8;0.064
12486.3;0.146
12486.8;0.04
12487.3;0.142
12487.8;0.037
12488.3;0.05
12488.8;0.079
12489.3;0.116
12489.8;0.033
12490.3;0.128
12490.8;0.092
12491.3;0.107
12491.8;0.104
12492.3;0.103
12492.8;0.067
12493.3;0.165
12493.8;0.167
12494.3;0.031
12494.8;0.11
12495.3;0.043
12495.8;0.13
12496.3;0.044
12496.8;0.12
12497.3;0.073
12497.8;0.137
12498.3;0.087
12498.8;0.113
12499.3;0.21
12499.8;0.016
12500.3;0.113
12500.8;0.126
12501.3;0.074
12501.8;0.116
12502.3;0.028
12502.8;0.094
12503.3;0.063
12503.8;0.1
12504.3;0.048
12504.8;0.077
12505.3;0.11
12505.8;0.046
12506.3;0.112
12506.8;0.135
12507.3;0.073
12507.8;0.086
12508.3;0.16
12508.8;0.099
12509.3;0.044
12509.8;0.195
12510.3;0.07
12510.8;0.104
12511.3;0.085
12511.8;0.016
12512.3;0.159
12512.8;0.016
12513.3;0.023
12513.8;0.136
12514.3;0.054
12514.8;0.1
12515.3;0.058
12515.8;0.145
12516.3;0.128
12516.8;0.082
12517.3;0.029
12517.8;0.116
12518.3;0.158
12518.8;0.023
12519.3;0.023
12519.8;0.061
12520.3;0.047
12520.8;0.056
12521.3;0.04
12521.8;0.033
12522.3;0.111
12522.8;0.086
12523.3;0.018
12523.8;0.03
12524.3;0.074
12524.8;0.115
12525.3;0.058
12525.8;0.066
12526.3;0.088
12526.8;0.097
12527.3;0.018
12527.8;0.071
12528.3;0.08
12528.8;0.044
12529.3;0.071
12529.8;0.068
12530.3;0.067
12530.8;0.08
12531.3;0.076
12531.8;0.031
12532.3;0.062
12532.8;0.053
12533.3;0.074
12533.8;0.028
12534.3;0.065
12534.8;0.109
12535.3;0.063
12535.8;0.09
12536.3;0.06
12536.8;0.054
12537.3;0.072
12537.8;0.096
12538.3;0.037
12538.8;0.033
12539.3;0.03
12539.8;0.059
12540.3;0.177
12540.8;0.078
12541.3;0.019
12541.8;0.064
12542.3;0.104
12542.8;0.134
12543.3;0.135
12543.8;0.055
12544.3;0.068
12544.8;0.054
12545.3;0.028
12545.8;0.113
12546.3;0.141
12546.8;0.193
12547.3;0.014
12547.8;0.144
12548.3;0.11
12548.8;0.152
12549.3;0.075
12549.8;0.107
12550.3;0.095
12550.8;0.159
12551.3;0.051
12551.8;0.082
12552.3;0.029
12552.8;0.161
12553.3;0.116
12553.8;0.087
12554.3;0.019
12554.8;0.077
12555.3;0.077
12555.8;0.081
12556.3;0.081
12556.8;0.027
12557.3;0.098
12557.8;0.094
12558.3;0.148
12558.8;0.098
12559.3;0.164
12559.8;0.076
12560.3;0.075
12560.8;0.052
12561.3;0.143
12561.8;0.14
12562.3;0.135
12562.8;0.109
12563.3;0.037
12563.8;0.008
12564.3;0.054
12564.8;0.159
12565.3;0.071
12565.8;0.068
12566.3;0.118
12566.8;0.134
12567.3;0.117
12567.8;0.147
12568.3;0.134
12568.8;0.061
12569.3;0.09
12569.8;0.097
12570.3;0.162
12570.8;0.113
12571.3;0.265
12571.8;0.15
12572.3;0.042
12572.8;0.074
12573.3;0.215
12573.8;0.063
12574.3;0.181
12574.8;0.217
12575.3;0.088
12575.8;0.137
12576.3;0.161
12576.8;0.172
12577.3;0.167
12577.8;0.207
12578.3;0.126
12578.8;0.046
12579.3;0.073
12579.8;0.227
12580.3;0.067
12580.8;0.173
12581.3;0.115
12581.8;0.081
12582.3;0.033
12582.8;0.249
12583.3;0.142
12583.8;0.102
12584.3;0.202
12584.8;0.071
12585.3;0.016
12585.8;0.174
12586.3;0.135
12586.8;0.081
12587.3;0.162
12587.8;0.097
12588.3;0.174
12588.8;0.134
12589.3;0.184
12589.8;0.109
12590.3;0.119
12590.8;0.148
12591.3;0.1
12591.8;0.096
12592.3;0.145
12592.8;0.162
12593.3;0.041
12593.8;0.094
12594.3;0.129
12594.8;0.055
12595.3;0.065
12595.8;0.235
12596.3;0.044
12596.8;0.092
12597.3;0.083
12597.8;0.173
12598.3;0.161
12598.8;0.014
12599.3;0.124
12599.8;0.056
12600.3;0.099
12600.8;0.106
12601.3;0.098
12601.8;0.253
12602.3;0.146
12602.8;0.049
12603.3;0.178
12603.8;0.134
12604.3;0.181
12604.8;0.172
12605.3;0.193
12605.8;0.069
12606.3;0.131
12606.8;0.131
12607.3;0.153
12607.8;0.219
12608.3;0.237
12608.8;0.151
12609.3;0.105
12609.8;0.06
12610.3;0.206
12610.8;0.103
12611.3;0.141
12611.8;0.228
12612.3;0.025
12612.8;0.144
12613.3;0.105
12613.8;0.154
12614.3;0.179
12614.8;0.017
12615.3;0.062
12615.8;0.021
12616.3;0.169
12616.8;0.196
12617.3;0.009
12617.8;0.314
12618.3;0.12
12618.8;0.105
12619.3;0.129
12619.8;0.143
12620.3;0.24
12620.8;0.093
12621.3;0.148
12621.8;0.078
12622.3;0.093
12622.8;0.139
12623.3;0.161
12623.8;0.105
12624.3;0.206
12624.8;0.16
12625.3;0.18
12625.8;0.093
12626.3;0.344
12626.8;0.131
12627.3;0.07
12627.8;0.244
12628.3;0.113
12628.8;0.138
12629.3;0.164
12629.8;0.185
12630.3;0.113
12630.8;0.037
12631.3;0.122
12631.8;0.127
12632.3;0.042
12632.8;0.216
12633.3;0.17
12633.8;0.082
12634.3;0.04
12634.8;0.249
12635.3;0.115
12635.8;0.123
12636.3;0.156
12636.8;0.06
12637.3;0.142
12637.8;0.191
12638.3;0.241
12638.8;0.136
12639.3;0.282
12639.8;0.176
12640.3;0.038
12640.8;0.088
12641.3;0.268
12641.8;0.063
12642.3;0.125
12642.8;0.177
12643.3;0.084
12643.8;0.113
12644.3;0.197
12644.8;0.102
12645.3;0.057
12645.8;0.134
12646.3;0.106
12646.8;0.197
12647.3;0.116
12647.8;0.263
12648.3;0.145
12648.8;0.123
12649.3;0.17
12649.8;0.175
12650.3;0.072
12650.8;0.262
12651.3;0.234
12651.8;0.083
12652.3;0.138
12652.8;0.187
12653.3;0.143
12653.8;0.073
12654.3;0.243
12654.8;0.141
12655.3;0.105
12655.8;0.122
12656.3;0.146
12656.8;0.169
12657.3;0.225
12657.8;0.174
12658.3;0.064
12658.8;0.118
12659.3;0.2
12659.8;0.152
12660.3;0.138
12660.8;0.245
12661.3;0.13
12661.8;0.107
12662.3;0.086
12662.8;0.137
12663.3;0.03
12663.8;0.133
12664.3;0.207
12664.8;0.122
12665.3;0.053
12665.8;0.185
12666.3;0.135
12666.8;0.052
12667.3;0.071
12667.8;0.094
12668.3;0.047
12668.8;0.128
12669.3;0.225
12669.8;0.144
12670.3;0.166
12670.8;0.167
12671.3;0.17
12671.8;0.032
12672.3;0.173
12672.8;0.261
12673.3;0.162
12673.8;0.081
12674.3;0.222
12674.8;0.111
12675.3;0.217
12675.8;0.134
12676.3;0.102
12676.8;0.2
12677.3;0.087
12677.8;0.08
12678.3;0.124
12678.8;0.071
12679.3;0.103
12679.8;0.122
12680.3;0.007
12680.8;0.203
12681.3;0.134
12681.8;0.169
12682.3;0.229
12682.8;0.162
12683.3;0.121
12683.8;0.224
12684.3;0.161
12684.8;0.219
12685.3;0.21
12685.8;0.174
12686.3;0.074
12686.8;0.135
12687.3;0.146
12687.8;0.105
12688.3;0.134
12688.8;0.069
12689.3;0.074
12689.8;0.144
12690.3;0.109
12690.8;0.252
12691.3;0.136
12691.8;0.055
12692.3;0.058
12692.8;0.1
12693.3;0.11
12693.8;0.098
12694.3;0.204
12694.8;0.04
12695.3;0.061
12695.8;0.058
12696.3;0.065
12696.8;0.087
12697.3;0.052
12697.8;0.084
12698.3;0.078
12698.8;0.085
12699.3;0.062
12699.8;0.219
12700.3;0.04
12700.8;0.133
12701.3;0.069
12701.8;0.034
12702.3;0.027
12702.8;0.182
12703.3;0.129
12703.8;0.141
12704.3;0.17
12704.8;0.019
12705.3;0.035
12705.8;0.072
12706.3;0.06
12706.8;0.122
12707.3;0.047
12707.8;0.063
12708.3;0.074
12708.8;0.082
12709.3;0.166
12709.8;0.094
12710.3;0.113
12710.8;0.104
12711.3;0.162
12711.8;0.225
12712.3;0.194
12712.8;0.219
12713.3;0.09
12713.8;0.144
12714.3;0.044
12714.8;0.015
12715.3;0.125
12715.8;0.131
12716.3;0.045
12716.8;0.223
12717.3;0.079
12717.8;0.149
12718.3;0.09
12718.8;0.22
12719.3;0.081
12719.8;0.123
12720.3;0.249
12720.8;0.072
12721.3;0.236
12721.8;0.153
12722.3;0.11
12722.8;0.17
12723.3;0.05
12723.8;0.175
12724.3;0.083
12724.8;0.099
12725.3;0.227
12725.8;0.178
12726.3;0.246
12726.8;0.081
12727.3;0.185
12727.8;0.291
12728.3;0.157
12728.8;0.169
12729.3;0.074
12729.8;0.207
12730.3;0.145
12730.8;0.108
12731.3;0.223
12731.8;0.15
12732.3;0.125
12732.8;0.089
12733.3;0.211
12733.8;0.142
12734.3;0.075
12734.8;0.275
12735.3;0.167
12735.8;0.235
12736.3;0.202
12736.8;0.223
12737.3;0.199
12737.8;0.183
12738.3;0.245
12738.8;0.138
12739.3;0.035
12739.8;0.161
12740.3;0.082
12740.8;0.032
12741.3;0.152
12741.8;0.14
12742.3;0.044
12742.8;0.089
12743.3;0.3
12743.8;0.051
12744.3;0.144
12744.8;0.085
12745.3;0.129
12745.8;0.092
12746.3;0.038
12746.8;0.28
12747.3;0.087
12747.8;0.106
12748.3;0.169
12748.8;0.028
12749.3;0.074
12749.8;0.185
12750.3;0.245
12750.8;0.098
12751.3;0.233
12751.8;0.085
12752.3;0.111
12752.8;0.198
12753.3;0.185
12753.8;0.124
12754.3;0.241
12754.8;0.199
12755.3;0.065
12755.8;0.204
12756.3;0.2
12756.8;0.104
12757.3;0.278
12757.8;0.157
12758.3;0.148
12758.8;0.093
12759.3;0.185
12759.8;0.147
12760.3;0.084
12760.8;0.282
12761.3;0.204
12761.8;0.079
12762.3;0.135
12762.8;0.311
12763.3;0.091
12763.8;0.15
12764.3;0.24
12764.8;0.155
12765.3;0.03
12765.8;0.235
12766.3;0.198
12766.8;0.092
12767.3;0.111
12767.8;0.214
12768.3;0.129
12768.8;0.231
12769.3;0.337
12769.8;0.095
12770.3;0.253
12770.8;0.324
12771.3;0.177
12771.8;0.085
12772.3;0.314
12772.8;0.329
12773.3;0.038
12773.8;0.214
12774.3;0.403
12774.8;0.126
12775.3;0.325
12775.8;0.263
12776.3;0.203
12776.8;0.086
12777.3;0.346
12777.8;0.278
12778.3;0.028
12778.8;0.334
12779.3;0.167
12779.8;0.164
12780.3;0.137
12780.8;0.377
12781.3;0.337
12781.8;0.084
12782.3;0.259
12782.8;0.228
12783.3;0.088
12783.8;0.292
12784.3;0.305
12784.8;0.059
12785.3;0.164
12785.8;0.35
12786.3;0.151
12786.8;0.125
12787.3;0.285
12787.8;0.214
12788.3;0.016
12788.8;0.135
12789.3;0.231
12789.8;0.11
12790.3;0.237
12790.8;0.152
12791.3;0.113
12791.8;0.169
12792.3;0.291
12792.8;0.104
12793.3;0.179
12793.8;0.183
12794.3;0.207
12794.8;0.015
12795.3;0.182
12795.8;0.286
12796.3;0.044
12796.8;0.093
12797.3;0.134
12797.8;0.237
12798.3;0.022
12798.8;0.196
12799.3;0.185
12799.8;0.119
12800.3;0.165
12800.8;0.205
12801.3;0.07
12801.8;0.203
12802.3;0.207
12802.8;0.132
12803.3;0.144
12803.8;0.096
12804.3;0.043
12804.8;0.131
12805.3;0.065
12805.8;0.17
12806.3;0.117
12806.8;0.05
12807.3;0.16
12807.8;0.06
12808.3;0.091
12808.8;0.048
12809.3;0.066
12809.8;0.038
12810.3;0.09
12810.8;0.144
12811.3;0.063
12811.8;0.182
12812.3;0.077
12812.8;0.107
12813.3;0.194
12813.8;0.08
12814.3;0.039
12814.8;0.124
12815.3;0.198
12815.8;0.081
12816.3;0.109
12816.8;0.177
12817.3;0.053
12817.8;0.036
12818.3;0.106
12818.8;0.191
12819.3;0.073
12819.8;0.139
12820.3;0.185
12820.8;0.107
12821.3;0.186
12821.8;0.248
12822.3;0.067
12822.8;0.08
12823.3;0.135
12823.8;0.171
12824.3;0.096
12824.8;0.162
12825.3;0.321
12825.8;0.111
12826.3;0.08
12826.8;0.143
12827.3;0.149
12827.8;0.084
12828.3;0.054
12828.8;0.051
12829.3;0.077
12829.8;0.154
12830.3;0.046
12830.8;0.05
12831.3;0.205
12831.8;0.136
12832.3;0.112
12832.8;0.125
12833.3;0.238
12833.8;0.181
12834.3;0.152
12834.8;0.194
12835.3;0.085
12835.8;0.093
12836.3;0.151
12836.8;0.189
12837.3;0.082
12837.8;0.218
12838.3;0.172
12838.8;0.111
12839.3;0.12
12839.8;0.174
12840.3;0.063
12840.8;0.097
12841.3;0.144
12841.8;0.043
12842.3;0.065
12842.8;0.114
12843.3;0.207
12843.8;0.013
12844.3;0.095
12844.8;0.124
12845.3;0.085
12845.8;0.097
12846.3;0.179
12846.8;0.253
12847.3;0.059
12847.8;0.034
12848.3;0.227
12848.8;0.028
12849.3;0.184
12849.8;0.124
12850.3;0.088
12850.8;0.099
12851.3;0.058
12851.8;0.246
12852.3;0.036
12852.8;0.179
12853.3;0.105
12853.8;0.072
12854.3;0.074
12854.8;0.089
12855.3;0.264
12855.8;0.086
12856.3;0.136
12856.8;0.156
12857.3;0.218
12857.8;0.057
12858.3;0.127
12858.8;0.123
12859.3;0.053
12859.8;0.043
12860.3;0.133
12860.8;0.103
12861.3;0.056
12861.8;0.098
12862.3;0.107
12862.8;0.172
12863.3;0.079
12863.8;0.076
12864.3;0.157
12864.8;0.103
12865.3;0.091
12865.8;0.087
12866.3;0.16
12866.8;0.115
12867.3;0.056
12867.8;0.158
12868.3;0.085
12868.8;0.04
12869.3;0.066
12869.8;0.151
12870.3;0.052
12870.8;0.061
12871.3;0.189
12871.8;0.073
12872.3;0.038
12872.8;0.094
12873.3;0.176
12873.8;0.058
12874.3;0.049
12874.8;0.099
12875.3;0.038
12875.8;0.104
12876.3;0.128
12876.8;0.146
12877.3;0.062
12877.8;0.097
12878.3;0.158
12878.8;0.043
12879.3;0.047
12879.8;0.085
12880.3;0.139
12880.8;0.09
12881.3;0.089
12881.8;0.126
12882.3;0.128
12882.8;0.034
12883.3;0.117
12883.8;0.122
12884.3;0.102
12884.8;0.122
12885.3;0.027
12885.8;0.123
12886.3;0.13
12886.8;0.116
12887.3;0.035
12887.8;0.069
12888.3;0.077
12888.8;0.106
12889.3;0.096
12889.8;0.159
12890.3;0.124
12890.8;0.058
12891.3;0.13
12891.8;0.149
12892.3;0.092
12892.8;0.018
12893.3;0.162
12893.8;0.179
12894.3;0.084
12894.8;0.17
12895.3;0.149
12895.8;0.047
12896.3;0.062
12896.8;0.026
12897.3;0.152
12897.8;0.082
12898.3;0.091
12898.8;0.102
12899.3;0.078
12899.8;0.154
12900.3;0.039
12900.8;0.076
12901.3;0.095
12901.8;0.086
12902.3;0.175
12902.8;0.052
12903.3;0.214
12903.8;0.132
12904.3;0.104
12904.8;0.112
12905.3;0.109
12905.8;0.123
12906.3;0.058
12906.8;0.177
12907.3;0.097
12907.8;0.057
12908.3;0.246
12908.8;0.04
12909.3;0.055
12909.8;0.139
12910.3;0.08
12910.8;0.055
12911.3;0.134
12911.8;0.224
12912.3;0.06
12912.8;0.085
12913.3;0.111
12913.8;0.183
12914.3;0.04
12914.8;0.087
12915.3;0.23
12915.8;0.096
12916.3;0.068
12916.8;0.159
12917.3;0.031
12917.8;0.121
12918.3;0.117
12918.8;0.114
12919.3;0.1
12919.8;0.142
12920.3;0.153
12920.8;0.083
12921.3;0.222
12921.8;0.069
12922.3;0.163
12922.8;0.144
12923.3;0.079
12923.8;0.075
12924.3;0.172
12924.8;0.091
12925.3;0.092
12925.8;0.109
12926.3;0.189
12926.8;0.09
12927.3;0.017
12927.8;0.12
12928.3;0.033
12928.8;0.182
12929.3;0.024
12929.8;0.228
12930.3;0.066
12930.8;0.121
12931.3;0.118
12931.8;0.191
12932.3;0.034
12932.8;0.13
12933.3;0.091
12933.8;0.021
12934.3;0.099
12934.8;0.057
12935.3;0.122
12935.8;0.057
12936.3;0.069
12936.8;0.135
12937.3;0.082
12937.8;0.032
12938.3;0.043
12938.8;0.147
12939.3;0.084
12939.8;0.015
12940.3;0.064
12940.8;0.032
12941.3;0.013
12941.8;0.048
12942.3;0.146
12942.8;0.051
12943.3;0.153
12943.8;0.038
12944.3;0.043
12944.8;0.116
12945.3;0.146
12945.8;0.103
12946.3;0.046
12946.8;0.133
12947.3;0.193
12947.8;0.096
12948.3;0.132
12948.8;0.097
12949.3;0.091
12949.8;0.123
12950.3;0.068
12950.8;0.086
12951.3;0.03
12951.8;0.027
12952.3;0.103
12952.8;0.047
12953.3;0.125
12953.8;0.064
12954.3;0.104
12954.8;0.036
12955.3;0.072
12955.8;0.096
12956.3;0.085
12956.8;0.068
12957.3;0.071
12957.8;0.027
12958.3;0.033
12958.8;0.063
12959.3;0.052
12959.8;0.155
12960.3;0.121
12960.8;0.115
12961.3;0.035
12961.8;0.008
12962.3;0.058
12962.8;0.056
12963.3;0.1
12963.8;0.037
12964.3;0.145
12964.8;0.085
12965.3;0.035
12965.8;0.187
12966.3;0.089
12966.8;0.007
12967.3;0.043
12967.8;0.04
12968.3;0.021
12968.8;0.064
12969.3;0.066
12969.8;0.04
12970.3;0.096
12970.8;0.017
12971.3;0.108
12971.8;0.135
12972.3;0.054
12972.8;0.088
12973.3;0.048
12973.8;0.049
12974.3;0.029
12974.8;0.112
12975.3;0.044
12975.8;0.165
12976.3;0.151
12976.8;0.04
12977.3;0.031
12977.8;0.004
12978.3;0.115
12978.8;0.041
12979.3;0.053
12979.8;0.061
12980.3;0.057
12980.8;0.086
12981.3;0.041
12981.8;0.125
12982.3;0.033
12982.8;0.029
12983.3;0.06
12983.8;0.095
12984.3;0.189
12984.8;0.07
12985.3;0.113
12985.8;0.026
12986.3;0.026
12986.8;0.049
12987.3;0.055
12987.8;0.114
12988.3;0.084
12988.8;0.17
12989.3;0.085
12989.8;0.04
12990.3;0.079
12990.8;0.122
12991.3;0.008
12991.8;0.011
12992.3;0.089
12992.8;0.183
12993.3;0.049
12993.8;0.129
12994.3;0.201
12994.8;0.059
12995.3;0.15
12995.8;0.058
12996.3;0.115
12996.8;0.152
12997.3;0.119
12997.8;0.066
12998.3;0.03
12998.8;0.106
12999.3;0.061
12999.8;0.103
13000.3;0.088
13000.8;0.182
13001.3;0.096
13001.8;0.073
13002.3;0.115
13002.8;0.081
13003.3;0.081
13003.8;0.124
13004.3;0.105
13004.8;0.155
13005.3;0.164
13005.8;0.029
13006.3;0.072
13006.8;0.105
13007.3;0.087
13007.8;0.078
13008.3;0.153
13008.8;0.078
13009.3;0.135
13009.8;0.069
13010.3;0.136
13010.8;0.033
13011.3;0.058
13011.8;0.084
13012.3;0.032
13012.8;0.114
13013.3;0.175
13013.8;0.129
13014.3;0.067
13014.8;0.122
13015.3;0.081
13015.8;0.075
13016.3;0.01
13016.8;0.13
13017.3;0.179
13017.8;0.166
13018.3;0.149
13018.8;0.104
13019.3;0.106
13019.8;0.03
13020.3;0.154
13020.8;0.104
13021.3;0.107
13021.8;0.063
13022.3;0.045
13022.8;0.06
13023.3;0.152
13023.8;0.122
13024.3;0.039
13024.8;0.118
13025.3;0.058
13025.8;0.054
13026.3;0.128
13026.8;0.055
13027.3;0.095
13027.8;0.085
13028.3;0.141
13028.8;0.262
13029.3;0.109
13029.8;0.148
13030.3;0.235
13030.8;0.112
13031.3;0.082
13031.8;0.096
13032.3;0.111
13032.8;0.109
13033.3;0.173
13033.8;0.022
13034.3;0.013
13034.8;0.128
13035.3;0.141
13035.8;0.03
13036.3;0.144
13036.8;0.018
13037.3;0.131
13037.8;0.05
13038.3;0.027
13038.8;0.092
13039.3;0.083
13039.8;0.12
13040.3;0.028
13040.8;0.037
13041.3;0.111
13041.8;0.052
13042.3;0.05
13042.8;0.098
13043.3;0.046
13043.8;0.023
13044.3;0.026
13044.8;0.073
13045.3;0.133
13045.8;0.053
13046.3;0.012
13046.8;0.139
13047.3;0.052
13047.8;0.127
13048.3;0.049
13048.8;0.014
13049.3;0.051
13049.8;0.055
13050.3;0.054
13050.8;0.051
13051.3;0.075
13051.8;0.063
13052.3;0.065
13052.8;0.102
13053.3;0.038
13053.8;0.018
13054.3;0.117
13054.8;0.153
13055.3;0.105
13055.8;0.106
13056.3;0.06
13056.8;0.07
13057.3;0.041
13057.8;0.004
13058.3;0.074
13058.8;0.052
13059.3;0.089
13059.8;0.1
13060.3;0.053
13060.8;0.083
13061.3;0.072
13061.8;0.01
13062.3;0.056
13062.8;0.073
13063.3;0.153
13063.8;0.085
13064.3;0.043
13064.8;0.052
13065.3;0.032
13065.8;0.092
13066.3;0.106
13066.8;0.073
13067.3;0.201
13067.8;0.075
13068.3;0.053
13068.8;0.082
13069.3;0.112
13069.8;0.031
13070.3;0.036
13070.8;0.088
13071.3;0.067
13071.8;0.169
13072.3;0.043
13072.8;0.075
13073.3;0.116
13073.8;0.078
13074.3;0.058
13074.8;0.091
13075.3;0.042
13075.8;0.158
13076.3;0.1
13076.8;0.073
13077.3;0.139
13077.8;0.098
13078.3;0.032
13078.8;0.057
13079.3;0.105
13079.8;0.124
13080.3;0.061
13080.8;0.138
13081.3;0.109
13081.8;0.087
13082.3;0.031
13082.8;0.074
13083.3;0.013
13083.8;0.093
13084.3;0.176
13084.8;0.076
13085.3;0.126
13085.8;0.052
13086.3;0.047
13086.8;0.02
13087.3;0.091
13087.8;0.09
13088.3;0.037
13088.8;0.148
13089.3;0.072
13089.8;0.053
13090.3;0.101
13090.8;0.121
13091.3;0.106
13091.8;0.046
13092.3;0.09
13092.8;0.071
13093.3;0.086
13093.8;0.054
13094.3;0.093
13094.8;0.148
13095.3;0.036
13095.8;0.091
13096.3;0.051
13096.8;0.105
13097.3;0.09
13097.8;0.029
13098.3;0.092
13098.8;0.118
13099.3;0.102
13099.8;0.034
13100.3;0.118
13100.8;0.155
13101.3;0.086
13101.8;0.079
13102.3;0.082
13102.8;0.091
13103.3;0.154
13103.8;0.034
13104.3;0.082
13104.8;0.101
13105.3;0.065
13105.8;0.018
13106.3;0.046
13106.8;0.092
13107.3;0.05
13107.8;0.112
13108.3;0.042
13108.8;0.04
13109.3;0.089
13109.8;0.061
13110.3;0.093
13110.8;0.041
13111.3;0.098
13111.8;0.109
13112.3;0.077
13112.8;0.035
13113.3;0.105
13113.8;0.041
13114.3;0.062
13114.8;0.079
13115.3;0.085
13115.8;0.062
13116.3;0.127
13116.8;0.051
13117.3;0.032
13117.8;0.093
13118.3;0.036
13118.8;0.016
13119.3;0.06
13119.8;0.126
13120.3;0.037
13120.8;0.047
13121.3;0.02
13121.8;0.045
13122.3;0.055
13122.8;0.017
13123.3;0.108
13123.8;0.034
13124.3;0.09
13124.8;0.129
13125.3;0.105
13125.8;0.041
13126.3;0.086
13126.8;0.055
13127.3;0.027
13127.8;0.096
13128.3;0.029
13128.8;0.05
13129.3;0.029
13129.8;0.049
13130.3;0.02
13130.8;0.042
13131.3;0.081
13131.8;0.056
13132.3;0.065
13132.8;0.045
13133.3;0.043
13133.8;0.043
13134.3;0.075
13134.8;0.08
13135.3;0.132
13135.8;0.118
13136.3;0.144
13136.8;0.066
13137.3;0.055
13137.8;0.108
13138.3;0.046
13138.8;0.063
13139.3;0.071
13139.8;0.122
13140.3;0.081
13140.8;0.121
13141.3;0.082
13141.8;0.095
13142.3;0.153
13142.8;0.039
13143.3;0.041
13143.8;0.101
13144.3;0.1
13144.8;0.112
13145.3;0.041
13145.8;0.024
13146.3;0.119
13146.8;0.067
13147.3;0.057
13147.8;0.088
13148.3;0.153
13148.8;0.029
13149.3;0.125
13149.8;0.089
13150.3;0.075
13150.8;0.111
13151.3;0.049
13151.8;0.056
13152.3;0.056
13152.8;0.044
13153.3;0.041
13153.8;0.05
13154.3;0.037
13154.8;0.027
13155.3;0.072
13155.8;0.145
13156.3;0.077
13156.8;0.038
13157.3;0.077
13157.8;0.077
13158.3;0.072
13158.8;0.102
13159.3;0.151
13159.8;0.045
13160.3;0.098
13160.8;0.1
13161.3;0.076
13161.8;0.081
13162.3;0.131
13162.8;0.118
13163.3;0.075
13163.8;0.168
13164.3;0.159
13164.8;0.1
13165.3;0.073
13165.8;0.151
13166.3;0.111
13166.8;0.064
13167.3;0.112
13167.8;0.124
13168.3;0.054
13168.8;0.123
13169.3;0.1
13169.8;0.053
13170.3;0.114
13170.8;0.105
13171.3;0.059
13171.8;0.145
13172.3;0.158
13172.8;0.078
13173.3;0.093
13173.8;0.075
13174.3;0.052
13174.8;0.016
13175.3;0.092
13175.8;0.072
13176.3;0.051
13176.8;0.086
13177.3;0.107
13177.8;0.04
13178.3;0.039
13178.8;0.117
13179.3;0.101
13179.8;0.03
13180.3;0.11
13180.8;0.161
13181.3;0.094
13181.8;0.076
13182.3;0.094
13182.8;0.054
13183.3;0.071
13183.8;0.178
13184.3;0.082
13184.8;0.039
13185.3;0.14
13185.8;0.119
13186.3;0.016
13186.8;0.122
13187.3;0.149
13187.8;0.108
13188.3;0.056
13188.8;0.167
13189.3;0.089
13189.8;0.03
13190.3;0.052
13190.8;0.051
13191.3;0.062
13191.8;0.06
13192.3;0.158
13192.8;0.087
13193.3;0.076
13193.8;0.06
13194.3;0.128
13194.8;0.014
13195.3;0.069
13195.8;0.094
13196.3;0.03
13196.8;0.056
13197.3;0.037
13197.8;0.073
13198.3;0.119
13198.8;0.121
13199.3;0.05
13199.8;0.065
13200.3;0.152
13200.8;0.162
13201.3;0.024
13201.8;0.096
13202.3;0.104
13202.8;0.081
13203.3;0.062
13203.8;0.059
13204.3;0.108
13204.8;0.05
13205.3;0.119
13205.8;0.1
13206.3;0.144
13206.8;0.102
13207.3;0.103
13207.8;0.075
13208.3;0.013
13208.8;0.106
13209.3;0.084
13209.8;0.053
13210.3;0.028
13210.8;0.07
13211.3;0.062
13211.8;0.054
13212.3;0.042
13212.8;0.101
13213.3;0.023
13213.8;0.051
13214.3;0.022
13214.8;0.04
13215.3;0.013
13215.8;0.013
13216.3;0.03
13216.8;0.06
13217.3;0.05
13217.8;0.063
13218.3;0.035
13218.8;0.068
13219.3;0.039
13219.8;0.072
13220.3;0.033
13220.8;0.002
13221.3;0.03
13221.8;0.078
13222.3;0.008
13222.8;0.094
13223.3;0.047
13223.8;0.024
13224.3;0.039
13224.8;0.042
13225.3;0.041
13225.8;0.085
13226.3;0.044
13226.8;0.027
13227.3;0.078
13227.8;0.078
13228.3;0.077
13228.8;0.089
13229.3;0.068
13229.8;0.093
13230.3;0.04
13230.8;0.118
13231.3;0.089
13231.8;0.039
13232.3;0.024
13232.8;0.017
13233.3;0.055
13233.8;0.089
13234.3;0.099
13234.8;0.114
13235.3;0.068
13235.8;0.057
13236.3;0.044
13236.8;0.059
13237.3;0.1
13237.8;0.096
13238.3;0.04
13238.8;0.072
13239.3;0.047
13239.8;0.086
13240.3;0.031
13240.8;0.117
13241.3;0.072
13241.8;0.054
13242.3;0.132
13242.8;0.053
13243.3;0.043
13243.8;0.086
13244.3;0.111
13244.8;0.078
13245.3;0.094
13245.8;0.107
13246.3;0.034
13246.8;0.051
13247.3;0.052
13247.8;0.073
13248.3;0.045
13248.8;0.101
13249.3;0.12
13249.8;0.026
13250.3;0.074
13250.8;0.099
13251.3;0.025
13251.8;0.046
13252.3;0.054
13252.8;0.161
13253.3;0.088
13253.8;0.074
13254.3;0.082
13254.8;0.009
13255.3;0.063
13255.8;0.084
13256.3;0.028
13256.8;0.039
13257.3;0.019
13257.8;0.045
13258.3;0.032
13258.8;0.118
13259.3;0.045
13259.8;0.032
13260.3;0.098
13260.8;0.077
13261.3;0.054
13261.8;0.015
13262.3;0.04
13262.8;0.042
13263.3;0.06
13263.8;0.05
13264.3;0.016
13264.8;0.05
13265.3;0.04
13265.8;0.051
13266.3;0.026
13266.8;0.076
13267.3;0.071
13267.8;0.075
13268.3;0.004
13268.8;0.098
13269.3;0.067
13269.8;0.019
13270.3;0.036
13270.8;0.01
13271.3;0.052
13271.8;0.074
13272.3;0.02
13272.8;0.035
13273.3;0.08
13273.8;0.114
13274.3;0.027
13274.8;0.016
13275.3;0.019
13275.8;0.053
13276.3;0.023
13276.8;0.033
13277.3;0.034
13277.8;0.04
13278.3;0.033
13278.8;0.027
13279.3;0.004
13279.8;0.079
13280.3;0.033
13280.8;0.068
13281.3;0.059
13281.8;0.022
13282.3;0.093
13282.8;0.06
13283.3;0.037
13283.8;0.059
13284.3;0.077
13284.8;0.062
13285.3;0.066
13285.8;0.011
13286.3;0.025
13286.8;0.092
13287.3;0.015
13287.8;0.005
13288.3;0.043
13288.8;0.023
13289.3;0.032
13289.8;0.037
13290.3;0.055
13290.8;0.062
13291.3;0.055
13291.8;0.039
13292.3;0.027
13292.8;0.052
13293.3;0.058
13293.8;0.032
13294.3;0.074
13294.8;0.068
13295.3;0.095
13295.8;0.065
13296.3;0.088
13296.8;0.06
13297.3;0.036
13297.8;0.044
13298.3;0.045
13298.8;0.051
13299.3;0.068
13299.8;0.059
13300.3;0.06
13300.8;0.028
13301.3;0.08
13301.8;0.061
13302.3;0.062
13302.8;0.039
13303.3;0.055
13303.8;0.01
13304.3;0.054
13304.8;0.022
13305.3;0.049
13305.8;0.023
13306.3;0.084
13306.8;0.061
13307.3;0.043
13307.8;0.051
13308.3;0.048
13308.8;0.061
13309.3;0.023
13309.8;0.027
13310.3;0.01
13310.8;0.006
13311.3;0.064
13311.8;0.069
13312.3;0.017
13312.8;0.094
13313.3;0.083
13313.8;0.018
13314.3;0.065
13314.8;0.057
13315.3;0.036
13315.8;0.067
13316.3;0.095
13316.8;0.055
13317.3;0.09
13317.8;0.038
13318.3;0.063
13318.8;0.054
13319.3;0.059
13319.8;0.063
13320.3;0.086
13320.8;0.029
13321.3;0.047
13321.8;0.082
13322.3;0.088
13322.8;0.063
13323.3;0.122
13323.8;0.082
13324.3;0.04
13324.8;0.082
13325.3;0.032
13325.8;0.052
13326.3;0.036
13326.8;0.017
13327.3;0.023
13327.8;0.029
13328.3;0.023
13328.8;0.011
13329.3;0.039
13329.8;0.08
13330.3;0.041
13330.8;0.038
13331.3;0.022
13331.8;0.046
13332.3;0.012
13332.8;0.031
13333.3;0.042
13333.8;0.081
13334.3;0.043
13334.8;0.098
13335.3;0.064
13335.8;0.012
13336.3;0.03
13336.8;0.036
13337.3;0.047
13337.8;0.02
13338.3;0.034
13338.8;0.043
13339.3;0.085
13339.8;0.025
13340.3;0.05
13340.8;0.085
13341.3;0.024
13341.8;0.127
13342.3;0.102
13342.8;0.007
13343.3;0.066
13343.8;0.055
13344.3;0.02
13344.8;0.008
13345.3;0.036
13345.8;0.048
13346.3;0.05
13346.8;0.064
13347.3;0.075
13347.8;0.064
13348.3;0.065
13348.8;0.035
13349.3;0.088
13349.8;0.07
13350.3;0.087
13350.8;0.014
13351.3;0.047
13351.8;0.08
13352.3;0.069
13352.8;0.045
13353.3;0.026
13353.8;0.066
13354.3;0.011
13354.8;0.098
13355.3;0.047
13355.8;0.036
13356.3;0.047
13356.8;0.07
13357.3;0.04
13357.8;0.061
13358.3;0.115
13358.8;0.054
13359.3;0.03
13359.8;0.104
13360.3;0.073
13360.8;0.033
13361.3;0.077
13361.8;0.074
13362.3;0.026
13362.8;0.046
13363.3;0.052
13363.8;0.049
13364.3;0.037
13364.8;0.014
13365.3;0.079
13365.8;0.069
13366.3;0.036
13366.8;0.048
13367.3;0.035
13367.8;0.098
13368.3;0.092
13368.8;0.039
13369.3;0.019
13369.8;0.082
13370.3;0.039
13370.8;0.024
13371.3;0.056
13371.8;0.012
13372.3;0.076
13372.8;0.072
13373.3;0.048
13373.8;0.023
13374.3;0.036
13374.8;0.108
13375.3;0.063
13375.8;0.062
13376.3;0.014
13376.8;0.053
13377.3;0.037
13377.8;0.055
13378.3;0.028
13378.8;0.027
13379.3;0.042
13379.8;0.07
13380.3;0.036
13380.8;0.045
13381.3;0.091
13381.8;0.029
13382.3;0.051
13382.8;0.044
13383.3;0.037
13383.8;0.096
13384.3;0.023
13384.8;0.035
13385.3;0.047
13385.8;0.029
13386.3;0.075
13386.8;0.092
13387.3;0.031
13387.8;0.034
13388.3;0.104
13388.8;0.015
13389.3;0.038
13389.8;0.063
13390.3;0.04
13390.8;0.015
13391.3;0.058
13391.8;0.01
13392.3;0.043
13392.8;0.082
13393.3;0.03
13393.8;0.078
13394.3;0.089
13394.8;0.006
13395.3;0.008
13395.8;0.015
13396.3;0.027
13396.8;0.072
13397.3;0.041
13397.8;0.02
13398.3;0.034
13398.8;0.056
13399.3;0.035
13399.8;0.056
13400.3;0.066
13400.8;0.03
13401.3;0.105
13401.8;0.035
13402.3;0.01
13402.8;0.042
13403.3;0.027
13403.8;0.075
13404.3;0.021
13404.8;0.061
13405.3;0.105
13405.8;0.038
13406.3;0.042
13406.8;0.068
13407.3;0.022
13407.8;0.035
13408.3;0.052
13408.8;0.01
13409.3;0.026
13409.8;0.044
13410.3;0.041
13410.8;0.015
13411.3;0.06
13411.8;0.035
13412.3;0.047
13412.8;0.016
13413.3;0.018
13413.8;0.057
13414.3;0.028
13414.8;0.022
13415.3;0.011
13415.8;0.041
13416.3;0.064
13416.8;0.033
13417.3;0.089
13417.8;0.089
13418.3;0.046
13418.8;0.052
13419.3;0.012
13419.8;0.026
13420.3;0.069
13420.8;0.025
13421.3;0.03
13421.8;0.048
13422.3;0.053
13422.8;0.112
13423.3;0.033
13423.8;0.096
13424.3;0.122
13424.8;0.05
13425.3;0.042
13425.8;0.032
13426.3;0.062
13426.8;0.073
13427.3;0.037
13427.8;0.037
13428.3;0.077
13428.8;0.081
13429.3;0.063
13429.8;0.043
13430.3;0.072
13430.8;0.048
13431.3;0.037
13431.8;0.035
13432.3;0.061
13432.8;0.017
13433.3;0.044
13433.8;0.009
13434.3;0.034
13434.8;0.031
13435.3;0.042
13435.8;0.026
13436.3;0.042
13436.8;0.06
13437.3;0.059
13437.8;0.044
13438.3;0.059
13438.8;0.036
13439.3;0.037
13439.8;0.055
13440.3;0.083
13440.8;0.035
13441.3;0.058
13441.8;0.044
13442.3;0.019
13442.8;0.019
13443.3;0.076
13443.8;0.025
13444.3;0.03
13444.8;0.029
13445.3;0.046
13445.8;0.056
13446.3;0.057
13446.8;0.035
13447.3;0.022
13447.8;0.074
13448.3;0.04
13448.8;0.064
13449.3;0.052
13449.8;0.049
13450.3;0.045
13450.8;0.038
13451.3;0.042
13451.8;0.041
13452.3;0.046
13452.8;0.039
13453.3;0.026
13453.8;0.031
13454.3;0.051
13454.8;0.034
13455.3;0.065
13455.8;0.028
13456.3;0.022
13456.8;0.032
13457.3;0.049
13457.8;0.02
13458.3;0.026
13458.8;0.008
13459.3;0.044
13459.8;0.069
13460.3;0.053
13460.8;0.021
13461.3;0.036
13461.8;0.048
13462.3;0.113
13462.8;0.032
13463.3;0.007
13463.8;0.024
13464.3;0.018
13464.8;0.092
13465.3;0.062
13465.8;0.065
13466.3;0.084
13466.8;0.108
13467.3;0.041
13467.8;0.04
13468.3;0.028
13468.8;0.058
13469.3;0.102
13469.8;0.121
13470.3;0.073
13470.8;0.031
13471.3;0.021
13471.8;0.047
13472.3;0.025
13472.8;0.073
13473.3;0.031
13473.8;0.051
13474.3;0.03
13474.8;0.052
13475.3;0.03
13475.8;0.048
13476.3;0.061
13476.8;0.082
13477.3;0.062
13477.8;0.031
13478.3;0.077
13478.8;0.029
13479.3;0.06
13479.8;0.041
13480.3;0.101
13480.8;0.016
13481.3;0.043
13481.8;0.061
13482.3;0.032
13482.8;0.047
13483.3;0.054
13483.8;0.067
13484.3;0.03
13484.8;0.096
13485.3;0.113
13485.8;0.061
13486.3;0.087
13486.8;0.049
13487.3;0.035
13487.8;0.066
13488.3;0.006
13488.8;0.04
13489.3;0.052
13489.8;0.061
13490.3;0.03
13490.8;0.04
13491.3;0.06
13491.8;0.038
13492.3;0.063
13492.8;0.041
13493.3;0.038
13493.8;0.029
13494.3;0.09
13494.8;0.064
13495.3;0.021
13495.8;0.025
13496.3;0.015
13496.8;0.072
13497.3;0.036
13497.8;0.076
13498.3;0.074
13498.8;0.058
13499.3;0.056
13499.8;0.1
13500.3;0.067
13500.8;0.07
13501.3;0.016
13501.8;0.052
13502.3;0.019
13502.8;0.027
13503.3;0.012
13503.8;0.08
13504.3;0.059
13504.8;0.081
13505.3;0.046
13505.8;0.023
13506.3;0.027
13506.8;0.038
13507.3;0.028
13507.8;0.06
13508.3;0.054
13508.8;0.054
13509.3;0.016
13509.8;0.083
13510.3;0.062
13510.8;0.025
13511.3;0.011
13511.8;0.058
13512.3;0.057
13512.8;0.08
13513.3;0.064
13513.8;0.06
13514.3;0.039
13514.8;0.059
13515.3;0.014
13515.8;0.049
13516.3;0.051
13516.8;0.009
13517.3;0.054
13517.8;0.083
13518.3;0.063
13518.8;0.049
13519.3;0.054
13519.8;0.039
13520.3;0.007
13520.8;0.015
13521.3;0.061
13521.8;0.067
13522.3;0.009
13522.8;0.018
13523.3;0.058
13523.8;0.095
13524.3;0.019
13524.8;0.054
13525.3;0.017
13525.8;0.034
13526.3;0.037
13526.8;0.041
13527.3;0.055
13527.8;0.036
13528.3;0.024
13528.8;0.025
13529.3;0.044
13529.8;0.038
13530.3;0.01
13530.8;0.089
13531.3;0.037
13531.8;0.021
13532.3;0.053
13532.8;0.016
13533.3;0.047
13533.8;0.046
13534.3;0.045
13534.8;0.014
13535.3;0.057
13535.8;0.038
13536.3;0.044
13536.8;0.063
13537.3;0.047
13537.8;0.017
13538.3;0.043
13538.8;0.04
13539.3;0.006
13539.8;0.075
13540.3;0.048
13540.8;0.043
13541.3;0.038
13541.8;0.069
13542.3;0.102
13542.8;0.05
13543.3;0.032
13543.8;0.017
13544.3;0.016
13544.8;0.056
13545.3;0.089
13545.8;0.054
13546.3;0.022
13546.8;0.053
13547.3;0.083
13547.8;0.02
13548.3;0.017
13548.8;0.048
13549.3;0.033
13549.8;0.01
13550.3;0.038
13550.8;0.031
13551.3;0.038
13551.8;0.026
13552.3;0.074
13552.8;0.047
13553.3;0.061
13553.8;0.033
13554.3;0.026
13554.8;0.053
13555.3;0.026
13555.8;0.036
13556.3;0.044
13556.8;0.094
13557.3;0.039
13557.8;0.022
13558.3;0.088
13558.8;0.014
13559.3;0.04
13559.8;0.076
13560.3;0.027
13560.8;0.015
13561.3;0.043
13561.8;0.049
13562.3;0.026
13562.8;0.019
13563.3;0.027
13563.8;0.027
13564.3;0.046
13564.8;0.03
13565.3;0.02
13565.8;0.064
13566.3;0.048
13566.8;0.056
13567.3;0.079
13567.8;0.05
13568.3;0.062
13568.8;0.028
13569.3;0.019
13569.8;0.046
13570.3;0.034
13570.8;0.074
13571.3;0.059
13571.8;0.026
13572.3;0.025
13572.8;0.078
13573.3;0.058
13573.8;0.053
13574.3;0.021
13574.8;0.034
13575.3;0.025
13575.8;0.061
13576.3;0.043
13576.8;0.07
13577.3;0.065
13577.8;0.051
13578.3;0.026
13578.8;0.019
13579.3;0.011
13579.8;0.044
13580.3;0.033
13580.8;0.033
13581.3;0.023
13581.8;0.027
13582.3;0.063
13582.8;0.051
13583.3;0.096
13583.8;0.098
13584.3;0.045
13584.8;0.083
13585.3;0.041
13585.8;0.094
13586.3;0.025
13586.8;0.051
13587.3;0.042
13587.8;0.085
13588.3;0.074
13588.8;0.041
13589.3;0.074
13589.8;0.042
13590.3;0.044
13590.8;0.022
13591.3;0.023
13591.8;0.11
13592.3;0.054
13592.8;0.068
13593.3;0.047
13593.8;0.034
13594.3;0.05
13594.8;0.036
13595.3;0.07
13595.8;0.041
13596.3;0.029
13596.8;0.082
13597.3;0.021
13597.8;0.049
13598.3;0.018
13598.8;0.078
13599.3;0.033
13599.8;0.067
13600.3;0.048
13600.8;0.029
13601.3;0.045
13601.8;0.052
13602.3;0.041
13602.8;0.107
13603.3;0.065
13603.8;0.043
13604.3;0.055
13604.8;0.038
13605.3;0.026
13605.8;0.035
13606.3;0.011
13606.8;0.04
13607.3;0.024
13607.8;0.086
13608.3;0.038
13608.8;0.068
13609.3;0.116
13609.8;0.033
13610.3;0.116
13610.8;0.089
13611.3;0.024
13611.8;0.056
13612.3;0.008
13612.8;0.036
13613.3;0.046
13613.8;0.06
13614.3;0.047
13614.8;0.08
13615.3;0.034
13615.8;0.043
13616.3;0.038
13616.8;0.058
13617.3;0.062
13617.8;0.06
13618.3;0.06
13618.8;0.051
13619.3;0.06
13619.8;0.024
13620.3;0.062
13620.8;0.022
13621.3;0.019
13621.8;0.015
13622.3;0.055
13622.8;0.027
13623.3;0.052
13623.8;0.035
13624.3;0.059
13624.8;0.044
13625.3;0.066
13625.8;0.038
13626.3;0.062
13626.8;0.024
13627.3;0.104
13627.8;0.042
13628.3;0.008
13628.8;0.122
13629.3;0.032
13629.8;0.049
13630.3;0.098
13630.8;0.045
13631.3;0.041
13631.8;0.053
13632.3;0.034
13632.8;0.04
13633.3;0.044
13633.8;0.019
13634.3;0.035
13634.8;0.026
13635.3;0.024
13635.8;0.006
13636.3;0.022
13636.8;0.045
13637.3;0.015
13637.8;0.014
13638.3;0.07
13638.8;0.044
13639.3;0.041
13639.8;0.052
13640.3;0.049
13640.8;0.045
13641.3;0.036
13641.8;0.048
13642.3;0.052
13642.8;0.001
13643.3;0.085
13643.8;0.076
13644.3;0.026
13644.8;0.036
13645.3;0.013
13645.8;0.055
13646.3;0.052
13646.8;0.055
13647.3;0.028
13647.8;0.079
13648.3;0.024
13648.8;0.081
13649.3;0.091
13649.8;0.065
13650.3;0.045
13650.8;0.071
13651.3;0.056
13651.8;0.074
13652.3;0.043
13652.8;0.064
13653.3;0.049
13653.8;0.031
13654.3;0.015
13654.8;0.043
13655.3;0.031
13655.8;0.017
13656.3;0.08
13656.8;0.016
13657.3;0.083
13657.8;0.078
13658.3;0.034
13658.8;0.042
13659.3;0.102
13659.8;0.019
13660.3;0.011
13660.8;0.108
13661.3;0.082
13661.8;0.034
13662.3;0.062
13662.8;0.05
13663.3;0.018
13663.8;0.067
13664.3;0.026
13664.8;0.047
13665.3;0.087
13665.8;0.079
13666.3;0.04
13666.8;0.088
13667.3;0.05
13667.8;0.022
13668.3;0.045
13668.8;0.089
13669.3;0.044
13669.8;0.145
13670.3;0.049
13670.8;0.073
13671.3;0.067
13671.8;0.05
13672.3;0.051
13672.8;0.109
13673.3;0.03
13673.8;0.069
13674.3;0.044
13674.8;0.045
13675.3;0.062
13675.8;0.054
13676.3;0.07
13676.8;0.074
13677.3;0.062
13677.8;0.057
13678.3;0.064
13678.8;0.077
13679.3;0.035
13679.8;0.053
13680.3;0.064
13680.8;0.041
13681.3;0.047
13681.8;0.075
13682.3;0.074
13682.8;0.138
13683.3;0.066
13683.8;0.083
13684.3;0.061
13684.8;0.03
13685.3;0.106
13685.8;0.08
13686.3;0.029
13686.8;0.076
13687.3;0.123
13687.8;0.089
13688.3;0.059
13688.8;0.134
13689.3;0.042
13689.8;0.091
13690.3;0.085
13690.8;0.137
13691.3;0.05
13691.8;0.113
13692.3;0.066
13692.8;0.085
13693.3;0.123
13693.8;0.059
13694.3;0.051
13694.8;0.147
13695.3;0.063
13695.8;0.073
13696.3;0.048
13696.8;0.081
13697.3;0.029
13697.8;0.06
13698.3;0.056
13698.8;0.038
13699.3;0.05
13699.8;0.052
13700.3;0.03
13700.8;0.026
13701.3;0.015
13701.8;0.097
13702.3;0.059
13702.8;0.027
13703.3;0.066
13703.8;0.068
13704.3;0.081
13704.8;0.038
13705.3;0.03
13705.8;0.123
13706.3;0.066
13706.8;0.029
13707.3;0.106
13707.8;0.04
13708.3;0.085
13708.8;0.106
13709.3;0.029
13709.8;0.027
13710.3;0.121
13710.8;0.062
13711.3;0.029
13711.8;0.072
13712.3;0.073
13712.8;0.068
13713.3;0.077
13713.8;0.026
13714.3;0.083
13714.8;0.096
13715.3;0.063
13715.8;0.037
13716.3;0.123
13716.8;0.072
13717.3;0.056
13717.8;0.078
13718.3;0.021
13718.8;0.015
13719.3;0.079
13719.8;0.071
13720.3;0.105
13720.8;0.026
13721.3;0.059
13721.8;0.095
13722.3;0.05
13722.8;0.021
13723.3;0.022
13723.8;0.053
13724.3;0.057
13724.8;0.072
13725.3;0.046
13725.8;0.077
13726.3;0.107
13726.8;0.127
13727.3;0.034
13727.8;0.121
13728.3;0.121
13728.8;0.065
13729.3;0.066
13729.8;0.103
13730.3;0.084
13730.8;0.105
13731.3;0.022
13731.8;0.06
13732.3;0.162
13732.8;0.043
13733.3;0.079
13733.8;0.048
13734.3;0.019
13734.8;0.047
13735.3;0.066
13735.8;0.028
13736.3;0.058
13736.8;0.04
13737.3;0.063
13737.8;0.097
13738.3;0.049
13738.8;0.068
13739.3;0.077
13739.8;0.065
13740.3;0.044
13740.8;0.04
13741.3;0.034
13741.8;0.067
13742.3;0.043
13742.8;0.043
13743.3;0.083
13743.8;0.048
13744.3;0.086
13744.8;0.11
13745.3;0.03
13745.8;0.046
13746.3;0.072
13746.8;0.032
13747.3;0.011
13747.8;0.055
13748.3;0.03
13748.8;0.032
13749.3;0.043
13749.8;0.057
13750.3;0.038
13750.8;0.029
13751.3;0.024
13751.8;0.066
13752.3;0.061
13752.8;0.071
13753.3;0.026
13753.8;0.06
13754.3;0.021
13754.8;0.084
13755.3;0.092
13755.8;0.064
13756.3;0.034
13756.8;0.056
13757.3;0.048
13757.8;0.055
13758.3;0.031
13758.8;0.028
13759.3;0.046
13759.8;0.034
13760.3;0.021
13760.8;0.095
13761.3;0.099
13761.8;0.026
13762.3;0.059
13762.8;0.093
13763.3;0.024
13763.8;0.042
13764.3;0.084
13764.8;0.028
13765.3;0.048
13765.8;0.109
13766.3;0.056
13766.8;0.069
13767.3;0.072
13767.8;0.02
13768.3;0.03
13768.8;0.034
13769.3;0.024
13769.8;0.077
13770.3;0.083
13770.8;0.053
13771.3;0.08
13771.8;0.056
13772.3;0.094
13772.8;0.126
13773.3;0.083
13773.8;0.057
13774.3;0.126
13774.8;0.07
13775.3;0.093
13775.8;0.086
13776.3;0.062
13776.8;0.127
13777.3;0.115
13777.8;0.078
13778.3;0.055
13778.8;0.043
13779.3;0.073
13779.8;0.067
13780.3;0.061
13780.8;0.045
13781.3;0.043
13781.8;0.06
13782.3;0.078
13782.8;0.058
13783.3;0.041
13783.8;0.094
13784.3;0.039
13784.8;0.03
13785.3;0.052
13785.8;0.022
13786.3;0.065
13786.8;0.03
13787.3;0.048
13787.8;0.024
13788.3;0.08
13788.8;0.031
13789.3;0.056
13789.8;0.024
13790.3;0.075
13790.8;0.05
13791.3;0.079
13791.8;0.023
13792.3;0.019
13792.8;0.091
13793.3;0.062
13793.8;0.033
13794.3;0.022
13794.8;0.089
13795.3;0.063
13795.8;0.076
13796.3;0.031
13796.8;0.031
13797.3;0.023
13797.8;0.05
13798.3;0.035
13798.8;0.037
13799.3;0.039
13799.8;0.042
13800.3;0.037
13800.8;0.016
13801.3;0.061
13801.8;0.06
13802.3;0.05
13802.8;0.047
13803.3;0.023
13803.8;0.028
13804.3;0.007
13804.8;0.087
13805.3;0.028
13805.8;0.048
13806.3;0.018
13806.8;0.051
13807.3;0.027
13807.8;0.016
13808.3;0.033
13808.8;0.017
13809.3;0.011
13809.8;0.082
13810.3;0.01
13810.8;0.042
13811.3;0.033
13811.8;0.043
13812.3;0.024
13812.8;0.062
13813.3;0.057
13813.8;0.077
13814.3;0.094
13814.8;0.072
13815.3;0.062
13815.8;0.05
13816.3;0.038
13816.8;0.044
13817.3;0.06
13817.8;0.018
13818.3;0.051
13818.8;0.039
13819.3;0.039
13819.8;0.028
13820.3;0.033
13820.8;0.007
13821.3;0.076
13821.8;0.032
13822.3;0.042
13822.8;0.079
13823.3;0.078
13823.8;0.005
13824.3;0.07
13824.8;0.035
13825.3;0.025
13825.8;0.036
13826.3;0.036
13826.8;0.014
13827.3;0.015
13827.8;0.022
13828.3;0.079
13828.8;0.048
13829.3;0.06
13829.8;0.042
13830.3;0.037
13830.8;0.05
13831.3;0.034
13831.8;0.03
13832.3;0.035
13832.8;0.095
13833.3;0.063
13833.8;0.067
13834.3;0.119
13834.8;0.086
13835.3;0.079
13835.8;0.078
13836.3;0.071
13836.8;0.066
13837.3;0.084
13837.8;0.024
13838.3;0.056
13838.8;0.092
13839.3;0.058
13839.8;0.051
13840.3;0.034
13840.8;0.079
13841.3;0.116
13841.8;0.05
13842.3;0.037
13842.8;0.024
13843.3;0.017
13843.8;0.098
13844.3;0.076
13844.8;0.04
13845.3;0.067
13845.8;0.108
13846.3;0.084
13846.8;0.052
13847.3;0.053
13847.8;0.106
13848.3;0.082
13848.8;0.108
13849.3;0.039
13849.8;0.057
13850.3;0.072
13850.8;0.018
13851.3;0.082
13851.8;0.118
13852.3;0.03
13852.8;0.016
13853.3;0.054
13853.8;0.041
13854.3;0.072
13854.8;0.036
13855.3;0.061
13855.8;0.046
13856.3;0.045
13856.8;0.02
13857.3;0.072
13857.8;0.019
13858.3;0.039
13858.8;0.012
13859.3;0.039
13859.8;0.089
13860.3;0.057
13860.8;0.021
13861.3;0.054
13861.8;0.092
13862.3;0.084
13862.8;0.061
13863.3;0.026
13863.8;0.055
13864.3;0.029
13864.8;0.015
13865.3;0.057
13865.8;0.061
13866.3;0.003
13866.8;0.022
13867.3;0.051
13867.8;0.054
13868.3;0.025
13868.8;0.02
13869.3;0.068
13869.8;0.044
13870.3;0.074
13870.8;0.039
13871.3;0.051
13871.8;0.097
13872.3;0.056
13872.8;0.047
13873.3;0.039
13873.8;0.066
13874.3;0.106
13874.8;0.053
13875.3;0.029
13875.8;0.047
13876.3;0.038
13876.8;0.015
13877.3;0.021
13877.8;0.031
13878.3;0.048
13878.8;0.06
13879.3;0.075
13879.8;0.057
13880.3;0.081
13880.8;0.029
13881.3;0.059
13881.8;0.029
13882.3;0.05
13882.8;0.053
13883.3;0.012
13883.8;0.027
13884.3;0.057
13884.8;0.034
13885.3;0.051
13885.8;0.069
13886.3;0.059
13886.8;0.074
13887.3;0.034
13887.8;0.082
13888.3;0.089
13888.8;0.068
13889.3;0.07
13889.8;0.089
13890.3;0.022
13890.8;0.025
13891.3;0.091
13891.8;0.06
13892.3;0.062
13892.8;0.021
13893.3;0.018
13893.8;0.097
13894.3;0.063
13894.8;0.029
13895.3;0.074
13895.8;0.097
13896.3;0.099
13896.8;0.061
13897.3;0.031
13897.8;0.049
13898.3;0.143
13898.8;0.094
13899.3;0.063
13899.8;0.093
13900.3;0.084
13900.8;0.09
13901.3;0.058
13901.8;0.068
13902.3;0.051
13902.8;0.088
13903.3;0.069
13903.8;0.022
13904.3;0.071
13904.8;0.064
13905.3;0.043
13905.8;0.06
13906.3;0.058
13906.8;0.127
13907.3;0.052
13907.8;0.054
13908.3;0.015
13908.8;0.032
13909.3;0.092
13909.8;0.053
13910.3;0.071
13910.8;0.067
13911.3;0.08
13911.8;0.097
13912.3;0.096
13912.8;0.092
13913.3;0.05
13913.8;0.093
13914.3;0.058
13914.8;0.073
13915.3;0.056
13915.8;0.055
13916.3;0.111
13916.8;0.066
13917.3;0.073
13917.8;0.053
13918.3;0.049
13918.8;0.036
13919.3;0.076
13919.8;0.08
13920.3;0.058
13920.8;0.056
13921.3;0.069
13921.8;0.006
13922.3;0.063
13922.8;0.07
13923.3;0.048
13923.8;0.084
13924.3;0.055
13924.8;0.098
13925.3;0.059
13925.8;0.087
13926.3;0.058
13926.8;0.016
13927.3;0.043
13927.8;0.056
13928.3;0.021
13928.8;0.027
13929.3;0.061
13929.8;0.053
13930.3;0.022
13930.8;0.015
13931.3;0.088
13931.8;0.062
13932.3;0.072
13932.8;0.059
13933.3;0.145
13933.8;0.05
13934.3;0.059
13934.8;0.102
13935.3;0.042
13935.8;0.062
13936.3;0.04
13936.8;0.081
13937.3;0.068
13937.8;0.045
13938.3;0.099
13938.8;0.034
13939.3;0.031
13939.8;0.096
13940.3;0.024
13940.8;0.075
13941.3;0.02
13941.8;0.094
13942.3;0.088
13942.8;0.071
13943.3;0.061
13943.8;0.038
13944.3;0.072
13944.8;0.051
13945.3;0.041
13945.8;0.04
13946.3;0.058
13946.8;0.049
13947.3;0.079
13947.8;0.015
13948.3;0.046
13948.8;0.049
13949.3;0.042
13949.8;0.028
13950.3;0.034
13950.8;0.055
13951.3;0.047
13951.8;0.037
13952.3;0.026
13952.8;0.084
13953.3;0.038
13953.8;0.024
13954.3;0.019
13954.8;0.057
13955.3;0.034
13955.8;0.08
13956.3;0.065
13956.8;0.037
13957.3;0.042
13957.8;0.069
13958.3;0.09
13958.8;0.06
13959.3;0.075
13959.8;0.056
13960.3;0.048
13960.8;0.058
13961.3;0.074
13961.8;0.086
13962.3;0.055
13962.8;0.015
13963.3;0.043
13963.8;0.073
13964.3;0.088
13964.8;0.025
13965.3;0.08
13965.8;0.133
13966.3;0.118
13966.8;0.089
13967.3;0.094
13967.8;0.107
13968.3;0.075
13968.8;0.03
13969.3;0.075
13969.8;0.068
13970.3;0.055
13970.8;0.063
13971.3;0.104
13971.8;0.06
13972.3;0.132
13972.8;0.152
13973.3;0.037
13973.8;0.08
13974.3;0.105
13974.8;0.067
13975.3;0.123
13975.8;0.077
13976.3;0.039
13976.8;0.122
13977.3;0.193
13977.8;0.146
13978.3;0.087
13978.8;0.148
13979.3;0.159
13979.8;0.197
13980.3;0.103
13980.8;0.091
13981.3;0.184
13981.8;0.082
13982.3;0.06
13982.8;0.078
13983.3;0.114
13983.8;0.175
13984.3;0.098
13984.8;0.133
13985.3;0.136
13985.8;0.18
13986.3;0.182
13986.8;0.164
13987.3;0.13
13987.8;0.114
13988.3;0.203
13988.8;0.115
13989.3;0.121
13989.8;0.089
13990.3;0.155
13990.8;0.227
13991.3;0.125
13991.8;0.153
13992.3;0.243
13992.8;0.149
13993.3;0.195
13993.8;0.149
13994.3;0.118
13994.8;0.172
13995.3;0.159
13995.8;0.099
13996.3;0.112
13996.8;0.181
13997.3;0.261
13997.8;0.192
13998.3;0.137
13998.8;0.216
13999.3;0.192
13999.8;0.185
14000.3;0.203
14000.8;0.206
14001.3;0.122
14001.8;0.136
14002.3;0.095
14002.8;0.089
14003.3;0.12
14003.8;0.157
14004.3;0.179
14004.8;0.06
14005.3;0.163
14005.8;0.208
14006.3;0.201
14006.8;0.143
14007.3;0.083
14007.8;0.148
14008.3;0.156
14008.8;0.064
14009.3;0.13
14009.8;0.12
14010.3;0.184
14010.8;0.149
14011.3;0.198
14011.8;0.093
14012.3;0.174
14012.8;0.29
14013.3;0.124
14013.8;0.115
14014.3;0.093
14014.8;0.164
14015.3;0.159
14015.8;0.092
14016.3;0.179
14016.8;0.156
14017.3;0.151
14017.8;0.172
14018.3;0.094
14018.8;0.125
14019.3;0.142
14019.8;0.101
14020.3;0.11
14020.8;0.037
14021.3;0.195
14021.8;0.108
14022.3;0.114
14022.8;0.062
14023.3;0.022
14023.8;0.164
14024.3;0.114
14024.8;0.079
14025.3;0.086
14025.8;0.097
14026.3;0.056
14026.8;0.003
14027.3;0.046
14027.8;0.052
14028.3;0.129
14028.8;0.04
14029.3;0.042
14029.8;0.079
14030.3;0.085
14030.8;0.124
14031.3;0.033
14031.8;0.044
14032.3;0.1
14032.8;0.094
14033.3;0.033
14033.8;0.092
14034.3;0.1
14034.8;0.066
14035.3;0.123
14035.8;0.058
14036.3;0.096
14036.8;0.097
14037.3;0.157
14037.8;0.072
14038.3;0.069
14038.8;0.046
14039.3;0.115
14039.8;0.078
14040.3;0.018
14040.8;0.106
14041.3;0.068
14041.8;0.113
14042.3;0.09
14042.8;0.137
14043.3;0.064
14043.8;0.139
14044.3;0.104
14044.8;0.009
14045.3;0.147
14045.8;0.039
14046.3;0.062
14046.8;0.017
14047.3;0.062
14047.8;0.066
14048.3;0.072
14048.8;0.089
14049.3;0.039
14049.8;0.096
14050.3;0.17
14050.8;0.08
14051.3;0.033
14051.8;0.096
14052.3;0.059
14052.8;0.075
14053.3;0.062
14053.8;0.042
14054.3;0.088
14054.8;0.074
14055.3;0.024
14055.8;0.077
14056.3;0.114
14056.8;0.083
14057.3;0.066
14057.8;0.079
14058.3;0.032
14058.8;0.086
14059.3;0.049
14059.8;0.073
14060.3;0.038
14060.8;0.046
14061.3;0.138
14061.8;0.036
14062.3;0.054
14062.8;0.06
14063.3;0.117
14063.8;0.036
14064.3;0.073
14064.8;0.036
14065.3;0.06
14065.8;0.129
14066.3;0.01
14066.8;0.036
14067.3;0.104
14067.8;0.127
14068.3;0.057
14068.8;0.107
14069.3;0.076
14069.8;0.122
14070.3;0.133
14070.8;0.04
14071.3;0.007
14071.8;0.054
14072.3;0.064
14072.8;0.046
14073.3;0.079
14073.8;0.058
14074.3;0.077
14074.8;0.11
14075.3;0.086
14075.8;0.095
14076.3;0.094
14076.8;0.031
14077.3;0.05
14077.8;0.041
14078.3;0.04
14078.8;0.088
14079.3;0.08
14079.8;0.041
14080.3;0.115
14080.8;0.122
14081.3;0.137
14081.8;0.113
14082.3;0.063
14082.8;0.082
14083.3;0.078
14083.8;0.115
14084.3;0.014
14084.8;0.017
14085.3;0.106
14085.8;0.036
14086.3;0.126
14086.8;0.066
14087.3;0.035
14087.8;0.11
14088.3;0.008
14088.8;0.03
14089.3;0.063
14089.8;0.065
14090.3;0.045
14090.8;0.035
14091.3;0.083
14091.8;0.021
14092.3;0.091
14092.8;0.051
14093.3;0.083
14093.8;0.022
14094.3;0.164
14094.8;0.071
14095.3;0.074
14095.8;0.058
14096.3;0.024
14096.8;0.008
14097.3;0.053
14097.8;0.027
14098.3;0.03
14098.8;0.053
14099.3;0.095
14099.8;0.092
14100.3;0.032
14100.8;0.038
14101.3;0.062
14101.8;0.039
14102.3;0.038
14102.8;0.1
14103.3;0.048
14103.8;0.052
14104.3;0.052
14104.8;0.07
14105.3;0.034
14105.8;0.095
14106.3;0.083
14106.8;0.062
14107.3;0.036
14107.8;0.1
14108.3;0.036
14108.8;0.024
14109.3;0.033
14109.8;0.02
14110.3;0.085
14110.8;0.107
14111.3;0.078
14111.8;0.038
14112.3;0.119
14112.8;0.033
14113.3;0.028
14113.8;0.039
14114.3;0.103
14114.8;0.112
14115.3;0.033
14115.8;0.021
14116.3;0.007
14116.8;0.064
14117.3;0.063
14117.8;0.03
14118.3;0.033
14118.8;0.049
14119.3;0.124
14119.8;0.084
14120.3;0.019
14120.8;0.073
14121.3;0.061
14121.8;0.007
14122.3;0.035
14122.8;0.082
14123.3;0.039
14123.8;0.032
14124.3;0.033
14124.8;0.049
14125.3;0.089
14125.8;0.053
14126.3;0.055
14126.8;0.009
14127.3;0.045
14127.8;0.055
14128.3;0.091
14128.8;0.069
14129.3;0.034
14129.8;0.093
14130.3;0.059
14130.8;0.089
14131.3;0.105
14131.8;0.056
14132.3;0.043
14132.8;0.131
14133.3;0.066
14133.8;0.047
14134.3;0.04
14134.8;0.027
14135.3;0.039
14135.8;0.025
14136.3;0.029
14136.8;0.046
14137.3;0.065
14137.8;0.052
14138.3;0.056
14138.8;0.124
14139.3;0.047
14139.8;0.082
14140.3;0.052
14140.8;0.007
14141.3;0.044
14141.8;0.06
14142.3;0.053
14142.8;0.065
14143.3;0.047
14143.8;0.031
14144.3;0.016
14144.8;0.031
14145.3;0.031
14145.8;0.032
14146.3;0.044
14146.8;0.029
14147.3;0.056
14147.8;0.044
14148.3;0.05
14148.8;0.026
14149.3;0.108
14149.8;0.041
14150.3;0.133
14150.8;0.083
14151.3;0.04
14151.8;0.119
14152.3;0.148
14152.8;0.055
14153.3;0.144
14153.8;0.079
14154.3;0.048
14154.8;0.161
14155.3;0.078
14155.8;0.037
14156.3;0.111
14156.8;0.139
14157.3;0.006
14157.8;0.099
14158.3;0.05
14158.8;0.08
14159.3;0.101
14159.8;0.09
14160.3;0.085
14160.8;0.063
14161.3;0.038
14161.8;0.042
14162.3;0.07
14162.8;0.036
14163.3;0.095
14163.8;0.075
14164.3;0.071
14164.8;0.075
14165.3;0.054
14165.8;0.066
14166.3;0.092
14166.8;0.093
14167.3;0.08
14167.8;0.05
14168.3;0.132
14168.8;0.084
14169.3;0.096
14169.8;0.127
14170.3;0.057
14170.8;0.053
14171.3;0.094
14171.8;0.096
14172.3;0.062
14172.8;0.089
14173.3;0.05
14173.8;0.041
14174.3;0.055
14174.8;0.082
14175.3;0.094
14175.8;0.08
14176.3;0.045
14176.8;0.095
14177.3;0.072
14177.8;0.047
14178.3;0.086
14178.8;0.033
14179.3;0.057
14179.8;0.015
14180.3;0.037
14180.8;0.039
14181.3;0.019
14181.8;0.074
14182.3;0.042
14182.8;0.068
14183.3;0.042
14183.8;0.019
14184.3;0.062
14184.8;0.066
14185.3;0.081
14185.8;0.029
14186.3;0.061
14186.8;0.057
14187.3;0.052
14187.8;0.077
14188.3;0.064
14188.8;0.04
14189.3;0.047
14189.8;0.037
14190.3;0.02
14190.8;0.035
14191.3;0.082
14191.8;0.039
14192.3;0.09
14192.8;0.041
14193.3;0.068
14193.8;0.043
14194.3;0.061
14194.8;0.034
14195.3;0.062
14195.8;0.044
14196.3;0.172
14196.8;0.071
14197.3;0.084
14197.8;0.068
14198.3;0.069
14198.8;0.065
14199.3;0.06
14199.8;0.083
14200.3;0.024
14200.8;0.036
14201.3;0.016
14201.8;0.026
14202.3;0.038
14202.8;0.061
14203.3;0.027
14203.8;0.041
14204.3;0.059
14204.8;0.061
14205.3;0.03
14205.8;0.028
14206.3;0.079
14206.8;0.052
14207.3;0.025
14207.8;0.041
14208.3;0.037
14208.8;0.016
14209.3;0.053
14209.8;0.049
14210.3;0.032
14210.8;0.035
14211.3;0.079
14211.8;0.045
14212.3;0.024
14212.8;0.078
14213.3;0.066
14213.8;0.035
14214.3;0.072
14214.8;0.046
14215.3;0.034
14215.8;0.038
14216.3;0.022
14216.8;0.039
14217.3;0.041
14217.8;0.029
14218.3;0.034
14218.8;0.089
14219.3;0.041
14219.8;0.083
14220.3;0.033
14220.8;0.029
14221.3;0.037
14221.8;0.057
14222.3;0.083
14222.8;0.029
14223.3;0.046
14223.8;0.038
14224.3;0.104
14224.8;0.096
14225.3;0.058
14225.8;0.058
14226.3;0.066
14226.8;0.086
14227.3;0.091
14227.8;0.055
14228.3;0.094
14228.8;0.103
14229.3;0.118
14229.8;0.054
14230.3;0.124
14230.8;0.158
14231.3;0.062
14231.8;0.097
14232.3;0.071
14232.8;0.096
14233.3;0.058
14233.8;0.049
14234.3;0.069
14234.8;0.054
14235.3;0.088
14235.8;0.09
14236.3;0.097
14236.8;0.047
14237.3;0.152
14237.8;0.108
14238.3;0.068
14238.8;0.04
14239.3;0.092
14239.8;0.075
14240.3;0.058
14240.8;0.065
14241.3;0.103
14241.8;0.053
14242.3;0.052
14242.8;0.096
14243.3;0.032
14243.8;0.066
14244.3;0.04
14244.8;0.101
14245.3;0.056
14245.8;0.08
14246.3;0.111
14246.8;0.038
14247.3;0.049
14247.8;0.064
14248.3;0.099
14248.8;0.044
14249.3;0.072
14249.8;0.051
14250.3;0.11
14250.8;0.021
14251.3;0.056
14251.8;0.069
14252.3;0.038
14252.8;0.091
14253.3;0.057
14253.8;0.117
14254.3;0.03
14254.8;0.049
14255.3;0.102
14255.8;0.07
14256.3;0.031
14256.8;0.15
14257.3;0.113
14257.8;0.034
14258.3;0.025
14258.8;0.076
14259.3;0.048
14259.8;0.074
14260.3;0.069
14260.8;0.072
14261.3;0.017
14261.8;0.084
14262.3;0.108
14262.8;0.006
14263.3;0.049
14263.8;0.12
14264.3;0.118
14264.8;0.036
14265.3;0.093
14265.8;0.01
14266.3;0.037
14266.8;0.076
14267.3;0.055
14267.8;0.032
14268.3;0.02
14268.8;0.059
14269.3;0.053
14269.8;0.055
14270.3;0.081
14270.8;0.102
14271.3;0.049
14271.8;0.062
14272.3;0.11
14272.8;0.067
14273.3;0.084
14273.8;0.051
14274.3;0.052
14274.8;0.057
14275.3;0.091
14275.8;0.017
14276.3;0.045
14276.8;0.092
14277.3;0.036
14277.8;0.075
14278.3;0.028
14278.8;0.051
14279.3;0.058
14279.8;0.062
14280.3;0.04
14280.8;0.071
14281.3;0.05
14281.8;0.109
14282.3;0.09
14282.8;0.016
14283.3;0.059
14283.8;0.1
14284.3;0.04
14284.8;0.068
14285.3;0.103
14285.8;0.021
14286.3;0.061
14286.8;0.084
14287.3;0.039
14287.8;0.044
14288.3;0.083
14288.8;0.016
14289.3;0.037
14289.8;0.009
14290.3;0.046
14290.8;0.054
14291.3;0.047
14291.8;0.024
14292.3;0.033
14292.8;0.058
14293.3;0.056
14293.8;0.028
14294.3;0.03
14294.8;0.054
14295.3;0.067
14295.8;0.083
14296.3;0.053
14296.8;0.026
14297.3;0.081
14297.8;0.063
14298.3;0.044
14298.8;0.056
14299.3;0.028
14299.8;0.045
14300.3;0.074
14300.8;0.053
14301.3;0.076
14301.8;0.028
14302.3;0.075
14302.8;0.033
14303.3;0.061
14303.8;0.055
14304.3;0.043
14304.8;0.079
14305.3;0.03
14305.8;0.053
14306.3;0.076
14306.8;0.065
14307.3;0.063
14307.8;0.058
14308.3;0.044
14308.8;0.054
14309.3;0.043
14309.8;0.034
14310.3;0.061
14310.8;0.079
14311.3;0.015
14311.8;0.108
14312.3;0.053
14312.8;0.039
14313.3;0.101
14313.8;0.055
14314.3;0.062
14314.8;0.081
14315.3;0.014
14315.8;0.055
14316.3;0.111
14316.8;0.164
14317.3;0.085
14317.8;0.034
14318.3;0.011
14318.8;0.03
14319.3;0.076
14319.8;0.035
14320.3;0.078
14320.8;0.084
14321.3;0.06
14321.8;0.077
14322.3;0.025
14322.8;0.048
14323.3;0.065
14323.8;0.01
14324.3;0.019
14324.8;0.066
14325.3;0.058
14325.8;0.041
14326.3;0.01
14326.8;0.065
14327.3;0.045
14327.8;0.068
14328.3;0.026
14328.8;0.042
14329.3;0.077
14329.8;0.144
14330.3;0.022
14330.8;0.054
14331.3;0.015
14331.8;0.048
14332.3;0.068
14332.8;0.026
14333.3;0.042
14333.8;0.048
14334.3;0.085
14334.8;0.013
14335.3;0.028
14335.8;0.037
14336.3;0.069
14336.8;0.012
14337.3;0.041
14337.8;0.016
14338.3;0.021
14338.8;0.084
14339.3;0.08
14339.8;0.025
14340.3;0.021
14340.8;0.007
14341.3;0.062
14341.8;0.048
14342.3;0.018
14342.8;0.046
14343.3;0.092
14343.8;0.024
14344.3;0.028
14344.8;0.013
14345.3;0.121
14345.8;0.068
14346.3;0.047
14346.8;0.055
14347.3;0.024
14347.8;0.07
14348.3;0.034
14348.8;0.069
14349.3;0.058
14349.8;0.053
14350.3;0.057
14350.8;0.076
14351.3;0.047
14351.8;0.059
14352.3;0.099
14352.8;0.019
14353.3;0.013
14353.8;0.065
14354.3;0.048
14354.8;0.04
14355.3;0.111
14355.8;0.035
14356.3;0.033
14356.8;0.062
14357.3;0.054
14357.8;0.037
14358.3;0.043
14358.8;0.03
14359.3;0.024
14359.8;0.052
14360.3;0.061
14360.8;0.031
14361.3;0.052
14361.8;0.058
14362.3;0.024
14362.8;0.027
14363.3;0.033
14363.8;0.046
14364.3;0.076
14364.8;0.077
14365.3;0.018
14365.8;0.104
14366.3;0.052
14366.8;0.073
14367.3;0.04
14367.8;0.046
14368.3;0.035
14368.8;0.046
14369.3;0.052
14369.8;0.039
14370.3;0.082
14370.8;0.044
14371.3;0.026
14371.8;0.024
14372.3;0.085
14372.8;0.031
14373.3;0.009
14373.8;0.116
14374.3;0.049
14374.8;0.063
14375.3;0.042
14375.8;0.019
14376.3;0.045
14376.8;0.049
14377.3;0.026
14377.8;0.063
14378.3;0.027
14378.8;0.01
14379.3;0.063
14379.8;0.065
14380.3;0.021
14380.8;0.052
14381.3;0.054
14381.8;0.027
14382.3;0.058
14382.8;0.036
14383.3;0.05
14383.8;0.048
14384.3;0.083
14384.8;0.025
14385.3;0.027
14385.8;0.031
14386.3;0.029
14386.8;0.053
14387.3;0.072
14387.8;0.033
14388.3;0.046
14388.8;0.02
14389.3;0.057
14389.8;0.067
14390.3;0.049
14390.8;0.004
14391.3;0.061
14391.8;0.086
14392.3;0.064
14392.8;0.079
14393.3;0.051
14393.8;0.046
14394.3;0.042
14394.8;0.118
14395.3;0.056
14395.8;0.031
14396.3;0.09
14396.8;0.081
14397.3;0.082
14397.8;0.046
14398.3;0.091
14398.8;0.048
14399.3;0.026
14399.8;0.065
14400.3;0.021
14400.8;0.017
14401.3;0.007
14401.8;0.022
14402.3;0.015
14402.8;0.019
14403.3;0.026
14403.8;0.025
14404.3;0.065
14404.8;0.014
14405.3;0.02
14405.8;0.03
14406.3;0.074
14406.8;0.026
14407.3;0.117
14407.8;0.04
14408.3;0.063
14408.8;0.036
14409.3;0.023
14409.8;0.025
14410.3;0.044
14410.8;0.051
14411.3;0.009
14411.8;0.044
14412.3;0.058
14412.8;0.028
14413.3;0.032
14413.8;0.052
14414.3;0.022
14414.8;0.016
14415.3;0.029
14415.8;0.078
14416.3;0.044
14416.8;0.017
14417.3;0.024
14417.8;0.045
14418.3;0.028
14418.8;0.018
14419.3;0.055
14419.8;0.072
14420.3;0.123
14420.8;0.033
14421.3;0.057
14421.8;0.076
14422.3;0.018
14422.8;0.101
14423.3;0.075
14423.8;0.064
14424.3;0.046
14424.8;0.063
14425.3;0.046
14425.8;0.027
14426.3;0.032
14426.8;0.082
14427.3;0.065
14427.8;0.052
14428.3;0.02
14428.8;0.045
14429.3;0.033
14429.8;0.006
14430.3;0.026
14430.8;0.052
14431.3;0.054
14431.8;0.049
14432.3;0.028
14432.8;0.02
14433.3;0.016
14433.8;0.041
14434.3;0.072
14434.8;0.069
14435.3;0.032
14435.8;0.063
14436.3;0.098
14436.8;0.043
14437.3;0.044
14437.8;0.053
14438.3;0.047
14438.8;0.03
14439.3;0.033
14439.8;0.037
14440.3;0.046
14440.8;0.082
14441.3;0.027
14441.8;0.017
14442.3;0.027
14442.8;0.034
14443.3;0.015
14443.8;0.034
14444.3;0.066
14444.8;0.025
14445.3;0.056
14445.8;0.029
14446.3;0.042
14446.8;0.066
14447.3;0.038
14447.8;0.043
14448.3;0.015
14448.8;0.07
14449.3;0.017
14449.8;0.063
14450.3;0.08
14450.8;0.082
14451.3;0.047
14451.8;0.052
14452.3;0.07
14452.8;0.06
14453.3;0.042
14453.8;0.022
14454.3;0.043
14454.8;0.019
14455.3;0.063
14455.8;0.021
14456.3;0.096
14456.8;0.037
14457.3;0.088
14457.8;0.007
14458.3;0.024
14458.8;0.029
14459.3;0.086
14459.8;0.022
14460.3;0.079
14460.8;0.016
14461.3;0.059
14461.8;0.071
14462.3;0.02
14462.8;0.063
14463.3;0.07
14463.8;0.106
14464.3;0.031
14464.8;0.047
14465.3;0.032
14465.8;0.03
14466.3;0.038
14466.8;0.037
14467.3;0.052
14467.8;0.023
14468.3;0.01
14468.8;0.053
14469.3;0.033
14469.8;0.036
14470.3;0.045
14470.8;0.041
14471.3;0.042
14471.8;0.045
14472.3;0.06
14472.8;0.078
14473.3;0.038
14473.8;0.051
14474.3;0.055
14474.8;0.043
14475.3;0.04
14475.8;0.038
14476.3;0.026
14476.8;0.059
14477.3;0.068
14477.8;0.044
14478.3;0.039
14478.8;0.055
14479.3;0.057
14479.8;0.085
14480.3;0.065
14480.8;0.019
14481.3;0.073
14481.8;0.053
14482.3;0.031
14482.8;0.034
14483.3;0.046
14483.8;0.059
14484.3;0.105
14484.8;0.12
14485.3;0.024
14485.8;0.075
14486.3;0.039
14486.8;0.031
14487.3;0.024
14487.8;0.063
14488.3;0.033
14488.8;0.043
14489.3;0.084
14489.8;0.089
14490.3;0.011
14490.8;0.079
14491.3;0.074
14491.8;0.048
14492.3;0.02
14492.8;0.075
14493.3;0.011
14493.8;0.064
14494.3;0.074
14494.8;0.088
14495.3;0.04
14495.8;0.066
14496.3;0.106
14496.8;0.074
14497.3;0.075
14497.8;0.096
14498.3;0.063
14498.8;0.018
14499.3;0.039
14499.8;0.119
14500.3;0.061
14500.8;0.039
14501.3;0.121
14501.8;0.059
14502.3;0.061
14502.8;0.045
14503.3;0.042
14503.8;0.057
14504.3;0.046
14504.8;0.029
14505.3;0.046
14505.8;0.044
14506.3;0.054
14506.8;0.026
14507.3;0.031
14507.8;0.008
14508.3;0.072
14508.8;0.058
14509.3;0.045
14509.8;0.048
14510.3;0.048
14510.8;0.062
14511.3;0.026
14511.8;0.111
14512.3;0.101
14512.8;0.033
14513.3;0.073
14513.8;0.088
14514.3;0.037
14514.8;0.048
14515.3;0.089
14515.8;0.045
14516.3;0.046
14516.8;0.039
14517.3;0.069
14517.8;0.047
14518.3;0.008
14518.8;0.025
14519.3;0.012
14519.8;0.053
14520.3;0.017
14520.8;0.054
14521.3;0.016
14521.8;0.048
14522.3;0.019
14522.8;0.044
14523.3;0.028
14523.8;0.044
14524.3;0.063
14524.8;0.052
14525.3;0.046
14525.8;0.048
14526.3;0.067
14526.8;0.088
14527.3;0.05
14527.8;0.05
14528.3;0.105
14528.8;0.084
14529.3;0.028
14529.8;0.041
14530.3;0.025
14530.8;0.026
14531.3;0.055
14531.8;0.041
14532.3;0.04
14532.8;0.064
14533.3;0.079
14533.8;0.038
14534.3;0.039
14534.8;0.082
14535.3;0.073
14535.8;0.078
14536.3;0.05
14536.8;0.051
14537.3;0.077
14537.8;0.086
14538.3;0.046
14538.8;0.032
14539.3;0.053
14539.8;0.009
14540.3;0.066
14540.8;0.041
14541.3;0.06
14541.8;0.039
14542.3;0.087
14542.8;0.057
14543.3;0.024
14543.8;0.03
14544.3;0.096
14544.8;0.058
14545.3;0.005
14545.8;0.051
14546.3;0.061
14546.8;0.02
14547.3;0.082
14547.8;0.111
14548.3;0.011
14548.8;0.084
14549.3;0.072
14549.8;0.069
14550.3;0.085
14550.8;0.086
14551.3;0.042
14551.8;0.119
14552.3;0.092
14552.8;0.052
14553.3;0.098
14553.8;0.134
14554.3;0.055
14554.8;0.049
14555.3;0.048
14555.8;0.025
14556.3;0.033
14556.8;0.068
14557.3;0.027
14557.8;0.067
14558.3;0.029
14558.8;0.043
14559.3;0.072
14559.8;0.045
14560.3;0.05
14560.8;0.103
14561.3;0.032
14561.8;0.067
14562.3;0.11
14562.8;0.055
14563.3;0.053
14563.8;0.102
14564.3;0.064
14564.8;0.037
14565.3;0.085
14565.8;0.053
14566.3;0.041
14566.8;0.128
14567.3;0.022
14567.8;0.059
14568.3;0.038
14568.8;0.079
14569.3;0.057
14569.8;0.13
14570.3;0.016
14570.8;0.046
14571.3;0.048
14571.8;0.02
14572.3;0.084
14572.8;0.044
14573.3;0.069
14573.8;0.057
14574.3;0.13
14574.8;0.015
14575.3;0.016
14575.8;0.045
14576.3;0.125
14576.8;0.066
14577.3;0.019
14577.8;0.059
14578.3;0.065
14578.8;0.026
14579.3;0.026
14579.8;0.053
14580.3;0.023
14580.8;0.026
14581.3;0.051
14581.8;0.048
14582.3;0.013
14582.8;0.034
14583.3;0.024
14583.8;0.068
14584.3;0.065
14584.8;0.038
14585.3;0.041
14585.8;0.099
14586.3;0.046
14586.8;0.071
14587.3;0.056
14587.8;0.031
14588.3;0.038
14588.8;0.049
14589.3;0.077
14589.8;0.084
14590.3;0.021
14590.8;0.048
14591.3;0.048
14591.8;0.057
14592.3;0.04
14592.8;0.074
14593.3;0.054
14593.8;0.065
14594.3;0.042
14594.8;0.04
14595.3;0.024
14595.8;0.047
14596.3;0.044
14596.8;0.046
14597.3;0.026
14597.8;0.075
14598.3;0.134
14598.8;0.032
14599.3;0.073
14599.8;0.082
14600.3;0.053
14600.8;0.085
14601.3;0.092
14601.8;0.012
14602.3;0.044
14602.8;0.074
14603.3;0.046
14603.8;0.036
14604.3;0.06
14604.8;0.068
14605.3;0.039
14605.8;0.046
14606.3;0.019
14606.8;0.046
14607.3;0.038
14607.8;0.071
14608.3;0.042
14608.8;0.091
14609.3;0.046
14609.8;0.034
14610.3;0.028
14610.8;0.043
14611.3;0.064
14611.8;0.077
14612.3;0.041
14612.8;0.052
14613.3;0.016
14613.8;0.06
14614.3;0.034
14614.8;0.011
14615.3;0.008
14615.8;0.048
14616.3;0.041
14616.8;0.06
14617.3;0.034
14617.8;0.032
14618.3;0.024
14618.8;0.016
14619.3;0.004
14619.8;0.05
14620.3;0.027
14620.8;0.066
14621.3;0.053
14621.8;0.013
14622.3;0.07
14622.8;0.075
14623.3;0.033
14623.8;0.061
14624.3;0.063
14624.8;0.012
14625.3;0.07
14625.8;0.074
14626.3;0.024
14626.8;0.061
14627.3;0.019
14627.8;0.003
14628.3;0.051
14628.8;0.036
14629.3;0.048
14629.8;0.006
14630.3;0.051
14630.8;0.033
14631.3;0.01
14631.8;0.079
14632.3;0.049
14632.8;0.069
14633.3;0.055
14633.8;0.039
14634.3;0.022
14634.8;0.02
14635.3;0.05
14635.8;0.032
14636.3;0.019
14636.8;0.064
14637.3;0.056
14637.8;0.035
14638.3;0.065
14638.8;0.105
14639.3;0.053
14639.8;0.059
14640.3;0.017
14640.8;0.067
14641.3;0.029
14641.8;0.037
14642.3;0.03
14642.8;0.041
14643.3;0.115
14643.8;0.056
14644.3;0.053
14644.8;0.034
14645.3;0.034
14645.8;0.089
14646.3;0.039
14646.8;0.046
14647.3;0.04
14647.8;0.028
14648.3;0.029
14648.8;0.022
14649.3;0.072
14649.8;0.022
14650.3;0.039
14650.8;0.058
14651.3;0.078
14651.8;0.021
14652.3;0.06
14652.8;0.098
14653.3;0.014
14653.8;0.024
14654.3;0.073
14654.8;0.031
14655.3;0.1
14655.8;0.088
14656.3;0.011
14656.8;0.049
14657.3;0.061
14657.8;0.075
14658.3;0.023
14658.8;0.03
14659.3;0.049
14659.8;0.052
14660.3;0.045
14660.8;0.044
14661.3;0.035
14661.8;0.034
14662.3;0.037
14662.8;0.046
14663.3;0.073
14663.8;0.054
14664.3;0.048
14664.8;0.052
14665.3;0.022
14665.8;0.096
14666.3;0.027
14666.8;0.01
14667.3;0.028
14667.8;0.035
14668.3;0.028
14668.8;0.098
14669.3;0.047
14669.8;0.058
14670.3;0.04
14670.8;0.034
14671.3;0.046
14671.8;0.022
14672.3;0.011
14672.8;0.021
14673.3;0.039
14673.8;0.022
14674.3;0.044
14674.8;0.048
14675.3;0.027
14675.8;0.038
14676.3;0.027
14676.8;0.028
14677.3;0.023
14677.8;0.05
14678.3;0.02
14678.8;0.03
14679.3;0.046
14679.8;0.031
14680.3;0.058
14680.8;0.029
14681.3;0.032
14681.8;0.05
14682.3;0.031
14682.8;0.022
14683.3;0.073
14683.8;0.072
14684.3;0.024
14684.8;0.055
14685.3;0.041
14685.8;0.03
14686.3;0.025
14686.8;0.068
14687.3;0.014
14687.8;0.023
14688.3;0.083
14688.8;0.025
14689.3;0.032
14689.8;0.067
14690.3;0.022
14690.8;0.011
14691.3;0.023
14691.8;0.069
14692.3;0.06
14692.8;0.074
14693.3;0.086
14693.8;0.044
14694.3;0.09
14694.8;0.071
14695.3;0.018
14695.8;0.028
14696.3;0.034
14696.8;0.038
14697.3;0.034
14697.8;0.044
14698.3;0.035
14698.8;0.04
14699.3;0.049
14699.8;0.031
14700.3;0.028
14700.8;0.02
14701.3;0.03
14701.8;0.047
14702.3;0.06
14702.8;0.024
14703.3;0.052
14703.8;0.021
14704.3;0.012
14704.8;0.042
14705.3;0.029
14705.8;0.032
14706.3;0.05
14706.8;0.009
14707.3;0.019
14707.8;0.046
14708.3;0.018
14708.8;0.041
14709.3;0.023
14709.8;0.019
14710.3;0.034
14710.8;0.018
14711.3;0.055
14711.8;0.039
14712.3;0.044
14712.8;0.038
14713.3;0.071
14713.8;0.064
14714.3;0.028
14714.8;0.044
14715.3;0.071
14715.8;0.032
14716.3;0.022
14716.8;0.019
14717.3;0.061
14717.8;0.014
14718.3;0.041
14718.8;0.071
14719.3;0.041
14719.8;0.074
14720.3;0.06
14720.8;0.037
14721.3;0.018
14721.8;0.012
14722.3;0.009
14722.8;0.056
14723.3;0.008
14723.8;0.08
14724.3;0.055
14724.8;0.04
14725.3;0.023
14725.8;0.025
14726.3;0.039
14726.8;0.048
14727.3;0.03
14727.8;0.048
14728.3;0.012
14728.8;0.046
14729.3;0.017
14729.8;0.038
14730.3;0.018
14730.8;0.022
14731.3;0.036
14731.8;0.059
14732.3;0.039
14732.8;0.043
14733.3;0.047
14733.8;0.062
14734.3;0.054
14734.8;0.031
14735.3;0.046
14735.8;0.058
14736.3;0.042
14736.8;0.015
14737.3;0.042
14737.8;0.065
14738.3;0.01
14738.8;0.032
14739.3;0.056
14739.8;0.028
14740.3;0.003
14740.8;0.017
14741.3;0.05
14741.8;0.021
14742.3;0.041
14742.8;0.058
14743.3;0.025
14743.8;0.036
14744.3;0.045
14744.8;0.003
14745.3;0.038
14745.8;0.038
14746.3;0.016
14746.8;0.035
14747.3;0.024
14747.8;0.006
14748.3;0.054
14748.8;0.013
14749.3;0.032
14749.8;0.027
14750.3;0.054
14750.8;0.054
14751.3;0.052
14751.8;0.044
14752.3;0.055
14752.8;0.027
14753.3;0.048
14753.8;0.013
14754.3;0.018
14754.8;0.011
14755.3;0.059
14755.8;0.068
14756.3;0.006
14756.8;0.039
14757.3;0.035
14757.8;0.023
14758.3;0.036
14758.8;0.042
14759.3;0.044
14759.8;0.076
14760.3;0.029
14760.8;0.049
14761.3;0.076
14761.8;0.057
14762.3;0.014
14762.8;0.052
14763.3;0.019
14763.8;0.027
14764.3;0.045
14764.8;0.029
14765.3;0.031
14765.8;0.054
14766.3;0.032
14766.8;0.017
14767.3;0.049
14767.8;0.052
14768.3;0.004
14768.8;0.062
14769.3;0.06
14769.8;0.03
14770.3;0.011
14770.8;0.027
14771.3;0.052
14771.8;0.057
14772.3;0.031
14772.8;0.005
14773.3;0.024
14773.8;0.01
14774.3;0.062
14774.8;0.034
14775.3;0.041
14775.8;0.037
14776.3;0.06
14776.8;0.041
14777.3;0.008
14777.8;0.061
14778.3;0.063
14778.8;0.034
14779.3;0.037
14779.8;0.038
14780.3;0.068
14780.8;0.058
14781.3;0.033
14781.8;0.002
14782.3;0.049
14782.8;0.027
14783.3;0.025
14783.8;0.05
14784.3;0.018
14784.8;0.038
14785.3;0.028
14785.8;0.037
14786.3;0.049
14786.8;0.037
14787.3;0.032
14787.8;0.061
14788.3;0.062
14788.8;0.066
14789.3;0.081
14789.8;0.032
14790.3;0.023
14790.8;0.034
14791.3;0.031
14791.8;0.026
14792.3;0.036
14792.8;0.025
14793.3;0.033
14793.8;0.076
14794.3;0.05
14794.8;0.033
14795.3;0.063
14795.8;0.023
14796.3;0.071
14796.8;0.094
14797.3;0.028
14797.8;0.044
14798.3;0.052
14798.8;0.017
14799.3;0.081
14799.8;0.055
14800.3;0.025
14800.8;0.061
14801.3;0.03
14801.8;0.033
14802.3;0.046
14802.8;0.021
14803.3;0.03
14803.8;0.028
14804.3;0.033
14804.8;0.031
14805.3;0.007
14805.8;0.04
14806.3;0.047
14806.8;0.044
14807.3;0.074
14807.8;0.02
14808.3;0.034
14808.8;0.048
14809.3;0.031
14809.8;0.04
14810.3;0.016
14810.8;0.04
14811.3;0.05
14811.8;0.085
14812.3;0.017
14812.8;0.059
14813.3;0.043
14813.8;0.041
14814.3;0.08
14814.8;0.056
14815.3;0.012
14815.8;0.045
14816.3;0.062
14816.8;0.027
14817.3;0.028
14817.8;0.033
14818.3;0.031
14818.8;0.043
14819.3;0.085
14819.8;0.058
14820.3;0.051
14820.8;0.078
14821.3;0.032
14821.8;0.021
14822.3;0.052
14822.8;0.024
14823.3;0.016
14823.8;0.044
14824.3;0.034
14824.8;0.06
14825.3;0.075
14825.8;0.036
14826.3;0.05
14826.8;0.044
14827.3;0.039
14827.8;0.016
14828.3;0.017
14828.8;0.052
14829.3;0.011
14829.8;0.017
14830.3;0.069
14830.8;0.028
14831.3;0.035
14831.8;0.035
14832.3;0.028
14832.8;0.026
14833.3;0.036
14833.8;0.021
14834.3;0.02
14834.8;0.006
14835.3;0.01
14835.8;0.076
14836.3;0.03
14836.8;0.007
14837.3;0.074
14837.8;0.042
14838.3;0.035
14838.8;0.026
14839.3;0.053
14839.8;0.024
14840.3;0.026
14840.8;0.025
14841.3;0.043
14841.8;0.023
14842.3;0.038
14842.8;0.005
14843.3;0.038
14843.8;0.065
14844.3;0.018
14844.8;0.033
14845.3;0.033
14845.8;0.022
14846.3;0.044
14846.8;0.044
14847.3;0.034
14847.8;0.025
14848.3;0.035
14848.8;0.023
14849.3;0.079
14849.8;0.062
14850.3;0.002
14850.8;0.071
14851.3;0.082
14851.8;0.059
14852.3;0.068
14852.8;0.045
14853.3;0.025
14853.8;0.068
14854.3;0.052
14854.8;0.032
14855.3;0.063
14855.8;0.047
14856.3;0.004
14856.8;0.038
14857.3;0.016
14857.8;0.062
14858.3;0.049
14858.8;0.046
14859.3;0.042
14859.8;0.046
14860.3;0.024
14860.8;0.009
14861.3;0.025
14861.8;0.013
14862.3;0.053
14862.8;0.015
14863.3;0.021
14863.8;0.035
14864.3;0.05
14864.8;0.015
14865.3;0.055
14865.8;0.023
14866.3;0.009
14866.8;0.044
14867.3;0.041
14867.8;0.04
14868.3;0.051
14868.8;0.026
14869.3;0.038
14869.8;0.062
14870.3;0.015
14870.8;0.049
14871.3;0.013
14871.8;0.011
14872.3;0.048
14872.8;0.056
14873.3;0.038
14873.8;0.05
14874.3;0.04
14874.8;0.022
14875.3;0.037
14875.8;0.029
14876.3;0.044
14876.8;0.06
14877.3;0.045
14877.8;0.071
14878.3;0.095
14878.8;0.053
14879.3;0.051
14879.8;0.052
14880.3;0.034
14880.8;0.054
14881.3;0.07
14881.8;0.045
14882.3;0.018
14882.8;0.059
14883.3;0.065
14883.8;0.012
14884.3;0.057
14884.8;0.03
14885.3;0.017
14885.8;0.04
14886.3;0.039
14886.8;0.032
14887.3;0.04
14887.8;0.032
14888.3;0.007
14888.8;0.042
14889.3;0.02
14889.8;0.03
14890.3;0.049
14890.8;0.027
14891.3;0.046
14891.8;0.016
14892.3;0.049
14892.8;0.002
14893.3;0.038
14893.8;0.022
14894.3;0.042
14894.8;0.057
14895.3;0.035
14895.8;0.011
14896.3;0.032
14896.8;0.038
14897.3;0.061
14897.8;0.055
14898.3;0.035
14898.8;0.03
14899.3;0.044
14899.8;0.029
14900.3;0.017
14900.8;0.025
14901.3;0.046
14901.8;0.039
14902.3;0.03
14902.8;0.038
14903.3;0.024
14903.8;0.033
14904.3;0.06
14904.8;0.006
14905.3;0.035
14905.8;0.045
14906.3;0.036
14906.8;0.044
14907.3;0.049
14907.8;0.009
14908.3;0.031
14908.8;0.076
14909.3;0.029
14909.8;0.05
14910.3;0.08
14910.8;0.019
14911.3;0.042
14911.8;0.057
14912.3;0.028
14912.8;0.108
14913.3;0.046
14913.8;0.011
14914.3;0.024
14914.8;0.014
14915.3;0.038
14915.8;0.038
14916.3;0.029
14916.8;0.056
14917.3;0.076
14917.8;0.037
14918.3;0.027
14918.8;0.081
14919.3;0.022
14919.8;0.053
14920.3;0.045
14920.8;0.028
14921.3;0.016
14921.8;0.048
14922.3;0.031
14922.8;0.019
14923.3;0.068
14923.8;0.034
14924.3;0.055
14924.8;0.023
14925.3;0.036
14925.8;0.004
14926.3;0.052
14926.8;0.019
14927.3;0.024
14927.8;0.038
14928.3;0.052
14928.8;0.074
14929.3;0.016
14929.8;0.018
14930.3;0.035
14930.8;0.048
14931.3;0.039
14931.8;0.048
14932.3;0.009
14932.8;0.038
14933.3;0.031
14933.8;0.043
14934.3;0.039
14934.8;0.037
14935.3;0.027
14935.8;0.08
14936.3;0.022
14936.8;0.081
14937.3;0.054
14937.8;0.013
14938.3;0.042
14938.8;0.022
14939.3;0.029
14939.8;0.016
14940.3;0.023
14940.8;0.018
14941.3;0.022
14941.8;0.039
14942.3;0.031
14942.8;0.053
14943.3;0.053
14943.8;0.011
14944.3;0.022
14944.8;0.057
14945.3;0.022
14945.8;0.028
14946.3;0.027
14946.8;0.019
14947.3;0.059
14947.8;0.037
14948.3;0.029
14948.8;0.027
14949.3;0.033
14949.8;0.028
14950.3;0.022
14950.8;0.003
14951.3;0.036
14951.8;0.012
14952.3;0.015
14952.8;0.093
14953.3;0.034
14953.8;0.056
14954.3;0.05
14954.8;0.04
14955.3;0.027
14955.8;0.03
14956.3;0.01
14956.8;0.041
14957.3;0.06
14957.8;0.039
14958.3;0.081
14958.8;0.011
14959.3;0.002
14959.8;0.05
14960.3;0.051
14960.8;0.011
14961.3;0.019
14961.8;0.046
14962.3;0.049
14962.8;0.085
14963.3;0.043
14963.8;0.014
14964.3;0.051
14964.8;0.038
14965.3;0.064
14965.8;0.051
14966.3;0.028
14966.8;0.053
14967.3;0.052
14967.8;0.018
14968.3;0.042
14968.8;0.07
14969.3;0.009
14969.8;0.041
14970.3;0.048
14970.8;0.019
14971.3;0.039
14971.8;0.051
14972.3;0.018
14972.8;0.019
14973.3;0.03
14973.8;0.023
14974.3;0.05
14974.8;0.032
14975.3;0.058
14975.8;0.013
14976.3;0.028
14976.8;0.009
14977.3;0.035
14977.8;0.014
14978.3;0.04
14978.8;0.065
14979.3;0.018
14979.8;0.034
14980.3;0.024
14980.8;0.018
14981.3;0.066
14981.8;0.034
14982.3;0.008
14982.8;0.041
14983.3;0.064
14983.8;0.024
14984.3;0.021
14984.8;0.045
14985.3;0.007
14985.8;0.064
14986.3;0.047
14986.8;0.033
14987.3;0.032
14987.8;0.023
14988.3;0.022
14988.8;0.052
14989.3;0.028
14989.8;0.045
14990.3;0.051
14990.8;0.042
14991.3;0.043
14991.8;0.059
14992.3;0.054
14992.8;0.066
14993.3;0.052
14993.8;0.066
14994.3;0.012
14994.8;0.025
14995.3;0.062
14995.8;0.053
14996.3;0.032
14996.8;0.029
14997.3;0.039
14997.8;0.082
14998.3;0.045
14998.8;0.026
14999.3;0.048
14999.8;0.03
15000.3;0.01
15000.8;0.046
15001.3;0.022
15001.8;0.05
15002.3;0.044
15002.8;0.06
15003.3;0.048
15003.8;0.081
15004.3;0.023
15004.8;0.048
15005.3;0.032
15005.8;0.057
15006.3;0.019
15006.8;0.071
15007.3;0.051
15007.8;0.049
15008.3;0.047
15008.8;0.034
15009.3;0.036
15009.8;0.034
15010.3;0.052
15010.8;0.019
15011.3;0.015
15011.8;0.033
15012.3;0.006
15012.8;0.05
15013.3;0.022
15013.8;0.047
15014.3;0.021
15014.8;0.051
15015.3;0.027
15015.8;0.013
15016.3;0.055
15016.8;0.013
15017.3;0.05
15017.8;0.017
15018.3;0.039
15018.8;0.013
15019.3;0.008
15019.8;0.043
15020.3;0.027
15020.8;0.012
15021.3;0.052
15021.8;0.057
15022.3;0.032
15022.8;0.007
15023.3;0.08
15023.8;0.026
15024.3;0.024
15024.8;0.047
15025.3;0.074
15025.8;0.034
15026.3;0.033
15026.8;0.041
15027.3;0.025
15027.8;0.046
15028.3;0.038
15028.8;0.022
15029.3;0.009
15029.8;0.033
15030.3;0.066
15030.8;0.047
15031.3;0.051
15031.8;0.029
15032.3;0.05
15032.8;0.001
15033.3;0.039
15033.8;0.058
15034.3;0.034
15034.8;0.01
15035.3;0.027
15035.8;0.067
15036.3;0.07
15036.8;0.027
15037.3;0.043
15037.8;0.021
15038.3;0.024
15038.8;0.05
15039.3;0.029
15039.8;0.016
15040.3;0.025
15040.8;0.016
15041.3;0.051
15041.8;0.047
15042.3;0.032
15042.8;0.044
15043.3;0.028
15043.8;0.046
15044.3;0.028
15044.8;0.012
15045.3;0.02
15045.8;0.014
15046.3;0.027
15046.8;0.015
15047.3;0.024
15047.8;0.069
15048.3;0.034
15048.8;0.013
15049.3;0.059
15049.8;0.034
15050.3;0.041
15050.8;0.042
15051.3;0.035
15051.8;0.011
15052.3;0.027
15052.8;0.044
15053.3;0.067
15053.8;0.049
15054.3;0.023
15054.8;0.032
15055.3;0.029
15055.8;0.023
15056.3;0.038
15056.8;0.026
15057.3;0.005
15057.8;0.038
15058.3;0.096
15058.8;0.066
15059.3;0.022
15059.8;0.053
15060.3;0.07
15060.8;0.018
15061.3;0.045
15061.8;0.029
15062.3;0.016
15062.8;0.037
15063.3;0.032
15063.8;0.012
15064.3;0.03
15064.8;0.006
15065.3;0.034
15065.8;0.039
15066.3;0.048
15066.8;0.018
15067.3;0.03
15067.8;0.028
15068.3;0.03
15068.8;0.049
15069.3;0.016
15069.8;0.028
15070.3;0.056
15070.8;0.005
15071.3;0.014
15071.8;0.055
15072.3;0.039
15072.8;0.035
15073.3;0.028
15073.8;0.032
15074.3;0.058
15074.8;0.095
15075.3;0.035
15075.8;0.025
15076.3;0.067
15076.8;0.036
15077.3;0.057
15077.8;0.059
15078.3;0.012
15078.8;0.027
15079.3;0.027
15079.8;0.056
15080.3;0.016
15080.8;0.072
15081.3;0.058
15081.8;0.027
15082.3;0.039
15082.8;0.029
15083.3;0.005
15083.8;0.036
15084.3;0.011
15084.8;0.033
15085.3;0.02
15085.8;0.023
15086.3;0.02
15086.8;0.026
15087.3;0.032
15087.8;0.05
15088.3;0.041
15088.8;0.037
15089.3;0.021
15089.8;0.014
15090.3;0.033
15090.8;0.054
15091.3;0.014
15091.8;0.026
15092.3;0.009
15092.8;0.041
15093.3;0.022
15093.8;0.037
15094.3;0.017
15094.8;0.024
15095.3;0.05
15095.8;0.029
15096.3;0.029
15096.8;0.034
15097.3;0.034
15097.8;0.041
15098.3;0.033
15098.8;0.038
15099.3;0.017
15099.8;0.021
15100.3;0.033
15100.8;0.045
15101.3;0.015
15101.8;0.034
15102.3;0.026
15102.8;0.013
15103.3;0.055
15103.8;0.041
15104.3;0.047
15104.8;0.02
15105.3;0.043
15105.8;0.063
15106.3;0.04
15106.8;0.029
15107.3;0.012
15107.8;0.022
15108.3;0.061
15108.8;0.021
15109.3;0.033
15109.8;0.036
15110.3;0.049
15110.8;0.012
15111.3;0.055
15111.8;0.04
15112.3;0.018
15112.8;0.048
15113.3;0.034
15113.8;0.041
15114.3;0.035
15114.8;0.028
15115.3;0.046
15115.8;0.018
15116.3;0.014
15116.8;0.024
15117.3;0.054
15117.8;0.022
15118.3;0.024
15118.8;0.033
15119.3;0.013
15119.8;0.005
15120.3;0.025
15120.8;0.049
15121.3;0.005
15121.8;0.026
15122.3;0.056
15122.8;0.029
15123.3;0.045
15123.8;0.051
15124.3;0.05
15124.8;0.04
15125.3;0.055
15125.8;0.017
15126.3;0.031
15126.8;0.048
15127.3;0.025
15127.8;0.035
15128.3;0.018
15128.8;0.028
15129.3;0.028
15129.8;0.032
15130.3;0.011
15130.8;0.017
15131.3;0.059
15131.8;0.007
15132.3;0.021
15132.8;0.019
15133.3;0.082
15133.8;0.028
15134.3;0.017
15134.8;0.045
15135.3;0.048
15135.8;0.04
15136.3;0.0
15136.8;0.031
15137.3;0.04
15137.8;0.033
15138.3;0.034
15138.8;0.044
15139.3;0.022
15139.8;0.045
15140.3;0.043
15140.8;0.026
15141.3;0.039
15141.8;0.055
15142.3;0.017
15142.8;0.031
15143.3;0.037
15143.8;0.018
15144.3;0.05
15144.8;0.026
15145.3;0.026
15145.8;0.071
15146.3;0.028
15146.8;0.055
15147.3;0.037
15147.8;0.038
15148.3;0.041
15148.8;0.034
15149.3;0.02
15149.8;0.031
15150.3;0.038
15150.8;0.015
15151.3;0.066
15151.8;0.041
15152.3;0.04
15152.8;0.045
15153.3;0.036
15153.8;0.026
15154.3;0.037
15154.8;0.039
15155.3;0.025
15155.8;0.033
15156.3;0.02
15156.8;0.034
15157.3;0.032
15157.8;0.02
15158.3;0.028
15158.8;0.016
15159.3;0.053
15159.8;0.039
15160.3;0.035
15160.8;0.001
15161.3;0.02
15161.8;0.066
15162.3;0.013
15162.8;0.022
15163.3;0.036
15163.8;0.079
15164.3;0.056
15164.8;0.046
15165.3;0.096
15165.8;0.067
15166.3;0.05
15166.8;0.097
15167.3;0.047
15167.8;0.042
15168.3;0.029
15168.8;0.032
15169.3;0.03
15169.8;0.027
15170.3;0.054
15170.8;0.025
15171.3;0.045
15171.8;0.035
15172.3;0.05
15172.8;0.027
15173.3;0.049
15173.8;0.003
15174.3;0.028
15174.8;0.049
15175.3;0.036
15175.8;0.024
15176.3;0.03
15176.8;0.026
15177.3;0.055
15177.8;0.038
15178.3;0.061
15178.8;0.05
15179.3;0.012
15179.8;0.049
15180.3;0.054
15180.8;0.028
15181.3;0.046
15181.8;0.044
15182.3;0.044
15182.8;0.035
15183.3;0.106
15183.8;0.015
15184.3;0.042
15184.8;0.029
15185.3;0.017
15185.8;0.068
15186.3;0.075
15186.8;0.016
15187.3;0.023
15187.8;0.042
15188.3;0.021
15188.8;0.062
15189.3;0.032
15189.8;0.048
15190.3;0.041
15190.8;0.058
15191.3;0.019
15191.8;0.033
15192.3;0.041
15192.8;0.016
15193.3;0.041
15193.8;0.03
15194.3;0.016
15194.8;0.016
15195.3;0.017
15195.8;0.042
15196.3;0.026
15196.8;0.043
15197.3;0.051
15197.8;0.066
15198.3;0.044
15198.8;0.058
15199.3;0.026
15199.8;0.023
15200.3;0.04
15200.8;0.043
15201.3;0.036
15201.8;0.041
15202.3;0.044
15202.8;0.023
15203.3;0.027
15203.8;0.038
15204.3;0.04
15204.8;0.054
15205.3;0.013
15205.8;0.049
15206.3;0.024
15206.8;0.062
15207.3;0.029
15207.8;0.02
15208.3;0.062
15208.8;0.008
15209.3;0.056
15209.8;0.034
15210.3;0.063
15210.8;0.041
15211.3;0.034
15211.8;0.038
15212.3;0.022
15212.8;0.027
15213.3;0.035
15213.8;0.037
15214.3;0.026
15214.8;0.071
15215.3;0.007
15215.8;0.023
15216.3;0.025
15216.8;0.042
15217.3;0.068
15217.8;0.052
15218.3;0.01
15218.8;0.091
15219.3;0.033
15219.8;0.024
15220.3;0.071
15220.8;0.028
15221.3;0.018
15221.8;0.078
15222.3;0.067
15222.8;0.039
15223.3;0.081
15223.8;0.077
15224.3;0.036
15224.8;0.091
15225.3;0.044
15225.8;0.079
15226.3;0.082
15226.8;0.038
15227.3;0.06
15227.8;0.052
15228.3;0.05
15228.8;0.08
15229.3;0.02
15229.8;0.039
15230.3;0.097
15230.8;0.041
15231.3;0.061
15231.8;0.074
15232.3;0.041
15232.8;0.041
15233.3;0.113
15233.8;0.048
15234.3;0.007
15234.8;0.075
15235.3;0.053
15235.8;0.016
15236.3;0.052
15236.8;0.053
15237.3;0.017
15237.8;0.08
15238.3;0.031
15238.8;0.048
15239.3;0.034
15239.8;0.042
15240.3;0.031
15240.8;0.08
15241.3;0.053
15241.8;0.058
15242.3;0.064
15242.8;0.05
15243.3;0.055
15243.8;0.039
15244.3;0.028
15244.8;0.075
15245.3;0.05
15245.8;0.042
15246.3;0.033
15246.8;0.025
15247.3;0.012
15247.8;0.037
15248.3;0.017
15248.8;0.042
15249.3;0.04
15249.8;0.043
15250.3;0.022
15250.8;0.038
15251.3;0.047
15251.8;0.027
15252.3;0.039
15252.8;0.088
15253.3;0.049
15253.8;0.041
15254.3;0.048
15254.8;0.061
15255.3;0.043
15255.8;0.078
15256.3;0.031
15256.8;0.046
15257.3;0.035
15257.8;0.042
15258.3;0.041
15258.8;0.008
15259.3;0.063
15259.8;0.041
15260.3;0.034
15260.8;0.017
15261.3;0.069
15261.8;0.048
15262.3;0.007
15262.8;0.085
15263.3;0.088
15263.8;0.023
15264.3;0.049
15264.8;0.117
15265.3;0.051
15265.8;0.075
15266.3;0.082
15266.8;0.058
15267.3;0.073
15267.8;0.085
15268.3;0.023
15268.8;0.029
15269.3;0.063
15269.8;0.039
15270.3;0.035
15270.8;0.074
15271.3;0.042
15271.8;0.081
15272.3;0.042
15272.8;0.029
15273.3;0.081
15273.8;0.055
15274.3;0.042
15274.8;0.017
15275.3;0.037
15275.8;0.01
15276.3;0.067
15276.8;0.036
15277.3;0.04
15277.8;0.036
15278.3;0.059
15278.8;0.04
15279.3;0.059
15279.8;0.011
15280.3;0.063
15280.8;0.02
15281.3;0.071
15281.8;0.047
15282.3;0.052
15282.8;0.013
15283.3;0.106
15283.8;0.085
15284.3;0.009
15284.8;0.075
15285.3;0.055
15285.8;0.044
15286.3;0.075
15286.8;0.046
15287.3;0.033
15287.8;0.062
15288.3;0.03
15288.8;0.021
15289.3;0.02
15289.8;0.07
15290.3;0.029
15290.8;0.076
15291.3;0.029
15291.8;0.013
15292.3;0.011
15292.8;0.073
15293.3;0.023
15293.8;0.043
15294.3;0.031
15294.8;0.068
15295.3;0.046
15295.8;0.059
15296.3;0.059
15296.8;0.064
15297.3;0.046
15297.8;0.033
15298.3;0.045
15298.8;0.013
15299.3;0.063
15299.8;0.042
15300.3;0.036
15300.8;0.029
15301.3;0.066
15301.8;0.035
15302.3;0.063
15302.8;0.066
15303.3;0.008
15303.8;0.028
15304.3;0.09
15304.8;0.037
15305.3;0.042
15305.8;0.017
15306.3;0.041
15306.8;0.068
15307.3;0.009
15307.8;0.034
15308.3;0.028
15308.8;0.052
15309.3;0.02
15309.8;0.073
15310.3;0.015
15310.8;0.06
15311.3;0.014
15311.8;0.063
15312.3;0.034
15312.8;0.052
15313.3;0.016
15313.8;0.071
15314.3;0.056
15314.8;0.036
15315.3;0.082
15315.8;0.057
15316.3;0.048
15316.8;0.017
15317.3;0.051
15317.8;0.03
15318.3;0.06
15318.8;0.037
15319.3;0.017
15319.8;0.034
15320.3;0.083
15320.8;0.07
15321.3;0.015
15321.8;0.061
15322.3;0.004
15322.8;0.058
15323.3;0.004
15323.8;0.003
15324.3;0.023
15324.8;0.024
15325.3;0.073
15325.8;0.032
15326.3;0.041
15326.8;0.028
15327.3;0.027
15327.8;0.029
15328.3;0.037
15328.8;0.043
15329.3;0.048
15329.8;0.066
15330.3;0.027
15330.8;0.012
15331.3;0.023
15331.8;0.078
15332.3;0.02
15332.8;0.025
15333.3;0.036
15333.8;0.032
15334.3;0.022
15334.8;0.025
15335.3;0.062
15335.8;0.041
15336.3;0.057
15336.8;0.026
15337.3;0.021
15337.8;0.055
15338.3;0.051
15338.8;0.045
15339.3;0.036
15339.8;0.022
15340.3;0.038
15340.8;0.04
15341.3;0.061
15341.8;0.038
15342.3;0.063
15342.8;0.036
15343.3;0.02
15343.8;0.038
15344.3;0.033
15344.8;0.027
15345.3;0.042
15345.8;0.028
15346.3;0.049
15346.8;0.014
15347.3;0.054
15347.8;0.054
15348.3;0.024
15348.8;0.028
15349.3;0.026
15349.8;0.087
15350.3;0.023
15350.8;0.084
15351.3;0.043
15351.8;0.031
15352.3;0.058
15352.8;0.014
15353.3;0.049
15353.8;0.038
15354.3;0.02
15354.8;0.02
15355.3;0.033
15355.8;0.038
15356.3;0.048
15356.8;0.055
15357.3;0.03
15357.8;0.024
15358.3;0.067
15358.8;0.08
15359.3;0.033
15359.8;0.055
15360.3;0.048
15360.8;0.018
15361.3;0.02
15361.8;0.036
15362.3;0.038
15362.8;0.03
15363.3;0.066
15363.8;0.052
15364.3;0.041
15364.8;0.064
15365.3;0.017
15365.8;0.015
15366.3;0.059
15366.8;0.081
15367.3;0.033
15367.8;0.04
15368.3;0.021
15368.8;0.016
15369.3;0.032
15369.8;0.037
15370.3;0.054
15370.8;0.041
15371.3;0.041
15371.8;0.04
15372.3;0.012
15372.8;0.06
15373.3;0.07
15373.8;0.057
15374.3;0.027
15374.8;0.057
15375.3;0.059
15375.8;0.01
15376.3;0.051
15376.8;0.033
15377.3;0.025
15377.8;0.023
15378.3;0.037
15378.8;0.021
15379.3;0.056
15379.8;0.06
15380.3;0.048
15380.8;0.068
15381.3;0.07
15381.8;0.023
15382.3;0.068
15382.8;0.069
15383.3;0.05
15383.8;0.048
15384.3;0.044
15384.8;0.061
15385.3;0.04
15385.8;0.064
15386.3;0.044
15386.8;0.008
15387.3;0.014
15387.8;0.061
15388.3;0.006
15388.8;0.032
15389.3;0.047
15389.8;0.041
15390.3;0.039
15390.8;0.062
15391.3;0.064
15391.8;0.028
15392.3;0.063
15392.8;0.021
15393.3;0.033
15393.8;0.077
15394.3;0.094
15394.8;0.01
15395.3;0.066
15395.8;0.09
15396.3;0.035
15396.8;0.054
15397.3;0.084
15397.8;0.04
15398.3;0.045
15398.8;0.069
15399.3;0.04
15399.8;0.026
15400.3;0.043
15400.8;0.04
15401.3;0.023
15401.8;0.019
15402.3;0.048
15402.8;0.018
15403.3;0.015
15403.8;0.019
15404.3;0.025
15404.8;0.002
15405.3;0.034
15405.8;0.062
15406.3;0.018
15406.8;0.028
15407.3;0.071
15407.8;0.015
15408.3;0.019
15408.8;0.023
15409.3;0.04
15409.8;0.061
15410.3;0.094
15410.8;0.046
15411.3;0.039
15411.8;0.05
15412.3;0.033
15412.8;0.044
15413.3;0.048
15413.8;0.019
15414.3;0.03
15414.8;0.016
15415.3;0.042
15415.8;0.051
15416.3;0.016
15416.8;0.059
15417.3;0.02
15417.8;0.005
15418.3;0.006
15418.8;0.044
15419.3;0.031
15419.8;0.019
15420.3;0.02
15420.8;0.012
15421.3;0.014
15421.8;0.036
15422.3;0.014
15422.8;0.048
15423.3;0.032
15423.8;0.03
15424.3;0.046
15424.8;0.033
15425.3;0.051
15425.8;0.047
15426.3;0.007
15426.8;0.017
15427.3;0.079
15427.8;0.07
15428.3;0.038
15428.8;0.029
15429.3;0.013
15429.8;0.012
15430.3;0.036
15430.8;0.021
15431.3;0.033
15431.8;0.007
15432.3;0.003
15432.8;0.03
15433.3;0.024
15433.8;0.035
15434.3;0.027
15434.8;0.02
15435.3;0.048
15435.8;0.029
15436.3;0.049
15436.8;0.031
15437.3;0.033
15437.8;0.033
15438.3;0.029
15438.8;0.008
15439.3;0.04
15439.8;0.026
15440.3;0.025
15440.8;0.072
15441.3;0.052
15441.8;0.014
15442.3;0.047
15442.8;0.048
15443.3;0.069
15443.8;0.013
15444.3;0.045
15444.8;0.041
15445.3;0.037
15445.8;0.042
15446.3;0.033
15446.8;0.084
15447.3;0.048
15447.8;0.041
15448.3;0.057
15448.8;0.038
15449.3;0.036
15449.8;0.066
15450.3;0.038
15450.8;0.02
15451.3;0.062
15451.8;0.042
15452.3;0.044
15452.8;0.009
15453.3;0.047
15453.8;0.049
15454.3;0.002
15454.8;0.041
15455.3;0.041
15455.8;0.011
15456.3;0.025
15456.8;0.016
15457.3;0.025
15457.8;0.078
15458.3;0.069
15458.8;0.039
15459.3;0.015
15459.8;0.051
15460.3;0.051
15460.8;0.008
15461.3;0.034
15461.8;0.06
15462.3;0.008
15462.8;0.05
15463.3;0.054
15463.8;0.025
15464.3;0.05
15464.8;0.082
15465.3;0.067
15465.8;0.055
15466.3;0.042
15466.8;0.046
15467.3;0.04
15467.8;0.062
15468.3;0.021
15468.8;0.038
15469.3;0.038
15469.8;0.032
15470.3;0.049
15470.8;0.081
15471.3;0.061
15471.8;0.017
15472.3;0.017
15472.8;0.033
15473.3;0.047
15473.8;0.037
15474.3;0.059
15474.8;0.028
15475.3;0.017
15475.8;0.019
15476.3;0.04
15476.8;0.045
15477.3;0.081
15477.8;0.036
15478.3;0.044
15478.8;0.043
15479.3;0.028
15479.8;0.026
15480.3;0.069
15480.8;0.009
15481.3;0.048
15481.8;0.04
15482.3;0.05
15482.8;0.017
15483.3;0.032
15483.8;0.056
15484.3;0.012
15484.8;0.026
15485.3;0.016
15485.8;0.044
15486.3;0.026
15486.8;0.021
15487.3;0.024
15487.8;0.003
15488.3;0.039
15488.8;0.043
15489.3;0.05
15489.8;0.013
15490.3;0.04
15490.8;0.02
15491.3;0.051
15491.8;0.036
15492.3;0.039
15492.8;0.095
15493.3;0.069
15493.8;0.039
15494.3;0.081
15494.8;0.059
15495.3;0.024
15495.8;0.09
15496.3;0.057
15496.8;0.021
15497.3;0.055
15497.8;0.032
15498.3;0.041
15498.8;0.058
15499.3;0.039
15499.8;0.012
15500.3;0.025
15500.8;0.034
15501.3;0.024
15501.8;0.028
15502.3;0.046
15502.8;0.041
15503.3;0.013
15503.8;0.052
15504.3;0.088
15504.8;0.045
15505.3;0.042
15505.8;0.021
15506.3;0.083
15506.8;0.043
15507.3;0.025
15507.8;0.083
15508.3;0.051
15508.8;0.06
15509.3;0.053
15509.8;0.054
15510.3;0.085
15510.8;0.106
15511.3;0.036
15511.8;0.034
15512.3;0.037
15512.8;0.031
15513.3;0.051
15513.8;0.042
15514.3;0.027
15514.8;0.085
15515.3;0.021
15515.8;0.05
15516.3;0.031
15516.8;0.027
15517.3;0.011
15517.8;0.025
15518.3;0.032
15518.8;0.027
15519.3;0.033
15519.8;0.021
15520.3;0.019
15520.8;0.029
15521.3;0.073
15521.8;0.022
15522.3;0.069
15522.8;0.045
15523.3;0.06
15523.8;0.022
15524.3;0.069
15524.8;0.083
15525.3;0.04
15525.8;0.032
15526.3;0.071
15526.8;0.057
15527.3;0.066
15527.8;0.07
15528.3;0.033
15528.8;0.028
15529.3;0.064
15529.8;0.013
15530.3;0.027
15530.8;0.04
15531.3;0.065
15531.8;0.041
15532.3;0.028
15532.8;0.082
15533.3;0.072
15533.8;0.035
15534.3;0.07
15534.8;0.065
15535.3;0.062
15535.8;0.012
15536.3;0.053
15536.8;0.02
15537.3;0.028
15537.8;0.01
15538.3;0.005
15538.8;0.013
15539.3;0.043
15539.8;0.032
15540.3;0.023
15540.8;0.047
15541.3;0.055
15541.8;0.069
15542.3;0.088
15542.8;0.05
15543.3;0.035
15543.8;0.029
15544.3;0.072
15544.8;0.059
15545.3;0.036
15545.8;0.056
15546.3;0.037
15546.8;0.042
15547.3;0.025
15547.8;0.072
15548.3;0.024
15548.8;0.009
15549.3;0.049
15549.8;0.03
15550.3;0.049
15550.8;0.048
15551.3;0.02
15551.8;0.04
15552.3;0.023
15552.8;0.042
15553.3;0.018
15553.8;0.045
15554.3;0.026
15554.8;0.031
15555.3;0.039
15555.8;0.048
15556.3;0.03
15556.8;0.042
15557.3;0.022
15557.8;0.031
15558.3;0.013
15558.8;0.027
15559.3;0.024
15559.8;0.012
15560.3;0.017
15560.8;0.029
15561.3;0.029
15561.8;0.024
15562.3;0.068
15562.8;0.004
15563.3;0.037
15563.8;0.08
15564.3;0.017
15564.8;0.037
15565.3;0.041
15565.8;0.031
15566.3;0.002
15566.8;0.034
15567.3;0.031
15567.8;0.039
15568.3;0.018
15568.8;0.043
15569.3;0.04
15569.8;0.005
15570.3;0.024
15570.8;0.04
15571.3;0.039
15571.8;0.024
15572.3;0.05
15572.8;0.051
15573.3;0.044
15573.8;0.065
15574.3;0.052
15574.8;0.022
15575.3;0.052
15575.8;0.023
15576.3;0.03
15576.8;0.039
15577.3;0.035
15577.8;0.022
15578.3;0.058
15578.8;0.003
15579.3;0.029
15579.8;0.04
15580.3;0.045
15580.8;0.034
15581.3;0.05
15581.8;0.058
15582.3;0.015
15582.8;0.048
15583.3;0.012
15583.8;0.042
15584.3;0.023
15584.8;0.047
15585.3;0.068
15585.8;0.037
15586.3;0.011
15586.8;0.025
15587.3;0.021
15587.8;0.042
15588.3;0.04
15588.8;0.015
15589.3;0.033
15589.8;0.033
15590.3;0.024
15590.8;0.037
15591.3;0.043
15591.8;0.021
15592.3;0.008
15592.8;0.016
15593.3;0.016
15593.8;0.028
15594.3;0.017
15594.8;0.02
15595.3;0.028
15595.8;0.042
15596.3;0.009
15596.8;0.017
15597.3;0.047
15597.8;0.04
15598.3;0.017
15598.8;0.04
15599.3;0.063
15599.8;0.038
15600.3;0.043
15600.8;0.052
15601.3;0.034
15601.8;0.027
15602.3;0.048
15602.8;0.018
15603.3;0.014
15603.8;0.017
15604.3;0.032
15604.8;0.015
15605.3;0.031
15605.8;0.023
15606.3;0.012
15606.8;0.044
15607.3;0.041
15607.8;0.034
15608.3;0.035
15608.8;0.003
15609.3;0.054
15609.8;0.075
15610.3;0.044
15610.8;0.05
15611.3;0.042
15611.8;0.044
15612.3;0.028
15612.8;0.066
15613.3;0.043
15613.8;0.026
15614.3;0.036
15614.8;0.011
15615.3;0.022
15615.8;0.012
15616.3;0.04
15616.8;0.051
15617.3;0.004
15617.8;0.022
15618.3;0.068
15618.8;0.062
15619.3;0.029
15619.8;0.017
15620.3;0.047
15620.8;0.036
15621.3;0.017
15621.8;0.03
15622.3;0.014
15622.8;0.043
15623.3;0.054
15623.8;0.007
15624.3;0.026
15624.8;0.056
15625.3;0.046
15625.8;0.027
15626.3;0.033
15626.8;0.042
15627.3;0.027
15627.8;0.01
15628.3;0.017
15628.8;0.025
15629.3;0.025
15629.8;0.016
15630.3;0.053
15630.8;0.036
15631.3;0.056
15631.8;0.025
15632.3;0.011
15632.8;0.03
15633.3;0.053
15633.8;0.042
15634.3;0.025
15634.8;0.034
15635.3;0.025
15635.8;0.023
15636.3;0.021
15636.8;0.039
15637.3;0.022
15637.8;0.047
15638.3;0.024
15638.8;0.037
15639.3;0.05
15639.8;0.057
15640.3;0.043
15640.8;0.051
15641.3;0.022
15641.8;0.023
15642.3;0.025
15642.8;0.032
15643.3;0.062
15643.8;0.006
15644.3;0.013
15644.8;0.013
15645.3;0.016
15645.8;0.023
15646.3;0.024
15646.8;0.026
15647.3;0.03
15647.8;0.063
15648.3;0.029
15648.8;0.022
15649.3;0.023
15649.8;0.009
15650.3;0.047
15650.8;0.024
15651.3;0.03
15651.8;0.029
15652.3;0.018
15652.8;0.024
15653.3;0.027
15653.8;0.027
15654.3;0.031
15654.8;0.019
15655.3;0.012
15655.8;0.018
15656.3;0.038
15656.8;0.03
15657.3;0.027
15657.8;0.008
15658.3;0.051
15658.8;0.037
15659.3;0.018
15659.8;0.058
15660.3;0.009
15660.8;0.014
15661.3;0.026
15661.8;0.008
15662.3;0.061
15662.8;0.04
15663.3;0.022
15663.8;0.04
15664.3;0.019
15664.8;0.048
15665.3;0.036
15665.8;0.036
15666.3;0.018
15666.8;0.029
15667.3;0.054
15667.8;0.012
15668.3;0.047
15668.8;0.025
15669.3;0.015
15669.8;0.012
15670.3;0.043
15670.8;0.028
15671.3;0.041
15671.8;0.024
15672.3;0.001
15672.8;0.029
15673.3;0.056
15673.8;0.052
15674.3;0.037
15674.8;0.031
15675.3;0.055
15675.8;0.064
15676.3;0.012
15676.8;0.01
15677.3;0.025
15677.8;0.037
15678.3;0.02
15678.8;0.042
15679.3;0.039
15679.8;0.03
15680.3;0.023
15680.8;0.017
15681.3;0.019
15681.8;0.022
15682.3;0.034
15682.8;0.012
15683.3;0.022
15683.8;0.028
15684.3;0.045
15684.8;0.017
15685.3;0.022
15685.8;0.033
15686.3;0.04
15686.8;0.028
15687.3;0.032
15687.8;0.014
15688.3;0.05
15688.8;0.003
15689.3;0.014
15689.8;0.028
15690.3;0.032
15690.8;0.038
15691.3;0.051
15691.8;0.025
15692.3;0.038
15692.8;0.064
15693.3;0.021
15693.8;0.022
15694.3;0.051
15694.8;0.02
15695.3;0.057
15695.8;0.049
15696.3;0.033
15696.8;0.055
15697.3;0.082
15697.8;0.051
15698.3;0.034
15698.8;0.072
15699.3;0.033
15699.8;0.067
15700.3;0.066
15700.8;0.014
15701.3;0.059
15701.8;0.081
15702.3;0.014
15702.8;0.017
15703.3;0.064
15703.8;0.033
15704.3;0.018
15704.8;0.025
15705.3;0.034
15705.8;0.023
15706.3;0.04
15706.8;0.022
15707.3;0.024
15707.8;0.034
15708.3;0.017
15708.8;0.017
15709.3;0.035
15709.8;0.023
15710.3;0.039
15710.8;0.016
15711.3;0.02
15711.8;0.035
15712.3;0.034
15712.8;0.025
15713.3;0.037
15713.8;0.047
15714.3;0.016
15714.8;0.022
15715.3;0.004
15715.8;0.019
15716.3;0.028
15716.8;0.029
15717.3;0.008
15717.8;0.008
15718.3;0.018
15718.8;0.015
15719.3;0.02
15719.8;0.039
15720.3;0.032
15720.8;0.01
15721.3;0.032
15721.8;0.01
15722.3;0.008
15722.8;0.048
15723.3;0.032
15723.8;0.007
15724.3;0.028
15724.8;0.035
15725.3;0.035
15725.8;0.049
15726.3;0.026
15726.8;0.028
15727.3;0.033
15727.8;0.042
15728.3;0.033
15728.8;0.032
15729.3;0.063
15729.8;0.036
15730.3;0.008
15730.8;0.059
15731.3;0.014
15731.8;0.041
15732.3;0.014
15732.8;0.039
15733.3;0.034
15733.8;0.015
15734.3;0.019
15734.8;0.038
15735.3;0.026
15735.8;0.04
15736.3;0.055
15736.8;0.021
15737.3;0.033
15737.8;0.07
15738.3;0.014
15738.8;0.024
15739.3;0.048
15739.8;0.021
15740.3;0.022
15740.8;0.003
15741.3;0.021
15741.8;0.034
15742.3;0.028
15742.8;0.032
15743.3;0.036
15743.8;0.01
15744.3;0.03
15744.8;0.015
15745.3;0.051
15745.8;0.016
15746.3;0.011
15746.8;0.027
15747.3;0.041
15747.8;0.019
15748.3;0.021
15748.8;0.05
15749.3;0.03
15749.8;0.018
15750.3;0.032
15750.8;0.041
15751.3;0.006
15751.8;0.039
15752.3;0.042
15752.8;0.044
15753.3;0.039
15753.8;0.013
15754.3;0.039
15754.8;0.032
15755.3;0.036
15755.8;0.017
15756.3;0.043
15756.8;0.015
15757.3;0.038
15757.8;0.01
15758.3;0.024
15758.8;0.062
15759.3;0.02
15759.8;0.009
15760.3;0.044
15760.8;0.015
15761.3;0.015
15761.8;0.029
15762.3;0.027
15762.8;0.043
15763.3;0.017
15763.8;0.042
15764.3;0.03
15764.8;0.032
15765.3;0.038
15765.8;0.015
15766.3;0.016
15766.8;0.062
15767.3;0.023
15767.8;0.03
15768.3;0.012
15768.8;0.041
15769.3;0.033
15769.8;0.039
15770.3;0.035
15770.8;0.037
15771.3;0.022
15771.8;0.04
15772.3;0.031
15772.8;0.027
15773.3;0.006
15773.8;0.023
15774.3;0.018
15774.8;0.016
15775.3;0.015
15775.8;0.029
15776.3;0.021
15776.8;0.014
15777.3;0.027
15777.8;0.022
15778.3;0.038
15778.8;0.025
15779.3;0.022
15779.8;0.041
15780.3;0.039
15780.8;0.063
15781.3;0.013
15781.8;0.054
15782.3;0.035
15782.8;0.032
15783.3;0.036
15783.8;0.052
15784.3;0.017
15784.8;0.026
15785.3;0.015
15785.8;0.044
15786.3;0.054
15786.8;0.029
15787.3;0.028
15787.8;0.05
15788.3;0.025
15788.8;0.028
15789.3;0.031
15789.8;0.03
15790.3;0.022
15790.8;0.039
15791.3;0.024
15791.8;0.036
15792.3;0.031
15792.8;0.035
15793.3;0.005
15793.8;0.035
15794.3;0.041
15794.8;0.026
15795.3;0.024
15795.8;0.043
15796.3;0.025
15796.8;0.039
15797.3;0.051
15797.8;0.035
15798.3;0.029
15798.8;0.005
15799.3;0.052
15799.8;0.012
15800.3;0.016
15800.8;0.011
15801.3;0.039
15801.8;0.042
15802.3;0.053
15802.8;0.049
15803.3;0.051
15803.8;0.023
15804.3;0.011
15804.8;0.052
15805.3;0.051
15805.8;0.03
15806.3;0.015
15806.8;0.023
15807.3;0.021
15807.8;0.046
15808.3;0.037
15808.8;0.045
15809.3;0.031
15809.8;0.021
15810.3;0.025
15810.8;0.018
15811.3;0.031
15811.8;0.029
15812.3;0.039
15812.8;0.028
15813.3;0.031
15813.8;0.032
15814.3;0.044
15814.8;0.02
15815.3;0.018
15815.8;0.03
15816.3;0.037
15816.8;0.047
15817.3;0.051
15817.8;0.038
15818.3;0.018
15818.8;0.042
15819.3;0.048
15819.8;0.053
15820.3;0.025
15820.8;0.005
15821.3;0.022
15821.8;0.029
15822.3;0.042
15822.8;0.029
15823.3;0.018
15823.8;0.055
15824.3;0.042
15824.8;0.016
15825.3;0.044
15825.8;0.023
15826.3;0.003
15826.8;0.035
15827.3;0.041
15827.8;0.025
15828.3;0.067
15828.8;0.073
15829.3;0.05
15829.8;0.026
15830.3;0.044
15830.8;0.043
15831.3;0.022
15831.8;0.031
15832.3;0.027
15832.8;0.064
15833.3;0.055
15833.8;0.035
15834.3;0.037
15834.8;0.05
15835.3;0.015
15835.8;0.005
15836.3;0.029
15836.8;0.025
15837.3;0.043
15837.8;0.008
15838.3;0.027
15838.8;0.046
15839.3;0.033
15839.8;0.035
15840.3;0.021
15840.8;0.043
15841.3;0.068
15841.8;0.079
15842.3;0.049
15842.8;0.047
15843.3;0.063
15843.8;0.052
15844.3;0.069
15844.8;0.053
15845.3;0.071
15845.8;0.004
15846.3;0.069
15846.8;0.076
15847.3;0.034
15847.8;0.028
15848.3;0.035
15848.8;0.04
15849.3;0.01
15849.8;0.047
15850.3;0.022
15850.8;0.026
15851.3;0.021
15851.8;0.024
15852.3;0.033
15852.8;0.057
15853.3;0.017
15853.8;0.026
15854.3;0.036
15854.8;0.026
15855.3;0.021
15855.8;0.029
15856.3;0.042
15856.8;0.048
15857.3;0.035
15857.8;0.05
15858.3;0.033
15858.8;0.021
15859.3;0.02
15859.8;0.049
15860.3;0.028
15860.8;0.077
15861.3;0.052
15861.8;0.032
15862.3;0.017
15862.8;0.044
15863.3;0.015
15863.8;0.023
15864.3;0.018
15864.8;0.045
15865.3;0.018
15865.8;0.056
15866.3;0.058
15866.8;0.028
15867.3;0.03
15867.8;0.006
15868.3;0.016
15868.8;0.051
15869.3;0.067
15869.8;0.026
15870.3;0.036
15870.8;0.031
15871.3;0.028
15871.8;0.02
15872.3;0.026
15872.8;0.011
15873.3;0.022
15873.8;0.024
15874.3;0.02
15874.8;0.022
15875.3;0.051
15875.8;0.023
15876.3;0.011
15876.8;0.019
15877.3;0.047
15877.8;0.018
15878.3;0.015
15878.8;0.022
15879.3;0.054
15879.8;0.062
15880.3;0.039
15880.8;0.051
15881.3;0.05
15881.8;0.06
15882.3;0.047
15882.8;0.023
15883.3;0.044
15883.8;0.053
15884.3;0.051
15884.8;0.038
15885.3;0.022
15885.8;0.024
15886.3;0.013
15886.8;0.026
15887.3;0.034
15887.8;0.037
15888.3;0.039
15888.8;0.031
15889.3;0.011
15889.8;0.022
15890.3;0.024
15890.8;0.039
15891.3;0.019
15891.8;0.02
15892.3;0.018
15892.8;0.024
15893.3;0.044
15893.8;0.008
15894.3;0.021
15894.8;0.037
15895.3;0.041
15895.8;0.021
15896.3;0.024
15896.8;0.006
15897.3;0.026
15897.8;0.009
15898.3;0.055
15898.8;0.019
15899.3;0.014
15899.8;0.017
15900.3;0.03
15900.8;0.034
15901.3;0.035
15901.8;0.018
15902.3;0.037
15902.8;0.045
15903.3;0.037
15903.8;0.036
15904.3;0.052
15904.8;0.035
15905.3;0.036
15905.8;0.014
15906.3;0.012
15906.8;0.031
15907.3;0.027
15907.8;0.036
15908.3;0.035
15908.8;0.035
15909.3;0.002
15909.8;0.012
15910.3;0.039
15910.8;0.036
15911.3;0.021
15911.8;0.056
15912.3;0.028
15912.8;0.042
15913.3;0.056
15913.8;0.026
15914.3;0.017
15914.8;0.042
15915.3;0.075
15915.8;0.062
15916.3;0.049
15916.8;0.06
15917.3;0.043
15917.8;0.051
15918.3;0.032
15918.8;0.041
15919.3;0.043
15919.8;0.022
15920.3;0.032
15920.8;0.017
15921.3;0.043
15921.8;0.032
15922.3;0.034
15922.8;0.021
15923.3;0.022
15923.8;0.03
15924.3;0.045
15924.8;0.016
15925.3;0.029
15925.8;0.025
15926.3;0.042
15926.8;0.024
15927.3;0.026
15927.8;0.022
15928.3;0.062
15928.8;0.011
15929.3;0.018
15929.8;0.062
15930.3;0.04
15930.8;0.04
15931.3;0.031
15931.8;0.005
15932.3;0.045
15932.8;0.045
15933.3;0.045
15933.8;0.067
15934.3;0.042
15934.8;0.032
15935.3;0.05
15935.8;0.023
15936.3;0.04
15936.8;0.04
15937.3;0.046
15937.8;0.024
15938.3;0.051
15938.8;0.012
15939.3;0.015
15939.8;0.046
15940.3;0.01
15940.8;0.049
15941.3;0.051
15941.8;0.057
15942.3;0.021
15942.8;0.042
15943.3;0.051
15943.8;0.025
15944.3;0.076
15944.8;0.039
15945.3;0.055
15945.8;0.054
15946.3;0.052
15946.8;0.034
15947.3;0.056
15947.8;0.062
15948.3;0.024
15948.8;0.05
15949.3;0.023
15949.8;0.035
15950.3;0.031
15950.8;0.046
15951.3;0.049
15951.8;0.007
15952.3;0.039
15952.8;0.041
15953.3;0.068
15953.8;0.016
15954.3;0.036
15954.8;0.032
15955.3;0.017
15955.8;0.034
15956.3;0.041
15956.8;0.021
15957.3;0.064
15957.8;0.029
15958.3;0.016
15958.8;0.041
15959.3;0.042
15959.8;0.019
15960.3;0.045
15960.8;0.013
15961.3;0.01
15961.8;0.034
15962.3;0.019
15962.8;0.018
15963.3;0.03
15963.8;0.032
15964.3;0.033
15964.8;0.032
15965.3;0.014
15965.8;0.048
15966.3;0.022
15966.8;0.031
15967.3;0.004
15967.8;0.024
15968.3;0.032
15968.8;0.016
15969.3;0.003
15969.8;0.024
15970.3;0.013
15970.8;0.005
15971.3;0.031
15971.8;0.046
15972.3;0.011
15972.8;0.017
15973.3;0.056
15973.8;0.021
15974.3;0.045
15974.8;0.035
15975.3;0.028
15975.8;0.037
15976.3;0.033
15976.8;0.035
15977.3;0.026
15977.8;0.009
15978.3;0.034
15978.8;0.023
15979.3;0.015
15979.8;0.02
15980.3;0.008
15980.8;0.014
15981.3;0.009
15981.8;0.034
15982.3;0.027
15982.8;0.021
15983.3;0.012
15983.8;0.017
15984.3;0.032
15984.8;0.027
15985.3;0.041
15985.8;0.02
15986.3;0.039
15986.8;0.053
15987.3;0.044
15987.8;0.014
15988.3;0.031
15988.8;0.02
15989.3;0.033
15989.8;0.031
15990.3;0.042
15990.8;0.024
15991.3;0.003
15991.8;0.026
15992.3;0.031
15992.8;0.004
15993.3;0.01
15993.8;0.039
15994.3;0.041
15994.8;0.021
15995.3;0.025
15995.8;0.04
15996.3;0.025
15996.8;0.029
15997.3;0.008
15997.8;0.049
15998.3;0.021
15998.8;0.006
15999.3;0.018
15999.8;0.02
16000.3;0.016
16000.8;0.012
16001.3;0.022
16001.8;0.013
16002.3;0.017
16002.8;0.044
16003.3;0.01
16003.8;0.025
16004.3;0.026
16004.8;0.026
16005.3;0.024
16005.8;0.016
16006.3;0.025
16006.8;0.026
16007.3;0.013
16007.8;0.004
16008.3;0.022
16008.8;0.015
16009.3;0.007
16009.8;0.011
16010.3;0.029
16010.8;0.016
16011.3;0.018
16011.8;0.016
16012.3;0.014
16012.8;0.005
16013.3;0.015
16013.8;0.027
16014.3;0.026
16014.8;0.012
16015.3;0.012
16015.8;0.018
16016.3;0.018
16016.8;0.014
16017.3;0.009
16017.8;0.004
16018.3;0.016
16018.8;0.025
16019.3;0.011
16019.8;0.015
16020.3;0.009
16020.8;0.017
16021.3;0.017
16021.8;0.014
16022.3;0.02
16022.8;0.014
16023.3;0.016
16023.8;0.017
16024.3;0.019
16024.8;0.017
16025.3;0.013
16025.8;0.016
16026.3;0.019
16026.8;0.013
16027.3;0.018
16027.8;0.009
16028.3;0.011
16028.8;0.009
16029.3;0.01
16029.8;0.008
16030.3;0.007
16030.8;0.007
16031.3;0.006
16031.8;0.011
16032.3;0.009
16032.8;0.01
16033.3;0.009
16033.8;0.007
16034.3;0.009
16034.8;0.013
16035.3;0.008
16035.8;0.007
16036.3;0.012
16036.8;0.012
16037.3;0.008
16037.8;0.009
16038.3;0.008
16038.8;0.01
16039.3;0.008
16039.8;0.009
16040.3;0.01
16040.8;0.009
16041.3;0.009
16041.8;0.008
16042.3;0.007
16042.8;0.01
16043.3;0.007
16043.8;0.007
16044.3;0.007
16044.8;0.011
16045.3;0.008
16045.8;0.009
16046.3;0.011
16046.8;0.008
16047.3;0.01
16047.8;0.012
16048.3;0.011
16048.8;0.007
16049.3;0.01
16049.8;0.014
16050.3;0.01
16050.8;0.007
16051.3;0.011
16051.8;0.014
16052.3;0.008
16052.8;0.009
16053.3;0.012
16053.8;0.009
16054.3;0.004
16054.8;0.012
16055.3;0.011
16055.8;0.005
16056.3;0.008
16056.8;0.014
16057.3;0.011
16057.8;0.002
16058.3;0.011
16058.8;0.013
16059.3;0.008
16059.8;0.005
16060.3;0.016
16060.8;0.015
16061.3;0.001
16061.8;0.014
16062.3;0.018
16062.8;0.009
16063.3;0.005
16063.8;0.017
16064.3;0.017
16064.8;0.002
16065.3;0.017
16065.8;0.022
16066.3;0.011
16066.8;0.01
16067.3;0.022
16067.8;0.019
16068.3;0.001
16068.8;0.015
16069.3;0.02
16069.8;0.009
16070.3;0.008
16070.8;0.021
16071.3;0.018
16071.8;0.004
16072.3;0.021
16072.8;0.024
16073.3;0.012
16073.8;0.011
16074.3;0.025
16074.8;0.02
16075.3;0.008
16075.8;0.018
16076.3;0.024
16076.8;0.012
16077.3;0.014
16077.8;0.025
16078.3;0.02
16078.8;0.01
16079.3;0.021
16079.8;0.025
16080.3;0.015
16080.8;0.014
16081.3;0.027
16081.8;0.024
16082.3;0.011
16082.8;0.022
16083.3;0.027
16083.8;0.016
16084.3;0.016
16084.8;0.028
16085.3;0.025
16085.8;0.012
16086.3;0.025
16086.8;0.029
16087.3;0.019
16087.8;0.017
16088.3;0.029
16088.8;0.026
16089.3;0.013
16089.8;0.023
16090.3;0.031
16090.8;0.02
16091.3;0.018
16091.8;0.029
16092.3;0.027
16092.8;0.016
16093.3;0.026
16093.8;0.032
16094.3;0.022
16094.8;0.02
16095.3;0.032
16095.8;0.029
16096.3;0.015
16096.8;0.025
16097.3;0.031
16097.8;0.022
16098.3;0.019
16098.8;0.032
16099.3;0.029
16099.8;0.018
16100.3;0.03
16100.8;0.033
16101.3;0.024
16101.8;0.021
16102.3;0.033
16102.8;0.03
16103.3;0.017
16103.8;0.027
16104.3;0.033
16104.8;0.023
16105.3;0.021
16105.8;0.032
16106.3;0.03
16106.8;0.018
16107.3;0.026
16107.8;0.034
16108.3;0.022
16108.8;0.022
16109.3;0.034
16109.8;0.029
16110.3;0.017
16110.8;0.029
16111.3;0.034
16111.8;0.022
16112.3;0.02
16112.8;0.032
16113.3;0.028
16113.8;0.017
16114.3;0.027
16114.8;0.032
16115.3;0.021
16115.8;0.02
16116.3;0.03
16116.8;0.029
16117.3;0.016
16117.8;0.025
16118.3;0.031
16118.8;0.019
16119.3;0.017
16119.8;0.03
16120.3;0.027
16120.8;0.014
16121.3;0.025
16121.8;0.03
16122.3;0.019
16122.8;0.016
16123.3;0.028
16123.8;0.026
16124.3;0.011
16124.8;0.022
16125.3;0.028
16125.8;0.018
16126.3;0.014
16126.8;0.028
16127.3;0.023
16127.8;0.011
16128.3;0.021
16128.8;0.025
16129.3;0.016
16129.8;0.012
16130.3;0.024
16130.8;0.023
16131.3;0.009
16131.8;0.019
16132.3;0.025
16132.8;0.014
16133.3;0.012
16133.8;0.023
16134.3;0.019
16134.8;0.007
16135.3;0.019
16135.8;0.023
16136.3;0.012
16136.8;0.01
16137.3;0.021
16137.8;0.018
16138.3;0.005
16138.8;0.015
16139.3;0.021
16139.8;0.012
16140.3;0.008
16140.8;0.018
16141.3;0.017
16141.8;0.004
16142.3;0.012
16142.8;0.019
16143.3;0.01
16143.8;0.006
16144.3;0.016
16144.8;0.015
16145.3;0.002
16145.8;0.011
16146.3;0.015
16146.8;0.008
16147.3;0.006
16147.8;0.016
16148.3;0.013
16148.8;0.002
16149.3;0.011
16149.8;0.016
16150.3;0.009
16150.8;0.005
16151.3;0.014
16151.8;0.01
16152.3;0.004
16152.8;0.01
16153.3;0.011
16153.8;0.005
16154.3;0.006
16154.8;0.013
16155.3;0.01
16155.8;0.003
16156.3;0.009
16156.8;0.01
16157.3;0.007
16157.8;0.005
16158.3;0.011
16158.8;0.009
16159.3;0.006
16159.8;0.009
16160.3;0.011
16160.8;0.009
16161.3;0.007
16161.8;0.011
16162.3;0.008
16162.8;0.007
16163.3;0.009
16163.8;0.008
16164.3;0.007
16164.8;0.007
16165.3;0.008
16165.8;0.008
16166.3;0.009
16166.8;0.008
16167.3;0.008
16167.8;0.008
16168.3;0.008
16168.8;0.008
16169.3;0.007
16169.8;0.01
16170.3;0.007
16170.8;0.007
16171.3;0.008
16171.8;0.009
16172.3;0.007
16172.8;0.008
16173.3;0.008
16173.8;0.009
16174.3;0.006
16174.8;0.009
16175.3;0.01
16175.8;0.008
16176.3;0.008
16176.8;0.01
16177.3;0.008
16177.8;0.007
16178.3;0.009
16178.8;0.011
16179.3;0.008
16179.8;0.007
16180.3;0.01
16180.8;0.009
16181.3;0.007
16181.8;0.011
16182.3;0.011
16182.8;0.008
16183.3;0.009
16183.8;0.009
16184.3;0.009
16184.8;0.008
16185.3;0.01
16185.8;0.01
16186.3;0.007
16186.8;0.009
16187.3;0.012
16187.8;0.007
16188.3;0.008
16188.8;0.009
16189.3;0.009
16189.8;0.005
16190.3;0.006
16190.8;0.009
16191.3;0.007
16191.8;0.005
16192.3;0.008
16192.8;0.007
16193.3;0.005
16193.8;0.006
16194.3;0.007
16194.8;0.006
16195.3;0.005
16195.8;0.007
16196.3;0.008
16196.8;0.005
16197.3;0.006
16197.8;0.008
16198.3;0.007
16198.8;0.008
16199.3;0.008
16199.8;0.009
16200.3;0.008
16200.8;0.007
16201.3;0.009
16201.8;0.007
16202.3;0.008
16202.8;0.009
16203.3;0.01
16203.8;0.007
16204.3;0.01
16204.8;0.009
16205.3;0.009
16205.8;0.008
16206.3;0.01
16206.8;0.009
16207.3;0.009
16207.8;0.006
16208.3;0.008
16208.8;0.008
16209.3;0.008
16209.8;0.005
16210.3;0.006
16210.8;0.008
16211.3;0.008
16211.8;0.008
16212.3;0.008
16212.8;0.008
16213.3;0.009
16213.8;0.008
16214.3;0.008
16214.8;0.008
16215.3;0.009
16215.8;0.009
16216.3;0.01
16216.8;0.009
16217.3;0.008
16217.8;0.01
16218.3;0.011
16218.8;0.011
16219.3;0.01
16219.8;0.012
16220.3;0.012
16220.8;0.012
16221.3;0.012
16221.8;0.011
16222.3;0.01
16222.8;0.012
16223.3;0.013
16223.8;0.011
16224.3;0.011
16224.8;0.012
16225.3;0.01
16225.8;0.01
16226.3;0.012
16226.8;0.012
16227.3;0.009
16227.8;0.011
16228.3;0.011
16228.8;0.009
16229.3;0.008
16229.8;0.009
16230.3;0.007
16230.8;0.006
16231.3;0.007
16231.8;0.006
16232.3;0.003
16232.8;0.002
16233.3;0.003
16233.8;0.002
16234.3;0.001
16234.8;0.0
16235.3;0.0
16235.8;0.003
16236.3;0.003
16236.8;0.005
16237.3;0.005
16237.8;0.007
16238.3;0.009
16238.8;0.009
16239.3;0.01
16239.8;0.012
16240.3;0.012
16240.8;0.012
16241.3;0.014
16241.8;0.015
16242.3;0.015
16242.8;0.016
16243.3;0.016
16243.8;0.018
16244.3;0.02
16244.8;0.019
16245.3;0.019
16245.8;0.019
16246.3;0.021
16246.8;0.021
16247.3;0.022
16247.8;0.021
16248.3;0.021
16248.8;0.022
16249.3;0.022
16249.8;0.021
16250.3;0.022
16250.8;0.022
16251.3;0.021
16251.8;0.02
16252.3;0.021
16252.8;0.02
16253.3;0.02
16253.8;0.018
16254.3;0.017
16254.8;0.018
16255.3;0.017
16255.8;0.016
16256.3;0.017
16256.8;0.014
16257.3;0.014
16257.8;0.013
16258.3;0.013
16258.8;0.012
16259.3;0.012
16259.8;0.01
16260.3;0.01
16260.8;0.008
16261.3;0.01
16261.8;0.01
16262.3;0.009
16262.8;0.008
16263.3;0.011
16263.8;0.012
16264.3;0.012
16264.8;0.012
16265.3;0.013
16265.8;0.013
16266.3;0.015
16266.8;0.017
16267.3;0.017
16267.8;0.017
16268.3;0.02
16268.8;0.019
16269.3;0.019
16269.8;0.022
16270.3;0.022
16270.8;0.021
16271.3;0.023
16271.8;0.025
16272.3;0.023
16272.8;0.023
16273.3;0.024
16273.8;0.024
16274.3;0.027
16274.8;0.026
16275.3;0.023
16275.8;0.024
16276.3;0.024
16276.8;0.025
16277.3;0.025
16277.8;0.024
16278.3;0.023
16278.8;0.021
16279.3;0.023
16279.8;0.021
16280.3;0.022
16280.8;0.02
16281.3;0.018
16281.8;0.018
16282.3;0.017
16282.8;0.017
16283.3;0.015
16283.8;0.015
16284.3;0.013
16284.8;0.012
16285.3;0.014
16285.8;0.011
16286.3;0.01
16286.8;0.008
16287.3;0.008
16287.8;0.008
16288.3;0.008
16288.8;0.005
16289.3;0.008
16289.8;0.008
16290.3;0.007
16290.8;0.009
16291.3;0.01
16291.8;0.009
16292.3;0.011
16292.8;0.012
16293.3;0.012
16293.8;0.015
16294.3;0.015
16294.8;0.014
16295.3;0.016
16295.8;0.017
16296.3;0.016
16296.8;0.018
16297.3;0.018
16297.8;0.018
16298.3;0.019
16298.8;0.021
16299.3;0.02
16299.8;0.019
16300.3;0.021
16300.8;0.018
16301.3;0.02
16301.8;0.02
16302.3;0.021
16302.8;0.019
16303.3;0.019
16303.8;0.018
16304.3;0.018
16304.8;0.021
16305.3;0.02
16305.8;0.016
16306.3;0.018
16306.8;0.017
16307.3;0.015
16307.8;0.018
16308.3;0.015
16308.8;0.014
16309.3;0.013
16309.8;0.013
16310.3;0.013
16310.8;0.012
16311.3;0.011
16311.8;0.006
16312.3;0.009
16312.8;0.008
16313.3;0.008
16313.8;0.007
16314.3;0.004
16314.8;0.004
16315.3;0.008
16315.8;0.006
16316.3;0.002
16316.8;0.003
16317.3;0.004
16317.8;0.007
16318.3;0.01
16318.8;0.007
16319.3;0.008
16319.8;0.013
16320.3;0.013
16320.8;0.012
16321.3;0.013
16321.8;0.012
16322.3;0.013
16322.8;0.017
16323.3;0.017
16323.8;0.016
16324.3;0.017
16324.8;0.016
16325.3;0.017
16325.8;0.022
16326.3;0.02
16326.8;0.019
16327.3;0.02
16327.8;0.02
16328.3;0.021
16328.8;0.023
16329.3;0.021
16329.8;0.019
16330.3;0.021
16330.8;0.021
16331.3;0.02
16331.8;0.021
16332.3;0.022
16332.8;0.018
16333.3;0.019
16333.8;0.021
16334.3;0.017
16334.8;0.018
16335.3;0.019
16335.8;0.016
16336.3;0.017
16336.8;0.015
16337.3;0.014
16337.8;0.015
16338.3;0.015
16338.8;0.01
16339.3;0.012
16339.8;0.01
16340.3;0.012
16340.8;0.013
16341.3;0.01
16341.8;0.005
16342.3;0.009
16342.8;0.011
16343.3;0.011
16343.8;0.01
16344.3;0.007
16344.8;0.008
16345.3;0.015
16345.8;0.014
16346.3;0.011
16346.8;0.011
16347.3;0.013
16347.8;0.017
16348.3;0.021
16348.8;0.019
16349.3;0.013
16349.8;0.016
16350.3;0.024
16350.8;0.026
16351.3;0.025
16351.8;0.019
16352.3;0.014
16352.8;0.024
16353.3;0.032
16353.8;0.031
16354.3;0.024
16354.8;0.016
16355.3;0.021
16355.8;0.032
16356.3;0.035
16356.8;0.028
16357.3;0.017
16357.8;0.018
16358.3;0.027
16358.8;0.035
16359.3;0.034
16359.8;0.021
16360.3;0.011
16360.8;0.023
16361.3;0.03
16361.8;0.033
16362.3;0.025
16362.8;0.009
16363.3;0.013
16363.8;0.027
16364.3;0.03
16364.8;0.023
16365.3;0.012
16365.8;0.004
16366.3;0.021
16366.8;0.029
16367.3;0.026
16367.8;0.013
16368.3;0.007
16368.8;0.016
16369.3;0.025
16369.8;0.024
16370.3;0.016
16370.8;0.012
16371.3;0.021
16371.8;0.027
16372.3;0.022
16372.8;0.012
16373.3;0.012
16373.8;0.025
16374.3;0.033
16374.8;0.03
16375.3;0.017
16375.8;0.005
16376.3;0.021
16376.8;0.035
16377.3;0.037
16377.8;0.025
16378.3;0.006
16378.8;0.018
16379.3;0.033
16379.8;0.04
16380.3;0.033
16380.8;0.018
16381.3;0.01
16381.8;0.03
16382.3;0.04
16382.8;0.039
16383.3;0.026
16383.8;0.006
16384.3;0.022
16384.8;0.039
16385.3;0.042
16385.8;0.034
16386.3;0.015
16386.8;0.012
16387.3;0.027
16387.8;0.037
16388.3;0.036
16388.8;0.026
16389.3;0.013
16389.8;0.02
16390.3;0.031
16390.8;0.035
16391.3;0.031
16391.8;0.022
16392.3;0.021
16392.8;0.024
16393.3;0.03
16393.8;0.03
16394.3;0.026
16394.8;0.024
16395.3;0.023
16395.8;0.026
16396.3;0.026
16396.8;0.029
16397.3;0.03
16397.8;0.026
16398.3;0.02
16398.8;0.019
16399.3;0.023
16399.8;0.031
16400.3;0.033
16400.8;0.029
16401.3;0.018
16401.8;0.018
16402.3;0.025
16402.8;0.033
16403.3;0.033
16403.8;0.025
16404.3;0.015
16404.8;0.02
16405.3;0.028
16405.8;0.033
16406.3;0.03
16406.8;0.02
16407.3;0.017
16407.8;0.024
16408.3;0.03
16408.8;0.031
16409.3;0.025
16409.8;0.018
16410.3;0.018
16410.8;0.027
16411.3;0.03
16411.8;0.028
16412.3;0.023
16412.8;0.015
16413.3;0.017
16413.8;0.024
16414.3;0.028
16414.8;0.027
16415.3;0.02
16415.8;0.014
16416.3;0.014
16416.8;0.021
16417.3;0.028
16417.8;0.029
16418.3;0.021
16418.8;0.01
16419.3;0.012
16419.8;0.021
16420.3;0.03
16420.8;0.027
16421.3;0.017
16421.8;0.008
16422.3;0.015
16422.8;0.021
16423.3;0.026
16423.8;0.024
16424.3;0.014
16424.8;0.011
16425.3;0.018
16425.8;0.021
16426.3;0.02
16426.8;0.017
16427.3;0.009
16427.8;0.012
16428.3;0.021
16428.8;0.02
16429.3;0.015
16429.8;0.009
16430.3;0.008
16430.8;0.011
16431.3;0.017
16431.8;0.019
16432.3;0.015
16432.8;0.009
16433.3;0.006
16433.8;0.005
16434.3;0.009
16434.8;0.016
16435.3;0.02
16435.8;0.015
16436.3;0.003
16436.8;0.005
16437.3;0.004
16437.8;0.014
16438.3;0.024
16438.8;0.018
16439.3;0.002
16439.8;0.012
16440.3;0.015
16440.8;0.015
16441.3;0.023
16441.8;0.021
16442.3;0.002
16442.8;0.018
16443.3;0.024
16443.8;0.015
16444.3;0.019
16444.8;0.021
16445.3;0.007
16445.8;0.02
16446.3;0.03
16446.8;0.018
16447.3;0.011
16447.8;0.022
16448.3;0.011
16448.8;0.017
16449.3;0.029
16449.8;0.017
16450.3;0.007
16450.8;0.024
16451.3;0.015
16451.8;0.009
16452.3;0.024
16452.8;0.017
16453.3;0.005
16453.8;0.021
16454.3;0.016
16454.8;0.005
16455.3;0.019
16455.8;0.014
16456.3;0.012
16456.8;0.02
16457.3;0.011
16457.8;0.012
16458.3;0.023
16458.8;0.012
16459.3;0.014
16459.8;0.024
16460.3;0.012
16460.8;0.016
16461.3;0.029
16461.8;0.012
16462.3;0.017
16462.8;0.032
16463.3;0.017
16463.8;0.015
16464.3;0.033
16464.8;0.02
16465.3;0.016
16465.8;0.037
16466.3;0.026
16466.8;0.011
16467.3;0.039
16467.8;0.028
16468.3;0.012
16468.8;0.041
16469.3;0.033
16469.8;0.005
16470.3;0.038
16470.8;0.035
16471.3;0.008
16471.8;0.038
16472.3;0.038
16472.8;0.005
16473.3;0.035
16473.8;0.041
16474.3;0.011
16474.8;0.029
16475.3;0.038
16475.8;0.01
16476.3;0.028
16476.8;0.041
16477.3;0.017
16477.8;0.021
16478.3;0.036
16478.8;0.015
16479.3;0.021
16479.8;0.036
16480.3;0.019
16480.8;0.016
16481.3;0.031
16481.8;0.016
16482.3;0.015
16482.8;0.03
16483.3;0.016
16483.8;0.018
16484.3;0.029
16484.8;0.015
16485.3;0.015
16485.8;0.027
16486.3;0.013
16486.8;0.021
16487.3;0.029
16487.8;0.014
16488.3;0.019
16488.8;0.031
16489.3;0.012
16489.8;0.02
16490.3;0.032
16490.8;0.015
16491.3;0.018
16491.8;0.035
16492.3;0.019
16492.8;0.015
16493.3;0.035
16493.8;0.022
16494.3;0.014
16494.8;0.037
16495.3;0.026
16495.8;0.01
16496.3;0.036
16496.8;0.028
16497.3;0.009
16497.8;0.034
16498.3;0.031
16498.8;0.007
16499.3;0.031
16499.8;0.032
16500.3;0.008
16500.8;0.03
16501.3;0.032
16501.8;0.009
16502.3;0.026
16502.8;0.031
16503.3;0.012
16503.8;0.021
16504.3;0.029
16504.8;0.013
16505.3;0.018
16505.8;0.026
16506.3;0.011
16506.8;0.013
16507.3;0.025
16507.8;0.012
16508.3;0.009
16508.8;0.02
16509.3;0.009
16509.8;0.008
16510.3;0.016
16510.8;0.009
16511.3;0.006
16511.8;0.013
16512.3;0.005
16512.8;0.005
16513.3;0.01
16513.8;0.002
16514.3;0.008
16514.8;0.01
16515.3;0.004
16515.8;0.009
16516.3;0.01
16516.8;0.008
16517.3;0.013
16517.8;0.012
16518.3;0.01
16518.8;0.014
16519.3;0.014
16519.8;0.014
16520.3;0.017
16520.8;0.015
16521.3;0.014
16521.8;0.019
16522.3;0.016
16522.8;0.017
16523.3;0.021
16523.8;0.017
16524.3;0.016
16524.8;0.023
16525.3;0.018
16525.8;0.017
16526.3;0.025
16526.8;0.018
16527.3;0.016
16527.8;0.025
16528.3;0.02
16528.8;0.014
16529.3;0.024
16529.8;0.018
16530.3;0.012
16530.8;0.024
16531.3;0.019
16531.8;0.009
16532.3;0.021
16532.8;0.018
16533.3;0.006
16533.8;0.021
16534.3;0.019
16534.8;0.001
16535.3;0.018
16535.8;0.017
16536.3;0.001
16536.8;0.016
16537.3;0.016
16537.8;0.005
16538.3;0.017
16538.8;0.014
16539.3;0.008
16539.8;0.019
16540.3;0.012
16540.8;0.009
16541.3;0.022
16541.8;0.015
16542.3;0.01
16542.8;0.026
16543.3;0.017
16543.8;0.01
16544.3;0.029
16544.8;0.02
16545.3;0.011
16545.8;0.032
16546.3;0.026
16546.8;0.007
16547.3;0.035
16547.8;0.031
16548.3;0.004
16548.8;0.036
16549.3;0.036
16549.8;0.004
16550.3;0.036
16550.8;0.041
16551.3;0.008
16551.8;0.032
16552.3;0.042
16552.8;0.013
16553.3;0.031
16553.8;0.044
16554.3;0.016
16554.8;0.028
16555.3;0.044
16555.8;0.019
16556.3;0.024
16556.8;0.043
16557.3;0.021
16557.8;0.021
16558.3;0.042
16558.8;0.023
16559.3;0.019
16559.8;0.039
16560.3;0.023
16560.8;0.017
16561.3;0.04
16561.8;0.025
16562.3;0.017
16562.8;0.033
16563.3;0.022
16563.8;0.02
16564.3;0.036
16564.8;0.024
16565.3;0.021
16565.8;0.035
16566.3;0.02
16566.8;0.022
16567.3;0.036
16567.8;0.02
16568.3;0.026
16568.8;0.04
16569.3;0.021
16569.8;0.024
16570.3;0.04
16570.8;0.019
16571.3;0.028
16571.8;0.045
16572.3;0.023
16572.8;0.022
16573.3;0.043
16573.8;0.023
16574.3;0.023
16574.8;0.047
16575.3;0.027
16575.8;0.019
16576.3;0.046
16576.8;0.029
16577.3;0.016
16577.8;0.046
16578.3;0.032
16578.8;0.012
16579.3;0.044
16579.8;0.034
16580.3;0.007
16580.8;0.04
16581.3;0.032
16581.8;0.008
16582.3;0.039
16582.8;0.035
16583.3;0.002
16583.8;0.033
16584.3;0.031
16584.8;0.003
16585.3;0.032
16585.8;0.03
16586.3;0.005
16586.8;0.026
16587.3;0.026
16587.8;0.006
16588.3;0.023
16588.8;0.025
16589.3;0.01
16589.8;0.019
16590.3;0.021
16590.8;0.008
16591.3;0.017
16591.8;0.017
16592.3;0.011
16592.8;0.018
16593.3;0.014
16593.8;0.013
16594.3;0.017
16594.8;0.009
16595.3;0.014
16595.8;0.019
16596.3;0.01
16596.8;0.016
16597.3;0.021
16597.8;0.007
16598.3;0.016
16598.8;0.022
16599.3;0.009
16599.8;0.017
16600.3;0.023
16600.8;0.008
16601.3;0.017
16601.8;0.027
16602.3;0.009
16602.8;0.016
16603.3;0.026
16603.8;0.012
16604.3;0.016
16604.8;0.029
16605.3;0.013
16605.8;0.014
16606.3;0.028
16606.8;0.016
16607.3;0.01
16607.8;0.028
16608.3;0.018
16608.8;0.009
16609.3;0.026
16609.8;0.02
16610.3;0.008
16610.8;0.025
16611.3;0.023
16611.8;0.01
16612.3;0.023
16612.8;0.024
16613.3;0.01
16613.8;0.019
16614.3;0.024
16614.8;0.015
16615.3;0.017
16615.8;0.027
16616.3;0.018
16616.8;0.013
16617.3;0.025
16617.8;0.022
16618.3;0.014
16618.8;0.026
16619.3;0.024
16619.8;0.011
16620.3;0.02
16620.8;0.024
16621.3;0.013
16621.8;0.024
16622.3;0.029
16622.8;0.017
16623.3;0.017
16623.8;0.026
16624.3;0.017
16624.8;0.017
16625.3;0.028
16625.8;0.024
16626.3;0.014
16626.8;0.026
16627.3;0.024
16627.8;0.012
16628.3;0.023
16628.8;0.027
16629.3;0.015
16629.8;0.022
16630.3;0.026
16630.8;0.015
16631.3;0.018
16631.8;0.025
16632.3;0.02
16632.8;0.017
16633.3;0.027
16633.8;0.023
16634.3;0.013
16634.8;0.023
16635.3;0.022
16635.8;0.016
16636.3;0.022
16636.8;0.027
16637.3;0.017
16637.8;0.018
16638.3;0.025
16638.8;0.017
16639.3;0.016
16639.8;0.027
16640.3;0.023
16640.8;0.015
16641.3;0.024
16641.8;0.023
16642.3;0.011
16642.8;0.024
16643.3;0.027
16643.8;0.014
16644.3;0.023
16644.8;0.027
16645.3;0.012
16645.8;0.02
16646.3;0.027
16646.8;0.016
16647.3;0.016
16647.8;0.028
16648.3;0.019
16648.8;0.012
16649.3;0.026
16649.8;0.021
16650.3;0.013
16650.8;0.026
16651.3;0.025
16651.8;0.012
16652.3;0.023
16652.8;0.027
16653.3;0.014
16653.8;0.021
16654.3;0.028
16654.8;0.016
16655.3;0.016
16655.8;0.026
16656.3;0.018
16656.8;0.014
16657.3;0.026
16657.8;0.023
16658.3;0.013
16658.8;0.026
16659.3;0.026
16659.8;0.011
16660.3;0.023
16660.8;0.027
16661.3;0.014
16661.8;0.019
16662.3;0.028
16662.8;0.015
16663.3;0.017
16663.8;0.028
16664.3;0.02
16664.8;0.015
16665.3;0.027
16665.8;0.023
16666.3;0.015
16666.8;0.026
16667.3;0.024
16667.8;0.014
16668.3;0.025
16668.8;0.025
16669.3;0.014
16669.8;0.021
16670.3;0.026
16670.8;0.016
16671.3;0.019
16671.8;0.027
16672.3;0.019
16672.8;0.016
16673.3;0.027
16673.8;0.024
16674.3;0.015
16674.8;0.025
16675.3;0.025
16675.8;0.015
16676.3;0.024
16676.8;0.027
16677.3;0.017
16677.8;0.021
16678.3;0.028
16678.8;0.019
16679.3;0.018
16679.8;0.028
16680.3;0.021
16680.8;0.016
16681.3;0.028
16681.8;0.023
16682.3;0.013
16682.8;0.027
16683.3;0.028
16683.8;0.013
16684.3;0.025
16684.8;0.028
16685.3;0.016
16685.8;0.021
16686.3;0.029
16686.8;0.018
16687.3;0.02
16687.8;0.031
16688.3;0.02
16688.8;0.014
16689.3;0.027
16689.8;0.024
16690.3;0.015
16690.8;0.028
16691.3;0.027
16691.8;0.014
16692.3;0.025
16692.8;0.027
16693.3;0.014
16693.8;0.022
16694.3;0.031
16694.8;0.017
16695.3;0.019
16695.8;0.029
16696.3;0.019
16696.8;0.016
16697.3;0.028
16697.8;0.024
16698.3;0.014
16698.8;0.025
16699.3;0.024
16699.8;0.013
16700.3;0.025
16700.8;0.027
16701.3;0.014
16701.8;0.021
16702.3;0.027
16702.8;0.017
16703.3;0.018
16703.8;0.029
16704.3;0.021
16704.8;0.015
16705.3;0.027
16705.8;0.024
16706.3;0.014
16706.8;0.026
16707.3;0.024
16707.8;0.011
16708.3;0.023
16708.8;0.026
16709.3;0.015
16709.8;0.02
16710.3;0.027
16710.8;0.016
16711.3;0.017
16711.8;0.027
16712.3;0.019
16712.8;0.014
16713.3;0.026
16713.8;0.022
16714.3;0.014
16714.8;0.024
16715.3;0.023
16715.8;0.014
16716.3;0.022
16716.8;0.025
16717.3;0.013
16717.8;0.018
16718.3;0.025
16718.8;0.016
16719.3;0.014
16719.8;0.025
16720.3;0.017
16720.8;0.012
16721.3;0.024
16721.8;0.019
16722.3;0.009
16722.8;0.022
16723.3;0.022
16723.8;0.009
16724.3;0.019
16724.8;0.023
16725.3;0.011
16725.8;0.016
16726.3;0.023
16726.8;0.013
16727.3;0.014
16727.8;0.022
16728.3;0.015
16728.8;0.011
16729.3;0.021
16729.8;0.017
16730.3;0.007
16730.8;0.021
16731.3;0.019
16731.8;0.009
16732.3;0.019
16732.8;0.021
16733.3;0.007
16733.8;0.016
16734.3;0.02
16734.8;0.009
16735.3;0.013
16735.8;0.02
16736.3;0.012
16736.8;0.012
16737.3;0.02
16737.8;0.014
16738.3;0.008
16738.8;0.02
16739.3;0.015
16739.8;0.006
16740.3;0.019
16740.8;0.017
16741.3;0.006
16741.8;0.016
16742.3;0.019
16742.8;0.006
16743.3;0.014
16743.8;0.02
16744.3;0.01
16744.8;0.014
16745.3;0.019
16745.8;0.013
16746.3;0.012
16746.8;0.021
16747.3;0.014
16747.8;0.009
16748.3;0.024
16748.8;0.016
16749.3;0.007
16749.8;0.019
16750.3;0.019
16750.8;0.008
16751.3;0.019
16751.8;0.019
16752.3;0.01
16752.8;0.016
16753.3;0.022
16753.8;0.012
16754.3;0.016
16754.8;0.024
16755.3;0.016
16755.8;0.012
16756.3;0.022
16756.8;0.019
16757.3;0.011
16757.8;0.022
16758.3;0.022
16758.8;0.011
16759.3;0.02
16759.8;0.024
16760.3;0.012
16760.8;0.019
16761.3;0.026
16761.8;0.013
16762.3;0.018
16762.8;0.027
16763.3;0.017
16763.8;0.017
16764.3;0.026
16764.8;0.023
16765.3;0.013
16765.8;0.027
16766.3;0.025
16766.8;0.014
16767.3;0.025
16767.8;0.028
16768.3;0.014
16768.8;0.024
16769.3;0.03
16769.8;0.017
16770.3;0.02
16770.8;0.029
16771.3;0.021
16771.8;0.018
16772.3;0.03
16772.8;0.025
16773.3;0.017
16773.8;0.03
16774.3;0.026
16774.8;0.016
16775.3;0.029
16775.8;0.031
16776.3;0.019
16776.8;0.026
16777.3;0.032
16777.8;0.021
16778.3;0.023
16778.8;0.033
16779.3;0.025
16779.8;0.021
16780.3;0.032
16780.8;0.026
16781.3;0.019
16781.8;0.032
16782.3;0.032
16782.8;0.02
16783.3;0.029
16783.8;0.032
16784.3;0.021
16784.8;0.027
16785.3;0.033
16785.8;0.024
16786.3;0.026
16786.8;0.035
16787.3;0.027
16787.8;0.022
16788.3;0.033
16788.8;0.031
16789.3;0.022
16789.8;0.032
16790.3;0.033
16790.8;0.022
16791.3;0.032
16791.8;0.035
16792.3;0.022
16792.8;0.029
16793.3;0.037
16793.8;0.025
16794.3;0.025
16794.8;0.036
16795.3;0.028
16795.8;0.023
16796.3;0.034
16796.8;0.033
16797.3;0.024
16797.8;0.035
16798.3;0.034
16798.8;0.023
16799.3;0.032
16799.8;0.036
16800.4;0.024
16800.9;0.028
16801.4;0.037
16801.9;0.026
16802.4;0.027
16802.9;0.037
16803.4;0.029
16803.9;0.024
16804.4;0.037
16804.9;0.033
16805.4;0.023
16805.9;0.034
16806.4;0.035
16806.9;0.022
16807.4;0.033
16807.9;0.036
16808.4;0.024
16808.9;0.031
16809.4;0.038
16809.9;0.026
16810.4;0.028
16810.9;0.038
16811.4;0.028
16811.9;0.026
16812.4;0.038
16812.9;0.032
16813.4;0.024
16813.9;0.035
16814.4;0.033
16814.9;0.023
16815.4;0.034
16815.9;0.037
16816.4;0.024
16816.9;0.033
16817.4;0.038
16817.9;0.026
16818.4;0.028
16818.9;0.038
16819.4;0.028
16819.9;0.028
16820.4;0.039
16820.9;0.032
16821.4;0.024
16821.9;0.038
16822.4;0.034
16822.9;0.025
16823.4;0.036
16823.9;0.038
16824.4;0.024
16824.9;0.034
16825.4;0.038
16825.9;0.026
16826.4;0.032
16826.9;0.039
16827.4;0.029
16827.9;0.028
16828.4;0.041
16828.9;0.03
16829.4;0.026
16829.9;0.039
16830.4;0.034
16830.9;0.026
16831.4;0.037
16831.9;0.037
16832.4;0.025
16832.9;0.035
16833.4;0.039
16833.9;0.026
16834.4;0.031
16834.9;0.039
16835.4;0.028
16835.9;0.029
16836.4;0.038
16836.9;0.031
16837.4;0.027
16837.9;0.038
16838.4;0.032
16838.9;0.025
16839.4;0.038
16839.9;0.035
16840.4;0.025
16840.9;0.034
16841.4;0.037
16841.9;0.025
16842.4;0.032
16842.9;0.039
16843.4;0.026
16843.9;0.029
16844.4;0.037
16844.9;0.029
16845.4;0.025
16845.9;0.037
16846.4;0.031
16846.9;0.023
16847.4;0.036
16847.9;0.033
16848.4;0.02
16848.9;0.031
16849.4;0.035
16849.9;0.022
16850.4;0.029
16850.9;0.034
16851.4;0.024
16851.9;0.024
16852.4;0.036
16852.9;0.024
16853.4;0.022
16853.9;0.034
16854.4;0.027
16854.9;0.02
16855.4;0.031
16855.9;0.03
16856.4;0.019
16856.9;0.029
16857.4;0.031
16857.9;0.018
16858.4;0.025
16858.9;0.03
16859.4;0.018
16859.9;0.021
16860.4;0.03
16860.9;0.022
16861.4;0.016
16861.9;0.028
16862.4;0.022
16862.9;0.014
16863.4;0.025
16863.9;0.025
16864.4;0.013
16864.9;0.022
16865.4;0.026
16865.9;0.015
16866.4;0.02
16866.9;0.026
16867.4;0.017
16867.9;0.013
16868.4;0.026
16868.9;0.019
16869.4;0.012
16869.9;0.023
16870.4;0.02
16870.9;0.008
16871.4;0.02
16871.9;0.022
16872.4;0.01
16872.9;0.016
16873.4;0.022
16873.9;0.012
16874.4;0.013
16874.9;0.022
16875.4;0.014
16875.9;0.008
16876.4;0.021
16876.9;0.017
16877.4;0.006
16877.9;0.018
16878.4;0.019
16878.9;0.007
16879.4;0.014
16879.9;0.02
16880.4;0.008
16880.9;0.013
16881.4;0.019
16881.9;0.012
16882.4;0.008
16882.9;0.019
16883.4;0.013
16883.9;0.005
16884.4;0.018
16884.9;0.015
16885.4;0.003
16885.9;0.013
16886.4;0.016
16886.9;0.005
16887.4;0.012
16887.9;0.016
16888.4;0.008
16888.9;0.007
16889.4;0.017
16889.9;0.01
16890.4;0.003
16890.9;0.014
16891.4;0.013
16891.9;0.001
16892.4;0.013
16892.9;0.013
16893.4;0.003
16893.9;0.01
16894.4;0.013
16894.9;0.006
16895.4;0.008
16895.9;0.015
16896.4;0.009
16896.9;0.004
16897.4;0.013
16897.9;0.01
16898.4;0.002
16898.9;0.012
16899.4;0.011
16899.9;0.004
16900.4;0.009
16900.9;0.01
16901.4;0.006
16901.9;0.008
16902.4;0.012
16902.9;0.007
16903.4;0.006
16903.9;0.01
16904.4;0.006
16904.9;0.006
16905.4;0.01
16905.9;0.009
16906.4;0.004
16906.9;0.008
16907.4;0.01
16907.9;0.005
16908.4;0.008
16908.9;0.01
16909.4;0.006
16909.9;0.006
16910.4;0.009
16910.9;0.008
16911.4;0.006
16911.9;0.009
16912.4;0.007
16912.9;0.006
16913.4;0.008
16913.9;0.008
16914.4;0.005
16914.9;0.007
16915.4;0.008
16915.9;0.007
16916.4;0.008
16916.9;0.007
16917.4;0.007
16917.9;0.008
16918.4;0.008
16918.9;0.007
16919.4;0.007
16919.9;0.006
16920.4;0.006
16920.9;0.007
16921.4;0.007
16921.9;0.008
16922.4;0.008
16922.9;0.008
16923.4;0.006
16923.9;0.009
16924.4;0.007
16924.9;0.007
16925.4;0.008
16925.9;0.01
16926.4;0.006
16926.9;0.008
16927.4;0.007
16927.9;0.008
16928.4;0.007
16928.9;0.008
16929.4;0.006
16929.9;0.006
16930.4;0.008
16930.9;0.007
16931.4;0.007
16931.9;0.008
16932.4;0.007
16932.9;0.006
16933.4;0.008
16933.9;0.008
16934.4;0.005
16934.9;0.006
16935.4;0.009
16935.9;0.006
16936.4;0.007
16936.9;0.009
16937.4;0.008
16937.9;0.006
16938.4;0.01
16938.9;0.008
16939.4;0.006
16939.9;0.007
16940.4;0.009
16940.9;0.007
16941.4;0.008
16941.9;0.008
16942.4;0.006
16942.9;0.007
16943.4;0.008
16943.9;0.006
16944.4;0.007
16944.9;0.008
16945.4;0.007
16945.9;0.008
16946.4;0.009
16946.9;0.007
16947.4;0.007
16947.9;0.007
16948.4;0.007
16948.9;0.007
16949.4;0.008
16949.9;0.008
16950.4;0.008
16950.9;0.007
16951.4;0.008
16951.9;0.007
16952.4;0.008
16952.9;0.008
16953.4;0.007
16953.9;0.006
16954.4;0.007
16954.9;0.007
16955.4;0.007
16955.9;0.007
16956.4;0.008
16956.9;0.007
16957.4;0.007
16957.9;0.008
16958.4;0.008
16958.9;0.006
16959.4;0.008
16959.9;0.007
16960.4;0.008
16960.9;0.009
16961.4;0.008
16961.9;0.007
16962.4;0.007
16962.9;0.006
16963.4;0.008
16963.9;0.008
16964.4;0.007
16964.9;0.007
16965.4;0.007
16965.9;0.007
16966.4;0.007
16966.9;0.007
16967.4;0.007
16967.9;0.008
16968.4;0.006
16968.9;0.008
16969.4;0.007
16969.9;0.007
16970.4;0.007
16970.9;0.008
16971.4;0.007
16971.9;0.007
16972.4;0.008
16972.9;0.007
16973.4;0.005
16973.9;0.008
16974.4;0.008
16974.9;0.008
16975.4;0.007
16975.9;0.008
16976.4;0.007
16976.9;0.007
16977.4;0.008
16977.9;0.006
16978.4;0.007
16978.9;0.006
16979.4;0.006
16979.9;0.006
16980.4;0.008
16980.9;0.008
16981.4;0.008
16981.9;0.008
16982.4;0.008
16982.9;0.007
16983.4;0.007
16983.9;0.008
16984.4;0.006
16984.9;0.007
16985.4;0.008
16985.9;0.007
16986.4;0.007
16986.9;0.008
16987.4;0.008
16987.9;0.008
16988.4;0.008
16988.9;0.007
16989.4;0.007
16989.9;0.008
16990.4;0.007
16990.9;0.007
16991.4;0.007
16991.9;0.009
16992.4;0.008
16992.9;0.008
16993.4;0.008
16993.9;0.007
16994.4;0.008
16994.9;0.007
16995.4;0.007
16995.9;0.007
16996.4;0.008
16996.9;0.007
16997.4;0.008
16997.9;0.008
16998.4;0.008
16998.9;0.007
16999.4;0.007
16999.9;0.006
17000.4;0.006
17000.9;0.009
17001.4;0.008
17001.9;0.007
17002.4;0.008
17002.9;0.008
17003.4;0.007
17003.9;0.007
17004.4;0.006
17004.9;0.007
17005.4;0.008
17005.9;0.006
17006.4;0.007
17006.9;0.01
17007.4;0.007
17007.9;0.007
17008.4;0.008
17008.9;0.006
17009.4;0.006
17009.9;0.01
17010.4;0.007
17010.9;0.006
17011.4;0.009
17011.9;0.007
17012.4;0.004
17012.9;0.01
17013.4;0.009
17013.9;0.003
17014.4;0.009
17014.9;0.01
17015.4;0.005
17015.9;0.009
17016.4;0.011
17016.9;0.005
17017.4;0.008
17017.9;0.012
17018.4;0.007
17018.9;0.005
17019.4;0.012
17019.9;0.008
17020.4;0.003
17020.9;0.012
17021.4;0.012
17021.9;0.001
17022.4;0.011
17022.9;0.012
17023.4;0.003
17023.9;0.01
17024.4;0.014
17024.9;0.006
17025.4;0.008
17025.9;0.014
17026.4;0.008
17026.9;0.008
17027.4;0.015
17027.9;0.009
17028.4;0.005
17028.9;0.015
17029.4;0.012
17029.9;0.004
17030.4;0.016
17030.9;0.014
17031.4;0.003
17031.9;0.014
17032.4;0.017
17032.9;0.006
17033.4;0.012
17033.9;0.018
17034.4;0.008
17034.9;0.011
17035.4;0.019
17035.9;0.011
17036.4;0.008
17036.9;0.02
17037.4;0.012
17037.9;0.009
17038.4;0.019
17038.9;0.017
17039.4;0.006
17039.9;0.017
17040.4;0.018
17040.9;0.006
17041.4;0.017
17041.9;0.02
17042.4;0.009
17042.9;0.016
17043.4;0.022
17043.9;0.012
17044.4;0.013
17044.9;0.022
17045.4;0.015
17045.9;0.011
17046.4;0.022
17046.9;0.018
17047.4;0.01
17047.9;0.021
17048.4;0.021
17048.9;0.009
17049.4;0.021
17049.9;0.023
17050.4;0.011
17050.9;0.019
17051.4;0.024
17051.9;0.014
17052.4;0.017
17052.9;0.025
17053.4;0.016
17053.9;0.015
17054.4;0.025
17054.9;0.019
17055.4;0.013
17055.9;0.025
17056.4;0.022
17056.9;0.012
17057.4;0.025
17057.9;0.025
17058.4;0.013
17058.9;0.023
17059.4;0.028
17059.9;0.014
17060.4;0.021
17060.9;0.027
17061.4;0.017
17061.9;0.019
17062.4;0.028
17062.9;0.021
17063.4;0.017
17063.9;0.027
17064.4;0.024
17064.9;0.015
17065.4;0.026
17065.9;0.024
17066.4;0.014
17066.9;0.024
17067.4;0.027
17067.9;0.014
17068.4;0.022
17068.9;0.03
17069.4;0.017
17069.9;0.022
17070.4;0.029
17070.9;0.019
17071.4;0.018
17071.9;0.028
17072.4;0.022
17072.9;0.018
17073.4;0.028
17073.9;0.024
17074.4;0.015
17074.9;0.025
17075.4;0.027
17075.9;0.015
17076.4;0.023
17076.9;0.029
17077.4;0.017
17077.9;0.02
17078.4;0.028
17078.9;0.019
17079.4;0.018
17079.9;0.029
17080.4;0.022
17080.9;0.016
17081.4;0.028
17081.9;0.024
17082.4;0.015
17082.9;0.027
17083.4;0.026
17083.9;0.014
17084.4;0.023
17084.9;0.027
17085.4;0.016
17085.9;0.021
17086.4;0.029
17086.9;0.018
17087.4;0.019
17087.9;0.028
17088.4;0.02
17088.9;0.015
17089.4;0.026
17089.9;0.023
17090.4;0.014
17090.9;0.026
17091.4;0.025
17091.9;0.013
17092.4;0.023
17092.9;0.027
17093.4;0.015
17093.9;0.021
17094.4;0.028
17094.9;0.018
17095.4;0.017
17095.9;0.028
17096.4;0.02
17096.9;0.015
17097.4;0.028
17097.9;0.023
17098.4;0.013
17098.9;0.026
17099.4;0.026
17099.9;0.013
17100.4;0.022
17100.9;0.026
17101.4;0.015
17101.9;0.02
17102.4;0.027
17102.9;0.018
17103.4;0.016
17103.9;0.028
17104.4;0.02
17104.9;0.015
17105.4;0.027
17105.9;0.024
17106.4;0.013
17106.9;0.026
17107.4;0.025
17107.9;0.013
17108.4;0.024
17108.9;0.028
17109.4;0.017
17109.9;0.021
17110.4;0.028
17110.9;0.019
17111.4;0.017
17111.9;0.028
17112.4;0.022
17112.9;0.016
17113.4;0.027
17113.9;0.024
17114.4;0.014
17114.9;0.028
17115.4;0.027
17115.9;0.014
17116.4;0.024
17116.9;0.027
17117.4;0.016
17117.9;0.02
17118.4;0.029
17118.9;0.019
17119.4;0.019
17119.9;0.03
17120.4;0.022
17120.9;0.016
17121.4;0.028
17121.9;0.023
17122.4;0.014
17122.9;0.027
17123.4;0.026
17123.9;0.015
17124.4;0.024
17124.9;0.029
17125.4;0.016
17125.9;0.019
17126.4;0.029
17126.9;0.017
17127.4;0.018
17127.9;0.028
17128.4;0.022
17128.9;0.015
17129.4;0.027
17129.9;0.024
17130.4;0.015
17130.9;0.028
17131.4;0.027
17131.9;0.016
17132.4;0.025
17132.9;0.029
17133.4;0.016
17133.9;0.021
17134.4;0.03
17134.9;0.018
17135.4;0.018
17135.9;0.029
17136.4;0.022
17136.9;0.016
17137.4;0.026
17137.9;0.024
17138.4;0.015
17138.9;0.025
17139.4;0.027
17139.9;0.015
17140.4;0.024
17140.9;0.026
17141.4;0.015
17141.9;0.02
17142.4;0.028
17142.9;0.018
17143.4;0.018
17143.9;0.028
17144.4;0.021
17144.9;0.015
17145.4;0.028
17145.9;0.023
17146.4;0.014
17146.9;0.025
17147.4;0.024
17147.9;0.015
17148.4;0.022
17148.9;0.027
17149.4;0.015
17149.9;0.019
17150.4;0.029
17150.9;0.016
17151.4;0.017
17151.9;0.027
17152.4;0.02
17152.9;0.016
17153.4;0.027
17153.9;0.022
17154.4;0.013
17154.9;0.024
17155.4;0.026
17155.9;0.014
17156.4;0.023
17156.9;0.027
17157.4;0.015
17157.9;0.021
17158.4;0.027
17158.9;0.019
17159.4;0.018
17159.9;0.028
17160.4;0.02
17160.9;0.015
17161.4;0.026
17161.9;0.023
17162.4;0.014
17162.9;0.026
17163.4;0.025
17163.9;0.014
17164.4;0.023
17164.9;0.027
17165.4;0.015
17165.9;0.021
17166.4;0.027
17166.9;0.017
17167.4;0.019
17167.9;0.027
17168.4;0.02
17168.9;0.016
17169.4;0.027
17169.9;0.023
17170.4;0.015
17170.9;0.026
17171.4;0.026
17171.9;0.014
17172.4;0.024
17172.9;0.028
17173.4;0.017
17173.9;0.021
17174.4;0.03
17174.9;0.019
17175.4;0.019
17175.9;0.029
17176.4;0.021
17176.9;0.016
17177.4;0.029
17177.9;0.023
17178.4;0.015
17178.9;0.026
17179.4;0.025
17179.9;0.014
17180.4;0.025
17180.9;0.03
17181.4;0.014
17181.9;0.022
17182.4;0.029
17182.9;0.017
17183.4;0.02
17183.9;0.029
17184.4;0.021
17184.9;0.017
17185.4;0.028
17185.9;0.022
17186.4;0.015
17186.9;0.027
17187.4;0.025
17187.9;0.015
17188.4;0.026
17188.9;0.026
17189.4;0.015
17189.9;0.022
17190.4;0.027
17190.9;0.015
17191.4;0.02
17191.9;0.028
17192.4;0.017
17192.9;0.016
17193.4;0.028
17193.9;0.02
17194.4;0.014
17194.9;0.026
17195.4;0.022
17195.9;0.012
17196.4;0.023
17196.9;0.023
17197.4;0.011
17197.9;0.022
17198.4;0.023
17198.9;0.013
17199.4;0.019
17199.9;0.026
17200.4;0.014
17200.9;0.017
17201.4;0.024
17201.9;0.018
17202.4;0.013
17202.9;0.024
17203.4;0.018
17203.9;0.01
17204.4;0.022
17204.9;0.02
17205.4;0.008
17205.9;0.021
17206.4;0.02
17206.9;0.008
17207.4;0.017
17207.9;0.02
17208.4;0.01
17208.9;0.016
17209.4;0.02
17209.9;0.013
17210.4;0.01
17210.9;0.022
17211.4;0.012
17211.9;0.008
17212.4;0.019
17212.9;0.015
17213.4;0.005
17213.9;0.018
17214.4;0.017
17214.9;0.004
17215.4;0.018
17215.9;0.016
17216.4;0.004
17216.9;0.013
17217.4;0.016
17217.9;0.007
17218.4;0.01
17218.9;0.017
17219.4;0.008
17219.9;0.009
17220.4;0.015
17220.9;0.011
17221.4;0.004
17221.9;0.015
17222.4;0.011
17222.9;0.002
17223.4;0.013
17223.9;0.013
17224.4;0.001
17224.9;0.012
17225.4;0.013
17225.9;0.003
17226.4;0.009
17226.9;0.014
17227.4;0.005
17227.9;0.008
17228.4;0.012
17228.9;0.008
17229.4;0.007
17229.9;0.013
17230.4;0.008
17230.9;0.004
17231.4;0.012
17231.9;0.011
17232.4;0.003
17232.9;0.011
17233.4;0.01
17233.9;0.003
17234.4;0.009
17234.9;0.011
17235.4;0.004
17235.9;0.007
17236.4;0.011
17236.9;0.005
17237.4;0.007
17237.9;0.011
17238.4;0.006
17238.9;0.005
17239.4;0.009
17239.9;0.008
17240.4;0.005
17240.9;0.008
17241.4;0.01
17241.9;0.006
17242.4;0.009
17242.9;0.008
17243.4;0.006
17243.9;0.007
17244.4;0.008
17244.9;0.006
17245.4;0.007
17245.9;0.008
17246.4;0.006
17246.9;0.007
17247.4;0.007
17247.9;0.006
17248.4;0.007
17248.9;0.007
17249.4;0.008
17249.9;0.007
17250.4;0.006
17250.9;0.007
17251.4;0.007
17251.9;0.007
17252.4;0.007
17252.9;0.008
17253.4;0.007
17253.9;0.006
17254.4;0.008
17254.9;0.008
17255.4;0.007
17255.9;0.007
17256.4;0.008
17256.9;0.006
17257.4;0.008
17257.9;0.008
17258.4;0.006
17258.9;0.006
17259.4;0.009
17259.9;0.007
17260.4;0.006
17260.9;0.008
17261.4;0.007
17261.9;0.006
17262.4;0.008
17262.9;0.007
17263.4;0.006
17263.9;0.006
17264.4;0.007
17264.9;0.006
17265.4;0.008
17265.9;0.008
17266.4;0.008
17266.9;0.007
17267.4;0.008
17267.9;0.007
17268.4;0.007
17268.9;0.008
17269.4;0.007
17269.9;0.007
17270.4;0.007
17270.9;0.008
17271.4;0.007
17271.9;0.007
17272.4;0.008
17272.9;0.007
17273.4;0.008
17273.9;0.008
17274.4;0.007
17274.9;0.006
17275.4;0.006
17275.9;0.007
17276.4;0.007
17276.9;0.006
17277.4;0.009
17277.9;0.008
17278.4;0.007
17278.9;0.008
17279.4;0.008
17279.9;0.007
17280.4;0.007
17280.9;0.009
17281.4;0.006
17281.9;0.006
17282.4;0.009
17282.9;0.008
17283.4;0.006
17283.9;0.008
17284.4;0.007
17284.9;0.006
17285.4;0.008
17285.9;0.007
17286.4;0.006
17286.9;0.007
17287.4;0.008
17287.9;0.009
17288.4;0.006
17288.9;0.008
17289.4;0.007
17289.9;0.008
17290.4;0.007
17290.9;0.006
17291.4;0.006
17291.9;0.007
17292.4;0.008
17292.9;0.007
17293.4;0.008
17293.9;0.008
17294.4;0.007
17294.9;0.007
17295.4;0.009
17295.9;0.007
17296.4;0.004
17296.9;0.008
17297.4;0.008
17297.9;0.006
17298.4;0.007
17298.9;0.009
17299.4;0.008
17299.9;0.005
17300.4;0.009
17300.9;0.008
17301.4;0.005
17301.9;0.008
17302.4;0.008
17302.9;0.006
17303.4;0.006
17303.9;0.009
17304.4;0.007
17304.9;0.007
17305.4;0.01
17305.9;0.007
17306.4;0.004
17306.9;0.01
17307.4;0.008
17307.9;0.004
17308.4;0.009
17308.9;0.011
17309.4;0.005
17309.9;0.008
17310.4;0.012
17310.9;0.006
17311.4;0.004
17311.9;0.013
17312.4;0.008
17312.9;0.003
17313.4;0.011
17313.9;0.01
17314.4;0.001
17314.9;0.012
17315.4;0.012
17315.9;0.002
17316.4;0.009
17316.9;0.013
17317.4;0.006
17317.9;0.009
17318.4;0.015
17318.9;0.009
17319.4;0.005
17319.9;0.014
17320.4;0.011
17320.9;0.003
17321.4;0.012
17321.9;0.015
17322.4;0.002
17322.9;0.012
17323.4;0.016
17323.9;0.007
17324.4;0.011
17324.9;0.015
17325.4;0.008
17325.9;0.006
17326.4;0.018
17326.9;0.013
17327.4;0.005
17327.9;0.017
17328.4;0.016
17328.9;0.005
17329.4;0.015
17329.9;0.019
17330.4;0.007
17330.9;0.013
17331.4;0.02
17331.9;0.009
17332.4;0.011
17332.9;0.02
17333.4;0.014
17333.9;0.01
17334.4;0.021
17334.9;0.016
17335.4;0.006
17335.9;0.021
17336.4;0.019
17336.9;0.008
17337.4;0.016
17337.9;0.02
17338.4;0.01
17338.9;0.014
17339.4;0.022
17339.9;0.013
17340.4;0.011
17340.9;0.024
17341.4;0.016
17341.9;0.009
17342.4;0.02
17342.9;0.018
17343.4;0.008
17343.9;0.019
17344.4;0.022
17344.9;0.01
17345.4;0.018
17345.9;0.024
17346.4;0.013
17346.9;0.014
17347.4;0.024
17347.9;0.018
17348.4;0.012
17348.9;0.024
17349.4;0.021
17349.9;0.012
17350.4;0.023
17350.9;0.022
17351.4;0.011
17351.9;0.021
17352.4;0.024
17352.9;0.013
17353.4;0.017
17353.9;0.025
17354.4;0.017
17354.9;0.014
17355.4;0.025
17355.9;0.019
17356.4;0.012
17356.9;0.023
17357.4;0.021
17357.9;0.012
17358.4;0.023
17358.9;0.024
17359.4;0.013
17359.9;0.019
17360.4;0.025
17360.9;0.014
17361.4;0.017
17361.9;0.025
17362.4;0.017
17362.9;0.015
17363.4;0.026
17363.9;0.021
17364.4;0.013
17364.9;0.024
17365.4;0.023
17365.9;0.011
17366.4;0.021
17366.9;0.024
17367.4;0.013
17367.9;0.019
17368.4;0.025
17368.9;0.016
17369.4;0.016
17369.9;0.026
17370.4;0.019
17370.9;0.013
17371.4;0.026
17371.9;0.021
17372.4;0.011
17372.9;0.025
17373.4;0.024
17373.9;0.013
17374.4;0.02
17374.9;0.026
17375.4;0.013
17375.9;0.018
17376.4;0.025
17376.9;0.018
17377.4;0.016
17377.9;0.026
17378.4;0.02
17378.9;0.013
17379.4;0.024
17379.9;0.022
17380.4;0.013
17380.9;0.025
17381.4;0.024
17381.9;0.013
17382.4;0.02
17382.9;0.025
17383.4;0.013
17383.9;0.02
17384.4;0.027
17384.9;0.016
17385.4;0.016
17385.9;0.027
17386.4;0.02
17386.9;0.015
17387.4;0.026
17387.9;0.024
17388.4;0.014
17388.9;0.023
17389.4;0.025
17389.9;0.014
17390.4;0.024
17390.9;0.028
17391.4;0.015
17391.9;0.021
17392.4;0.029
17392.9;0.019
17393.4;0.019
17393.9;0.028
17394.4;0.022
17394.9;0.016
17395.4;0.028
17395.9;0.024
17396.4;0.016
17396.9;0.027
17397.4;0.028
17397.9;0.015
17398.4;0.025
17398.9;0.03
17399.4;0.018
17399.9;0.024
17400.4;0.031
17400.9;0.02
17401.4;0.022
17401.9;0.031
17402.4;0.023
17402.9;0.021
17403.4;0.032
17403.9;0.027
17404.4;0.018
17404.9;0.032
17405.4;0.03
17405.9;0.02
17406.4;0.03
17406.9;0.031
17407.4;0.022
17407.9;0.027
17408.4;0.034
17408.9;0.024
17409.4;0.027
17409.9;0.036
17410.4;0.027
17410.9;0.024
17411.4;0.036
17411.9;0.031
17412.4;0.023
17412.9;0.035
17413.4;0.033
17413.9;0.023
17414.4;0.033
17414.9;0.036
17415.4;0.023
17415.9;0.032
17416.4;0.038
17416.9;0.026
17417.4;0.03
17417.9;0.039
17418.4;0.029
17418.9;0.029
17419.4;0.039
17419.9;0.031
17420.4;0.026
17420.9;0.038
17421.4;0.035
17421.9;0.025
17422.4;0.035
17422.9;0.038
17423.4;0.026
17423.9;0.034
17424.4;0.039
17424.9;0.027
17425.4;0.032
17425.9;0.04
17426.4;0.031
17426.9;0.028
17427.4;0.038
17427.9;0.031
17428.4;0.027
17428.9;0.038
17429.4;0.034
17429.9;0.025
17430.4;0.036
17430.9;0.036
17431.4;0.025
17431.9;0.033
17432.4;0.038
17432.9;0.025
17433.4;0.03
17433.9;0.036
17434.4;0.026
17434.9;0.025
17435.4;0.037
17435.9;0.028
17436.4;0.024
17436.9;0.036
17437.4;0.03
17437.9;0.022
17438.4;0.032
17438.9;0.032
17439.4;0.02
17439.9;0.029
17440.4;0.032
17440.9;0.02
17441.4;0.026
17441.9;0.033
17442.4;0.022
17442.9;0.023
17443.4;0.033
17443.9;0.024
17444.4;0.021
17444.9;0.03
17445.4;0.026
17445.9;0.016
17446.4;0.028
17446.9;0.026
17447.4;0.016
17447.9;0.024
17448.4;0.026
17448.9;0.016
17449.4;0.021
17449.9;0.026
17450.4;0.015
17450.9;0.018
17451.4;0.026
17451.9;0.018
17452.4;0.015
17452.9;0.024
17453.4;0.019
17453.9;0.011
17454.4;0.023
17454.9;0.019
17455.4;0.009
17455.9;0.021
17456.4;0.021
17456.9;0.007
17457.4;0.017
17457.9;0.022
17458.4;0.009
17458.9;0.014
17459.4;0.021
17459.9;0.01
17460.4;0.011
17460.9;0.019
17461.4;0.014
17461.9;0.008
17462.4;0.019
17462.9;0.014
17463.4;0.007
17463.9;0.018
17464.4;0.015
17464.9;0.005
17465.4;0.016
17465.9;0.016
17466.4;0.005
17466.9;0.014
17467.4;0.018
17467.9;0.007
17468.4;0.011
17468.9;0.019
17469.4;0.009
17469.9;0.009
17470.4;0.018
17470.9;0.011
17471.4;0.007
17471.9;0.018
17472.4;0.014
17472.9;0.007
17473.4;0.017
17473.9;0.015
17474.4;0.004
17474.9;0.016
17475.4;0.017
17475.9;0.008
17476.4;0.014
17476.9;0.019
17477.4;0.009
17477.9;0.012
17478.4;0.02
17478.9;0.011
17479.4;0.009
17479.9;0.019
17480.4;0.015
17480.9;0.007
17481.4;0.019
17481.9;0.018
17482.4;0.009
17482.9;0.017
17483.4;0.019
17483.9;0.007
17484.4;0.017
17484.9;0.02
17485.4;0.011
17485.9;0.014
17486.4;0.022
17486.9;0.013
17487.4;0.012
17487.9;0.022
17488.4;0.015
17488.9;0.012
17489.4;0.023
17489.9;0.02
17490.4;0.011
17490.9;0.021
17491.4;0.022
17491.9;0.01
17492.4;0.019
17492.9;0.026
17493.4;0.014
17493.9;0.017
17494.4;0.026
17494.9;0.016
17495.4;0.016
17495.9;0.027
17496.4;0.018
17496.9;0.012
17497.4;0.025
17497.9;0.022
17498.4;0.012
17498.9;0.024
17499.4;0.025
17499.9;0.013
17500.4;0.022
17500.9;0.027
17501.4;0.016
17501.9;0.021
17502.4;0.029
17502.9;0.018
17503.4;0.017
17503.9;0.028
17504.4;0.021
17504.9;0.016
17505.4;0.026
17505.9;0.024
17506.4;0.015
17506.9;0.026
17507.4;0.025
17507.9;0.014
17508.4;0.023
17508.9;0.028
17509.4;0.016
17509.9;0.021
17510.4;0.028
17510.9;0.018
17511.4;0.019
17511.9;0.03
17512.4;0.021
17512.9;0.018
17513.4;0.027
17513.9;0.023
17514.4;0.016
17514.9;0.027
17515.4;0.026
17515.9;0.015
17516.4;0.025
17516.9;0.027
17517.4;0.015
17517.9;0.022
17518.4;0.028
17518.9;0.017
17519.4;0.019
17519.9;0.028
17520.4;0.018
17520.9;0.016
17521.4;0.028
17521.9;0.023
17522.4;0.014
17522.9;0.025
17523.4;0.024
17523.9;0.013
17524.4;0.024
17524.9;0.025
17525.4;0.013
17525.9;0.021
17526.4;0.026
17526.9;0.014
17527.4;0.017
17527.9;0.027
17528.4;0.017
17528.9;0.015
17529.4;0.028
17529.9;0.018
17530.4;0.013
17530.9;0.024
17531.4;0.021
17531.9;0.011
17532.4;0.023
17532.9;0.021
17533.4;0.011
17533.9;0.02
17534.4;0.023
17534.9;0.01
17535.4;0.018
17535.9;0.024
17536.4;0.013
17536.9;0.014
17537.4;0.022
17537.9;0.016
17538.4;0.011
17538.9;0.021
17539.4;0.016
17539.9;0.009
17540.4;0.021
17540.9;0.018
17541.4;0.007
17541.9;0.018
17542.4;0.02
17542.9;0.009
17543.4;0.016
17543.9;0.019
17544.4;0.008
17544.9;0.016
17545.4;0.02
17545.9;0.01
17546.4;0.01
17546.9;0.019
17547.4;0.012
17547.9;0.009
17548.4;0.018
17548.9;0.014
17549.4;0.006
17549.9;0.017
17550.4;0.014
17550.9;0.004
17551.4;0.015
17551.9;0.015
17552.4;0.004
17552.9;0.014
17553.4;0.016
17553.9;0.005
17554.4;0.009
17554.9;0.016
17555.4;0.007
17555.9;0.007
17556.4;0.015
17556.9;0.009
17557.4;0.005
17557.9;0.016
17558.4;0.011
17558.9;0.002
17559.4;0.013
17559.9;0.011
17560.4;0.001
17560.9;0.01
17561.4;0.012
17561.9;0.003
17562.4;0.008
17562.9;0.012
17563.4;0.004
17563.9;0.007
17564.4;0.011
17564.9;0.006
17565.4;0.006
17565.9;0.011
17566.4;0.006
17566.9;0.004
17567.4;0.011
17567.9;0.007
17568.4;0.005
17568.9;0.008
17569.4;0.009
17569.9;0.005
17570.4;0.007
17570.9;0.008
17571.4;0.005
17571.9;0.007
17572.4;0.008
17572.9;0.006
17573.4;0.008
17573.9;0.009
17574.4;0.006
17574.9;0.007
17575.4;0.007
17575.9;0.006
17576.4;0.007
17576.9;0.008
17577.4;0.006
17577.9;0.006
17578.4;0.006
17578.9;0.006
17579.4;0.006
17579.9;0.007
17580.4;0.008
17580.9;0.007
17581.4;0.007
17581.9;0.008
17582.4;0.008
17582.9;0.007
17583.4;0.007
17583.9;0.007
17584.4;0.008
17584.9;0.006
17585.4;0.008
17585.9;0.008
17586.4;0.007
17586.9;0.008
17587.4;0.007
17587.9;0.005
17588.4;0.007
17588.9;0.007
17589.4;0.005
17589.9;0.007
17590.4;0.007
17590.9;0.006
17591.4;0.008
17591.9;0.008
17592.4;0.006
17592.9;0.008
17593.4;0.009
17593.9;0.006
17594.4;0.007
17594.9;0.009
17595.4;0.006
17595.9;0.006
17596.4;0.009
17596.9;0.007
17597.4;0.005
17597.9;0.01
17598.4;0.008
17598.9;0.004
17599.4;0.009
17599.9;0.008
17600.4;0.003
17600.9;0.01
17601.4;0.01
17601.9;0.004
17602.4;0.009
17602.9;0.012
17603.4;0.005
17603.9;0.01
17604.4;0.012
17604.9;0.007
17605.4;0.008
17605.9;0.013
17606.4;0.008
17606.9;0.004
17607.4;0.013
17607.9;0.01
17608.4;0.003
17608.9;0.014
17609.4;0.011
17609.9;0.002
17610.4;0.012
17610.9;0.013
17611.4;0.003
17611.9;0.013
17612.4;0.015
17612.9;0.006
17613.4;0.01
17613.9;0.016
17614.4;0.007
17614.9;0.01
17615.4;0.017
17615.9;0.01
17616.4;0.007
17616.9;0.017
17617.4;0.013
17617.9;0.005
17618.4;0.016
17618.9;0.016
17619.4;0.004
17619.9;0.016
17620.4;0.019
17620.9;0.008
17621.4;0.014
17621.9;0.019
17622.4;0.01
17622.9;0.013
17623.4;0.019
17623.9;0.012
17624.4;0.01
17624.9;0.021
17625.4;0.014
17625.9;0.01
17626.4;0.021
17626.9;0.018
17627.4;0.009
17627.9;0.019
17628.4;0.02
17628.9;0.01
17629.4;0.019
17629.9;0.022
17630.4;0.011
17630.9;0.016
17631.4;0.023
17631.9;0.012
17632.4;0.014
17632.9;0.023
17633.4;0.017
17633.9;0.013
17634.4;0.024
17634.9;0.019
17635.4;0.011
17635.9;0.024
17636.4;0.02
17636.9;0.011
17637.4;0.022
17637.9;0.024
17638.4;0.013
17638.9;0.021
17639.4;0.024
17639.9;0.014
17640.4;0.019
17640.9;0.025
17641.4;0.016
17641.9;0.015
17642.4;0.025
17642.9;0.021
17643.4;0.013
17643.9;0.025
17644.4;0.023
17644.9;0.012
17645.4;0.025
17645.9;0.025
17646.4;0.013
17646.9;0.023
17647.4;0.026
17647.9;0.015
17648.4;0.021
17648.9;0.026
17649.4;0.017
17649.9;0.017
17650.4;0.027
17650.9;0.019
17651.4;0.016
17651.9;0.026
17652.4;0.021
17652.9;0.014
17653.4;0.025
17653.9;0.025
17654.4;0.014
17654.9;0.024
17655.4;0.027
17655.9;0.016
17656.4;0.022
17656.9;0.029
17657.4;0.017
17657.9;0.019
17658.4;0.027
17658.9;0.02
17659.4;0.016
17659.9;0.027
17660.4;0.021
17660.9;0.014
17661.4;0.026
17661.9;0.023
17662.4;0.014
17662.9;0.024
17663.4;0.026
17663.9;0.014
17664.4;0.021
17664.9;0.026
17665.4;0.015
17665.9;0.018
17666.4;0.028
17666.9;0.019
17667.4;0.018
17667.9;0.027
17668.4;0.021
17668.9;0.014
17669.4;0.026
17669.9;0.023
17670.4;0.013
17670.9;0.024
17671.4;0.023
17671.9;0.014
17672.4;0.022
17672.9;0.026
17673.4;0.015
17673.9;0.02
17674.4;0.026
17674.9;0.016
17675.4;0.017
17675.9;0.027
17676.4;0.019
17676.9;0.013
17677.4;0.025
17677.9;0.022
17678.4;0.012
17678.9;0.024
17679.4;0.024
17679.9;0.012
17680.4;0.022
17680.9;0.026
17681.4;0.013
17681.9;0.02
17682.4;0.024
17682.9;0.014
17683.4;0.016
17683.9;0.026
17684.4;0.017
17684.9;0.015
17685.4;0.024
17685.9;0.021
17686.4;0.012
17686.9;0.022
17687.4;0.021
17687.9;0.012
17688.4;0.022
17688.9;0.024
17689.4;0.011
17689.9;0.019
17690.4;0.024
17690.9;0.012
17691.4;0.017
17691.9;0.024
17692.4;0.015
17692.9;0.014
17693.4;0.024
17693.9;0.017
17694.4;0.011
17694.9;0.024
17695.4;0.019
17695.9;0.01
17696.4;0.022
17696.9;0.02
17697.4;0.009
17697.9;0.02
17698.4;0.022
17698.9;0.011
17699.4;0.018
17699.9;0.025
17700.4;0.013
17700.9;0.013
17701.4;0.022
17701.9;0.016
17702.4;0.012
17702.9;0.022
17703.4;0.017
17703.9;0.009
17704.4;0.021
17704.9;0.019
17705.4;0.008
17705.9;0.018
17706.4;0.019
17706.9;0.009
17707.4;0.017
17707.9;0.022
17708.4;0.01
17708.9;0.014
17709.4;0.021
17709.9;0.012
17710.4;0.011
17710.9;0.02
17711.4;0.014
17711.9;0.01
17712.4;0.019
17712.9;0.016
17713.4;0.008
17713.9;0.019
17714.4;0.018
17714.9;0.007
17715.4;0.017
17715.9;0.019
17716.4;0.007
17716.9;0.014
17717.4;0.019
17717.9;0.009
17718.4;0.012
17718.9;0.019
17719.4;0.011
17719.9;0.009
17720.4;0.018
17720.9;0.013
17721.4;0.007
17721.9;0.018
17722.4;0.015
17722.9;0.006
17723.4;0.017
17723.9;0.016
17724.4;0.005
17724.9;0.015
17725.4;0.019
17725.9;0.005
17726.4;0.013
17726.9;0.018
17727.4;0.007
17727.9;0.012
17728.4;0.02
17728.9;0.01
17729.4;0.009
17729.9;0.019
17730.4;0.012
17730.9;0.007
17731.4;0.018
17731.9;0.014
17732.4;0.006
17732.9;0.017
17733.4;0.016
17733.9;0.005
17734.4;0.016
17734.9;0.018
17735.4;0.005
17735.9;0.014
17736.4;0.02
17736.9;0.008
17737.4;0.012
17737.9;0.02
17738.4;0.01
17738.9;0.011
17739.4;0.017
17739.9;0.013
17740.4;0.007
17740.9;0.02
17741.4;0.016
17741.9;0.006
17742.4;0.018
17742.9;0.018
17743.4;0.006
17743.9;0.016
17744.4;0.02
17744.9;0.008
17745.4;0.014
17745.9;0.02
17746.4;0.011
17746.9;0.012
17747.4;0.019
17747.9;0.012
17748.4;0.011
17748.9;0.02
17749.4;0.015
17749.9;0.009
17750.4;0.019
17750.9;0.018
17751.4;0.008
17751.9;0.02
17752.4;0.019
17752.9;0.007
17753.4;0.018
17753.9;0.021
17754.4;0.01
17754.9;0.016
17755.4;0.023
17755.9;0.01
17756.4;0.014
17756.9;0.023
17757.4;0.015
17757.9;0.011
17758.4;0.023
17758.9;0.019
17759.4;0.01
17759.9;0.021
17760.4;0.02
17760.9;0.009
17761.4;0.021
17761.9;0.021
17762.4;0.011
17762.9;0.018
17763.4;0.024
17763.9;0.012
17764.4;0.015
17764.9;0.024
17765.4;0.016
17765.9;0.015
17766.4;0.024
17766.9;0.017
17767.4;0.013
17767.9;0.024
17768.4;0.02
17768.9;0.012
17769.4;0.022
17769.9;0.024
17770.4;0.011
17770.9;0.019
17771.4;0.025
17771.9;0.015
17772.4;0.019
17772.9;0.025
17773.4;0.016
17773.9;0.016
17774.4;0.027
17774.9;0.018
17775.4;0.015
17775.9;0.025
17776.4;0.02
17776.9;0.012
17777.4;0.025
17777.9;0.023
17778.4;0.013
17778.9;0.022
17779.4;0.027
17779.9;0.015
17780.4;0.02
17780.9;0.027
17781.4;0.016
17781.9;0.018
17782.4;0.027
17782.9;0.019
17783.4;0.015
17783.9;0.026
17784.4;0.022
17784.9;0.014
17785.4;0.025
17785.9;0.023
17786.4;0.014
17786.9;0.024
17787.4;0.025
17787.9;0.013
17788.4;0.021
17788.9;0.027
17789.4;0.016
17789.9;0.019
17790.4;0.028
17790.9;0.018
17791.4;0.016
17791.9;0.027
17792.4;0.02
17792.9;0.014
17793.4;0.027
17793.9;0.023
17794.4;0.013
17794.9;0.025
17795.4;0.024
17795.9;0.013
17796.4;0.024
17796.9;0.025
17797.4;0.016
17797.9;0.019
17798.4;0.025
17798.9;0.017
17799.4;0.016
17799.9;0.027
17800.4;0.02
17800.9;0.014
17801.4;0.026
17801.9;0.023
17802.4;0.013
17802.9;0.026
17803.4;0.023
17803.9;0.012
17804.4;0.022
17804.9;0.025
17805.4;0.013
17805.9;0.021
17806.4;0.026
17806.9;0.015
17807.4;0.016
17807.9;0.025
17808.4;0.018
17808.9;0.015
17809.4;0.026
17809.9;0.019
17810.4;0.013
17810.9;0.024
17811.4;0.022
17811.9;0.01
17812.4;0.022
17812.9;0.023
17813.4;0.011
17813.9;0.02
17814.4;0.024
17814.9;0.014
17815.4;0.017
17815.9;0.024
17816.4;0.015
17816.9;0.014
17817.4;0.025
17817.9;0.019
17818.4;0.012
17818.9;0.022
17819.4;0.019
17819.9;0.009
17820.4;0.022
17820.9;0.021
17821.4;0.009
17821.9;0.019
17822.4;0.024
17822.9;0.01
17823.4;0.018
17823.9;0.023
17824.4;0.013
17824.9;0.013
17825.4;0.023
17825.9;0.016
17826.4;0.011
17826.9;0.021
17827.4;0.018
17827.9;0.008
17828.4;0.02
17828.9;0.02
17829.4;0.009
17829.9;0.019
17830.4;0.019
17830.9;0.008
17831.4;0.016
17831.9;0.021
17832.4;0.011
17832.9;0.015
17833.4;0.02
17833.9;0.012
17834.4;0.011
17834.9;0.021
17835.4;0.015
17835.9;0.008
17836.4;0.019
17836.9;0.017
17837.4;0.007
17837.9;0.019
17838.4;0.018
17838.9;0.007
17839.4;0.017
17839.9;0.019
17840.4;0.007
17840.9;0.015
17841.4;0.019
17841.9;0.009
17842.4;0.012
17842.9;0.019
17843.4;0.011
17843.9;0.009
17844.4;0.018
17844.9;0.014
17845.4;0.008
17845.9;0.018
17846.4;0.017
17846.9;0.006
17847.4;0.017
17847.9;0.018
17848.4;0.005
17848.9;0.015
17849.4;0.018
17849.9;0.006
17850.4;0.013
17850.9;0.019
17851.4;0.009
17851.9;0.012
17852.4;0.019
17852.9;0.011
17853.4;0.009
17853.9;0.018
17854.4;0.014
17854.9;0.007
17855.4;0.017
17855.9;0.014
17856.4;0.005
17856.9;0.016
17857.4;0.017
17857.9;0.006
17858.4;0.015
17858.9;0.019
17859.4;0.007
17859.9;0.012
17860.4;0.019
17860.9;0.009
17861.4;0.012
17861.9;0.019
17862.4;0.012
17862.9;0.01
17863.4;0.019
17863.9;0.014
17864.4;0.007
17864.9;0.018
17865.4;0.016
17865.9;0.007
17866.4;0.017
17866.9;0.017
17867.4;0.006
17867.9;0.016
17868.4;0.02
17868.9;0.008
17869.4;0.015
17869.9;0.019
17870.4;0.011
17870.9;0.012
17871.4;0.019
17871.9;0.012
17872.4;0.01
17872.9;0.021
17873.4;0.016
17873.9;0.008
17874.4;0.018
17874.9;0.018
17875.4;0.007
17875.9;0.019
17876.4;0.02
17876.9;0.009
17877.4;0.018
17877.9;0.02
17878.4;0.008
17878.9;0.016
17879.4;0.022
17879.9;0.013
17880.4;0.013
17880.9;0.023
17881.4;0.015
17881.9;0.011
17882.4;0.022
17882.9;0.018
17883.4;0.01
17883.9;0.022
17884.4;0.02
17884.9;0.009
17885.4;0.02
17885.9;0.021
17886.4;0.01
17886.9;0.019
17887.4;0.023
17887.9;0.012
17888.4;0.017
17888.9;0.023
17889.4;0.015
17889.9;0.015
17890.4;0.023
17890.9;0.018
17891.4;0.011
17891.9;0.024
17892.4;0.021
17892.9;0.011
17893.4;0.021
17893.9;0.022
17894.4;0.013
17894.9;0.02
17895.4;0.023
17895.9;0.012
17896.4;0.017
17896.9;0.025
17897.4;0.016
17897.9;0.017
17898.4;0.025
17898.9;0.019
17899.4;0.012
17899.9;0.024
17900.4;0.02
17900.9;0.012
17901.4;0.025
17901.9;0.024
17902.4;0.012
17902.9;0.021
17903.4;0.024
17903.9;0.013
17904.4;0.02
17904.9;0.026
17905.4;0.015
17905.9;0.017
17906.4;0.028
17906.9;0.018
17907.4;0.015
17907.9;0.026
17908.4;0.02
17908.9;0.013
17909.4;0.025
17909.9;0.023
17910.4;0.012
17910.9;0.023
17911.4;0.025
17911.9;0.014
17912.4;0.02
17912.9;0.026
17913.4;0.016
17913.9;0.017
17914.4;0.026
17914.9;0.018
17915.4;0.016
17915.9;0.027
17916.4;0.021
17916.9;0.015
17917.4;0.026
17917.9;0.025
17918.4;0.015
17918.9;0.025
17919.4;0.024
17919.9;0.014
17920.4;0.022
17920.9;0.026
17921.4;0.016
17921.9;0.021
17922.4;0.027
17922.9;0.018
17923.4;0.017
17923.9;0.027
17924.4;0.02
17924.9;0.015
17925.4;0.026
17925.9;0.022
17926.4;0.014
17926.9;0.025
17927.4;0.025
17927.9;0.014
17928.4;0.023
17928.9;0.027
17929.4;0.015
17929.9;0.02
17930.4;0.028
17930.9;0.017
17931.4;0.016
17931.9;0.027
17932.4;0.02
17932.9;0.015
17933.4;0.027
17933.9;0.022
17934.4;0.013
17934.9;0.025
17935.4;0.024
17935.9;0.014
17936.4;0.024
17936.9;0.025
17937.4;0.013
17937.9;0.022
17938.4;0.027
17938.9;0.015
17939.4;0.019
17939.9;0.027
17940.4;0.018
17940.9;0.016
17941.4;0.027
17941.9;0.021
17942.4;0.013
17942.9;0.024
17943.4;0.021
17943.9;0.012
17944.4;0.024
17944.9;0.023
17945.4;0.012
17945.9;0.021
17946.4;0.025
17946.9;0.012
17947.4;0.017
17947.9;0.025
17948.4;0.015
17948.9;0.015
17949.4;0.025
17949.9;0.016
17950.4;0.012
17950.9;0.023
17951.4;0.02
17951.9;0.01
17952.4;0.021
17952.9;0.021
17953.4;0.008
17953.9;0.019
17954.4;0.022
17954.9;0.01
17955.4;0.016
17955.9;0.023
17956.4;0.01
17956.9;0.014
17957.4;0.022
17957.9;0.013
17958.4;0.011
17958.9;0.02
17959.4;0.015
17959.9;0.008
17960.4;0.019
17960.9;0.017
17961.4;0.006
17961.9;0.017
17962.4;0.018
17962.9;0.005
17963.4;0.014
17963.9;0.018
17964.4;0.006
17964.9;0.013
17965.4;0.018
17965.9;0.008
17966.4;0.009
17966.9;0.018
17967.4;0.011
17967.9;0.006
17968.4;0.017
17968.9;0.014
17969.4;0.005
17969.9;0.016
17970.4;0.013
17970.9;0.003
17971.4;0.014
17971.9;0.014
17972.4;0.004
17972.9;0.011
17973.4;0.014
17973.9;0.005
17974.4;0.008
17974.9;0.014
17975.4;0.007
17975.9;0.005
17976.4;0.013
17976.9;0.008
17977.4;0.002
17977.9;0.011
17978.4;0.01
17978.9;0.001
17979.4;0.011
17979.9;0.012
17980.4;0.001
17980.9;0.009
17981.4;0.012
17981.9;0.003
17982.4;0.007
17982.9;0.011
17983.4;0.005
17983.9;0.007
17984.4;0.011
17984.9;0.006
17985.4;0.007
17985.9;0.01
17986.4;0.007
17986.9;0.005
17987.4;0.01
17987.9;0.007
17988.4;0.004
17988.9;0.009
17989.4;0.008
17989.9;0.005
17990.4;0.007
17990.9;0.008
17991.4;0.007
17991.9;0.007
17992.4;0.009
17992.9;0.006
17993.4;0.007
17993.9;0.006
17994.4;0.005
17994.9;0.006
17995.4;0.008
17995.9;0.008
17996.4;0.006
17996.9;0.007
17997.4;0.008
17997.9;0.006
17998.4;0.007
17998.9;0.008
17999.4;0.007
17999.9;0.007
