Frequence;Amplitude
0.0;3.98
0.5;4.487
1.0;4.24
1.5;2.934
2.0;3.62
2.5;2.837
3.0;1.831
3.5;2.654
4.0;3.326
4.5;2.273
5.0;3.577
5.5;3.276
6.0;3.666
6.5;3.752
7.0;4.228
7.5;3.495
8.0;3.57
8.5;3.393
9.0;2.062
9.5;3.266
10.0;2.368
10.5;1.846
11.0;1.958
11.5;1.806
12.0;1.718
12.5;3.706
13.0;2.663
13.5;2.51
14.0;2.717
14.5;2.943
15.0;4.173
15.5;2.909
16.0;2.484
16.5;2.731
17.0;2.681
17.5;2.198
18.0;1.765
18.5;1.566
19.0;2.671
19.5;2.201
20.0;1.523
20.5;2.114
21.0;3.411
21.5;2.89
22.0;3.386
22.5;2.975
23.0;3.647
23.5;5.373
24.0;3.195
24.5;2.798
25.0;3.396
25.5;3.268
26.0;1.918
26.5;2.392
27.0;3.524
27.5;3.751
28.0;3.916
28.5;3.449
29.0;2.255
29.5;5.227
30.0;3.715
30.5;3.44
31.0;4.482
31.5;3.79
32.0;1.784
32.5;3.371
33.0;2.789
33.5;1.937
34.0;2.151
34.5;2.61
35.0;1.757
35.5;0.937
36.0;3.907
36.5;2.039
37.0;4.115
37.5;3.837
38.0;2.051
38.5;4.233
39.0;2.854
39.5;2.671
40.0;2.786
40.5;3.069
41.0;1.836
41.5;2.889
42.0;0.853
42.5;1.863
43.0;3.885
43.5;3.659
44.0;2.075
44.5;4.233
45.0;3.358
45.5;2.557
46.0;4.027
46.5;3.586
47.0;3.653
47.5;2.05
48.0;2.493
48.5;1.532
49.0;2.953
49.5;1.387
50.0;1.595
50.5;0.095
51.0;2.817
51.5;0.695
52.0;2.082
52.5;2.386
53.0;2.317
53.5;2.365
54.0;2.23
54.5;2.906
55.0;0.869
55.5;4.034
56.0;0.815
56.5;4.021
57.0;2.85
57.5;2.99
58.0;3.988
58.5;8.254
59.0;5.059
59.5;4.722
60.0;2.591
60.5;2.743
61.0;2.558
61.5;3.502
62.0;4.173
62.5;2.409
63.0;1.539
63.5;1.44
64.0;2.964
64.5;2.556
65.0;1.037
65.5;3.955
66.0;2.432
66.5;1.792
67.0;3.252
67.5;7.412
68.0;4.111
68.5;3.674
69.0;3.374
69.5;5.957
70.0;3.62
70.5;3.397
71.0;2.651
71.5;1.487
72.0;4.106
72.5;0.629
73.0;5.263
73.5;3.199
74.0;3.904
74.5;2.476
75.0;4.748
75.5;4.407
76.0;4.642
76.5;5.132
77.0;1.139
77.5;4.314
78.0;3.807
78.5;7.285
79.0;0.791
79.5;3.958
80.0;1.696
80.5;4.197
81.0;0.832
81.5;9.119
82.0;2.009
82.5;5.852
83.0;1.582
83.5;8.166
84.0;3.079
84.5;5.081
85.0;5.316
85.5;1.997
86.0;4.802
86.5;6.721
87.0;6.431
87.5;3.185
88.0;9.329
88.5;2.202
89.0;11.056
89.5;4.895
90.0;4.719
90.5;3.002
91.0;2.562
91.5;1.831
92.0;9.142
92.5;5.346
93.0;6.357
93.5;6.228
94.0;3.942
94.5;8.674
95.0;5.814
95.5;12.826
96.0;1.29
96.5;6.472
97.0;0.737
97.5;6.759
98.0;3.888
98.5;15.492
99.0;6.547
99.5;16.374
100.0;3.996
100.5;14.556
101.0;18.258
101.5;10.895
102.0;6.558
102.5;12.788
103.0;14.86
103.5;15.449
104.0;31.554
104.5;20.394
105.0;22.256
105.5;11.647
106.0;40.896
106.5;8.076
107.0;43.246
107.5;25.706
108.0;28.938
108.5;20.787
109.0;11.553
109.5;20.09
110.0;4.473
110.5;6.187
111.0;30.894
111.5;21.453
112.0;16.6
112.5;10.467
113.0;27.822
113.5;14.901
114.0;20.025
114.5;27.28
115.0;11.503
115.5;15.309
116.0;55.301
116.5;14.108
117.0;13.337
117.5;10.428
118.0;3.63
118.5;13.074
119.0;0.99
119.5;7.895
120.0;13.184
120.5;2.08
121.0;4.148
121.5;7.79
122.0;28.354
122.5;7.01
123.0;19.393
123.5;8.452
124.0;16.409
124.5;11.237
125.0;32.538
125.5;24.64
126.0;7.512
126.5;36.505
127.0;35.51
127.5;19.523
128.0;13.362
128.5;53.8
129.0;31.29
129.5;21.368
130.0;68.52
130.5;128.277
131.0;124.755
131.5;105.921
132.0;59.383
132.5;4.444
133.0;13.772
133.5;3.612
134.0;10.629
134.5;0.687
135.0;6.951
135.5;2.732
136.0;8.178
136.5;14.803
137.0;5.554
137.5;11.932
138.0;13.585
138.5;25.581
139.0;19.308
139.5;19.765
140.0;17.432
140.5;9.574
141.0;6.913
141.5;6.723
142.0;24.166
142.5;30.384
143.0;25.943
143.5;45.655
144.0;60.771
144.5;54.37
145.0;64.275
145.5;57.457
146.0;68.745
146.5;88.624
147.0;74.926
147.5;75.249
148.0;70.888
148.5;51.166
149.0;52.995
149.5;41.82
150.0;38.142
150.5;30.004
151.0;16.298
151.5;25.264
152.0;24.229
152.5;11.571
153.0;9.613
153.5;14.379
154.0;15.067
154.5;18.378
155.0;38.132
155.5;13.45
156.0;22.34
156.5;34.667
157.0;24.686
157.5;16.204
158.0;11.071
158.5;12.871
159.0;19.442
159.5;9.185
160.0;9.16
160.5;15.307
161.0;23.927
161.5;16.708
162.0;23.265
162.5;16.682
163.0;13.608
163.5;58.29
164.0;59.372
164.5;26.926
165.0;60.911
165.5;106.219
166.0;69.394
166.5;39.481
167.0;94.237
167.5;96.664
168.0;41.431
168.5;30.435
169.0;55.413
169.5;35.109
170.0;81.821
170.5;48.74
171.0;39.593
171.5;39.101
172.0;29.284
172.5;29.018
173.0;41.336
173.5;39.632
174.0;54.396
174.5;58.999
175.0;46.831
175.5;69.513
176.0;93.425
176.5;53.886
177.0;36.017
177.5;55.818
178.0;62.493
178.5;53.178
179.0;38.019
179.5;50.021
180.0;42.037
180.5;51.468
181.0;80.298
181.5;67.88
182.0;64.009
182.5;27.861
183.0;80.764
183.5;42.224
184.0;77.314
184.5;48.366
185.0;79.826
185.5;49.533
186.0;127.46
186.5;104.742
187.0;112.748
187.5;108.691
188.0;93.051
188.5;125.65
189.0;96.072
189.5;122.601
190.0;125.65
190.5;156.269
191.0;146.923
191.5;238.524
192.0;247.507
192.5;271.672
193.0;289.251
193.5;330.991
194.0;319.711
194.5;336.429
195.0;374.851
195.5;331.239
196.0;357.656
196.5;288.279
197.0;325.895
197.5;260.086
198.0;308.928
198.5;265.856
199.0;250.766
199.5;278.756
200.0;198.639
200.5;217.427
201.0;169.156
201.5;188.318
202.0;106.222
202.5;170.996
203.0;118.143
203.5;131.577
204.0;111.416
204.5;127.38
205.0;92.075
205.5;110.685
206.0;95.386
206.5;60.76
207.0;81.748
207.5;32.081
208.0;42.499
208.5;40.863
209.0;37.656
209.5;27.544
210.0;42.117
210.5;4.114
211.0;28.293
211.5;15.142
212.0;22.077
212.5;19.642
213.0;32.846
213.5;29.505
214.0;36.826
214.5;23.49
215.0;26.803
215.5;23.638
216.0;29.929
216.5;9.712
217.0;26.077
217.5;22.564
218.0;12.044
218.5;15.183
219.0;13.771
219.5;15.751
220.0;10.817
220.5;43.569
221.0;15.468
221.5;25.568
222.0;2.196
222.5;18.494
223.0;8.482
223.5;15.78
224.0;15.457
224.5;14.721
225.0;19.825
225.5;16.483
226.0;21.239
226.5;11.884
227.0;17.981
227.5;14.649
228.0;9.102
228.5;28.544
229.0;17.629
229.5;31.614
230.0;6.176
230.5;30.749
231.0;9.617
231.5;46.073
232.0;52.036
232.5;24.076
233.0;32.438
233.5;10.769
234.0;24.635
234.5;10.51
235.0;29.013
235.5;19.629
236.0;32.269
236.5;48.551
237.0;28.462
237.5;24.683
238.0;38.649
238.5;21.654
239.0;19.047
239.5;39.586
240.0;80.51
240.5;12.467
241.0;33.782
241.5;41.196
242.0;5.448
242.5;26.304
243.0;33.955
243.5;32.37
244.0;43.692
244.5;63.891
245.0;35.249
245.5;23.067
246.0;29.122
246.5;54.591
247.0;52.477
247.5;63.549
248.0;70.526
248.5;51.54
249.0;66.886
249.5;27.423
250.0;42.961
250.5;79.901
251.0;62.719
251.5;75.812
252.0;103.281
252.5;80.281
253.0;57.384
253.5;73.274
254.0;69.719
254.5;61.445
255.0;73.639
255.5;73.364
256.0;52.413
256.5;47.269
257.0;24.509
257.5;17.26
258.0;107.028
258.5;114.676
259.0;107.697
259.5;119.147
260.0;226.045
260.5;143.335
261.0;213.475
261.5;417.077
262.0;724.645
262.5;795.412
263.0;622.367
263.5;332.275
264.0;146.448
264.5;98.545
265.0;86.334
265.5;58.92
266.0;125.786
266.5;131.948
267.0;153.139
267.5;113.066
268.0;130.582
268.5;48.823
269.0;51.521
269.5;13.409
270.0;21.517
270.5;15.973
271.0;27.05
271.5;43.369
272.0;39.001
272.5;40.246
273.0;7.923
273.5;18.94
274.0;5.001
274.5;21.127
275.0;23.305
275.5;10.984
276.0;26.643
276.5;12.36
277.0;26.475
277.5;29.945
278.0;37.537
278.5;27.361
279.0;31.684
279.5;44.794
280.0;33.069
280.5;37.984
281.0;18.084
281.5;35.081
282.0;11.067
282.5;29.37
283.0;31.29
283.5;37.052
284.0;27.308
284.5;47.783
285.0;57.347
285.5;60.586
286.0;49.687
286.5;64.136
287.0;35.784
287.5;38.505
288.0;25.838
288.5;22.434
289.0;24.99
289.5;54.068
290.0;84.811
290.5;83.751
291.0;159.531
291.5;158.515
292.0;206.961
292.5;209.542
293.0;213.369
293.5;217.648
294.0;245.004
294.5;230.396
295.0;213.795
295.5;210.294
296.0;189.621
296.5;213.054
297.0;182.595
297.5;161.639
298.0;145.517
298.5;97.918
299.0;122.606
299.5;86.58
300.0;80.125
300.5;32.783
301.0;31.154
301.5;30.063
302.0;14.585
302.5;50.854
303.0;42.141
303.5;33.111
304.0;43.601
304.5;12.156
305.0;33.844
305.5;37.494
306.0;30.507
306.5;25.361
307.0;7.879
307.5;5.886
308.0;20.381
308.5;25.9
309.0;4.416
309.5;15.359
310.0;29.608
310.5;54.025
311.0;17.047
311.5;30.502
312.0;14.823
312.5;51.501
313.0;14.841
313.5;17.765
314.0;41.515
314.5;25.31
315.0;38.571
315.5;32.528
316.0;75.502
316.5;55.412
317.0;48.102
317.5;63.228
318.0;61.962
318.5;53.805
319.0;21.94
319.5;63.587
320.0;88.596
320.5;26.992
321.0;37.39
321.5;47.97
322.0;86.406
322.5;24.97
323.0;30.903
323.5;77.902
324.0;74.638
324.5;131.013
325.0;109.854
325.5;100.098
326.0;252.181
326.5;362.777
327.0;255.27
327.5;344.78
328.0;476.252
328.5;455.125
329.0;374.32
329.5;428.352
330.0;513.972
330.5;333.506
331.0;306.449
331.5;290.157
332.0;207.147
332.5;101.787
333.0;135.14
333.5;149.463
334.0;90.168
334.5;51.726
335.0;77.305
335.5;99.778
336.0;60.282
336.5;36.124
337.0;49.346
337.5;17.765
338.0;48.289
338.5;29.545
339.0;25.118
339.5;23.825
340.0;25.515
340.5;35.521
341.0;35.799
341.5;45.591
342.0;51.914
342.5;32.949
343.0;34.355
343.5;54.909
344.0;54.606
344.5;32.622
345.0;23.988
345.5;31.649
346.0;40.826
346.5;50.366
347.0;2.445
347.5;53.774
348.0;53.869
348.5;19.769
349.0;26.192
349.5;31.125
350.0;9.103
350.5;24.81
351.0;10.587
351.5;23.985
352.0;19.008
352.5;26.629
353.0;22.664
353.5;11.068
354.0;36.935
354.5;27.19
355.0;41.744
355.5;26.088
356.0;29.566
356.5;25.895
357.0;36.342
357.5;5.33
358.0;15.351
358.5;14.387
359.0;12.067
359.5;10.516
360.0;41.253
360.5;17.79
361.0;16.118
361.5;24.824
362.0;28.431
362.5;36.899
363.0;35.261
363.5;28.97
364.0;30.877
364.5;32.59
365.0;31.101
365.5;19.068
366.0;8.509
366.5;12.389
367.0;6.69
367.5;13.924
368.0;6.409
368.5;15.445
369.0;16.133
369.5;5.833
370.0;19.365
370.5;21.033
371.0;35.239
371.5;18.442
372.0;29.406
372.5;7.139
373.0;14.232
373.5;17.436
374.0;5.885
374.5;16.407
375.0;14.052
375.5;0.561
376.0;2.756
376.5;10.367
377.0;21.246
377.5;27.32
378.0;21.38
378.5;27.093
379.0;16.731
379.5;24.809
380.0;4.044
380.5;8.815
381.0;22.401
381.5;10.908
382.0;10.833
382.5;9.664
383.0;11.092
383.5;14.297
384.0;23.113
384.5;9.877
385.0;28.352
385.5;20.162
386.0;34.845
386.5;11.933
387.0;10.362
387.5;23.353
388.0;28.089
388.5;17.413
389.0;95.829
389.5;33.415
390.0;82.617
390.5;42.834
391.0;119.442
391.5;27.735
392.0;56.856
392.5;274.042
393.0;309.153
393.5;346.361
394.0;281.309
394.5;107.008
395.0;78.315
395.5;81.594
396.0;48.214
396.5;20.042
397.0;117.045
397.5;67.905
398.0;135.157
398.5;108.51
399.0;64.035
399.5;31.895
400.0;7.878
400.5;8.617
401.0;9.281
401.5;4.496
402.0;12.947
402.5;4.291
403.0;23.296
403.5;11.027
404.0;20.937
404.5;21.849
405.0;27.885
405.5;21.064
406.0;18.982
406.5;48.975
407.0;29.958
407.5;25.743
408.0;24.237
408.5;36.846
409.0;9.746
409.5;41.14
410.0;20.849
410.5;30.644
411.0;43.849
411.5;7.344
412.0;20.409
412.5;10.24
413.0;17.512
413.5;28.487
414.0;31.131
414.5;14.083
415.0;33.345
415.5;19.432
416.0;25.925
416.5;8.914
417.0;25.633
417.5;11.522
418.0;24.973
418.5;29.504
419.0;17.699
419.5;10.984
420.0;23.781
420.5;3.625
421.0;27.54
421.5;30.053
422.0;12.646
422.5;32.795
423.0;23.258
423.5;24.478
424.0;2.255
424.5;47.425
425.0;40.227
425.5;60.552
426.0;57.171
426.5;39.273
427.0;44.548
427.5;17.403
428.0;11.992
428.5;40.946
429.0;40.282
429.5;10.356
430.0;25.893
430.5;28.762
431.0;6.327
431.5;38.08
432.0;45.069
432.5;44.696
433.0;58.469
433.5;35.031
434.0;34.668
434.5;33.745
435.0;22.045
435.5;16.327
436.0;21.953
436.5;52.801
437.0;70.915
437.5;68.696
438.0;96.289
438.5;98.046
439.0;129.775
439.5;154.553
440.0;163.217
440.5;220.863
441.0;217.92
441.5;251.21
442.0;285.288
442.5;281.382
443.0;291.453
443.5;293.472
444.0;292.599
444.5;277.144
445.0;264.751
445.5;215.528
446.0;199.127
446.5;175.39
447.0;129.255
447.5;111.911
448.0;42.155
448.5;32.49
449.0;34.745
449.5;28.097
450.0;39.744
450.5;75.783
451.0;63.501
451.5;71.653
452.0;49.124
452.5;51.952
453.0;47.871
453.5;44.659
454.0;51.114
454.5;25.267
455.0;24.638
455.5;26.097
456.0;19.289
456.5;45.131
457.0;45.111
457.5;44.956
458.0;33.69
458.5;20.862
459.0;18.147
459.5;19.889
460.0;22.607
460.5;12.806
461.0;8.043
461.5;23.844
462.0;26.254
462.5;2.231
463.0;21.212
463.5;21.793
464.0;23.96
464.5;28.404
465.0;14.076
465.5;16.678
466.0;13.956
466.5;29.36
467.0;37.362
467.5;34.957
468.0;27.179
468.5;8.178
469.0;23.818
469.5;15.252
470.0;32.545
470.5;22.061
471.0;16.837
471.5;7.288
472.0;11.396
472.5;11.302
473.0;3.046
473.5;15.834
474.0;30.082
474.5;18.811
475.0;14.988
475.5;17.373
476.0;11.799
476.5;40.948
477.0;32.95
477.5;52.523
478.0;30.255
478.5;35.735
479.0;36.776
479.5;17.156
480.0;44.902
480.5;33.738
481.0;29.793
481.5;28.681
482.0;13.424
482.5;42.003
483.0;21.593
483.5;37.915
484.0;50.594
484.5;46.321
485.0;18.87
485.5;7.967
486.0;29.615
486.5;52.282
487.0;35.036
487.5;20.004
488.0;22.19
488.5;42.25
489.0;53.896
489.5;15.854
490.0;25.31
490.5;43.077
491.0;49.287
491.5;47.973
492.0;7.126
492.5;47.743
493.0;77.997
493.5;105.232
494.0;94.064
494.5;114.959
495.0;138.196
495.5;131.91
496.0;113.28
496.5;135.722
497.0;153.405
497.5;108.83
498.0;105.999
498.5;107.703
499.0;115.628
499.5;53.154
500.0;29.049
500.5;67.103
501.0;35.222
501.5;68.064
502.0;49.592
502.5;42.644
503.0;19.416
503.5;47.156
504.0;24.276
504.5;15.948
505.0;33.975
505.5;31.584
506.0;16.637
506.5;28.416
507.0;36.318
507.5;26.94
508.0;16.759
508.5;11.166
509.0;11.547
509.5;15.962
510.0;20.687
510.5;4.064
511.0;9.232
511.5;7.831
512.0;4.407
512.5;9.121
513.0;14.495
513.5;8.329
514.0;13.09
514.5;21.931
515.0;20.43
515.5;11.01
516.0;16.729
516.5;6.925
517.0;10.898
517.5;13.962
518.0;6.427
518.5;19.556
519.0;22.243
519.5;9.652
520.0;54.057
520.5;92.329
521.0;130.249
521.5;90.068
522.0;120.73
522.5;128.174
523.0;113.018
523.5;80.008
524.0;141.092
524.5;187.973
525.0;194.874
525.5;166.307
526.0;100.398
526.5;42.922
527.0;11.42
527.5;24.296
528.0;40.977
528.5;84.131
529.0;96.707
529.5;105.177
530.0;80.1
530.5;30.054
531.0;16.709
531.5;25.563
532.0;29.628
532.5;28.291
533.0;23.286
533.5;29.76
534.0;7.248
534.5;9.997
535.0;10.433
535.5;11.97
536.0;5.953
536.5;12.547
537.0;1.309
537.5;4.861
538.0;1.788
538.5;11.506
539.0;2.623
539.5;4.977
540.0;9.984
540.5;7.569
541.0;10.361
541.5;6.768
542.0;3.266
542.5;16.281
543.0;2.633
543.5;30.123
544.0;20.229
544.5;23.357
545.0;19.023
545.5;13.061
546.0;8.026
546.5;19.415
547.0;11.655
547.5;23.994
548.0;21.167
548.5;15.231
549.0;5.152
549.5;8.374
550.0;7.327
550.5;9.596
551.0;7.275
551.5;3.254
552.0;8.633
552.5;8.86
553.0;4.822
553.5;6.596
554.0;8.707
554.5;7.27
555.0;12.777
555.5;2.951
556.0;3.829
556.5;9.68
557.0;1.684
557.5;4.946
558.0;6.507
558.5;3.169
559.0;9.645
559.5;11.024
560.0;10.265
560.5;4.734
561.0;6.294
561.5;2.936
562.0;8.846
562.5;3.344
563.0;14.757
563.5;0.817
564.0;5.518
564.5;7.25
565.0;5.369
565.5;5.999
566.0;9.336
566.5;7.456
567.0;19.534
567.5;19.538
568.0;5.499
568.5;32.201
569.0;7.876
569.5;33.259
570.0;10.172
570.5;8.773
571.0;8.692
571.5;15.581
572.0;10.937
572.5;13.166
573.0;23.269
573.5;16.323
574.0;16.085
574.5;19.934
575.0;21.467
575.5;22.411
576.0;21.186
576.5;5.759
577.0;18.022
577.5;7.672
578.0;25.952
578.5;6.453
579.0;25.16
579.5;13.692
580.0;20.909
580.5;18.349
581.0;20.252
581.5;22.562
582.0;29.121
582.5;22.015
583.0;25.243
583.5;14.777
584.0;21.514
584.5;14.029
585.0;11.166
585.5;7.304
586.0;14.608
586.5;27.314
587.0;16.994
587.5;31.443
588.0;41.405
588.5;56.45
589.0;59.288
589.5;61.596
590.0;94.007
590.5;78.608
591.0;92.69
591.5;134.974
592.0;77.348
592.5;98.114
593.0;133.566
593.5;52.535
594.0;72.516
594.5;67.068
595.0;18.218
595.5;39.033
596.0;31.006
596.5;14.987
597.0;10.853
597.5;28.089
598.0;11.852
598.5;15.537
599.0;39.659
599.5;8.917
600.0;16.345
600.5;30.071
601.0;4.148
601.5;5.447
602.0;10.965
602.5;13.643
603.0;5.058
603.5;17.165
604.0;14.817
604.5;15.685
605.0;10.491
605.5;16.82
606.0;15.979
606.5;5.963
607.0;6.012
607.5;7.327
608.0;2.533
608.5;11.771
609.0;8.482
609.5;5.198
610.0;13.641
610.5;15.265
611.0;11.964
611.5;9.393
612.0;4.329
612.5;3.214
613.0;4.724
613.5;6.157
614.0;4.744
614.5;2.928
615.0;10.562
615.5;6.851
616.0;3.784
616.5;8.605
617.0;10.208
617.5;6.748
618.0;14.054
618.5;8.199
619.0;9.241
619.5;4.793
620.0;8.338
620.5;18.02
621.0;8.817
621.5;14.532
622.0;5.533
622.5;6.915
623.0;7.886
623.5;9.817
624.0;6.934
624.5;14.676
625.0;8.429
625.5;5.798
626.0;4.899
626.5;4.68
627.0;15.817
627.5;2.529
628.0;2.761
628.5;6.558
629.0;11.891
629.5;15.107
630.0;9.13
630.5;7.072
631.0;4.66
631.5;5.476
632.0;2.539
632.5;9.736
633.0;7.376
633.5;3.109
634.0;9.117
634.5;11.202
635.0;3.193
635.5;16.089
636.0;5.177
636.5;8.728
637.0;12.299
637.5;7.05
638.0;5.392
638.5;3.121
639.0;11.431
639.5;8.671
640.0;6.083
640.5;9.562
641.0;3.496
641.5;11.003
642.0;3.285
642.5;2.345
643.0;8.054
643.5;9.126
644.0;10.472
644.5;3.231
645.0;1.223
645.5;5.583
646.0;3.45
646.5;8.491
647.0;7.682
647.5;4.64
648.0;10.589
648.5;9.667
649.0;14.292
649.5;11.733
650.0;23.843
650.5;11.774
651.0;17.307
651.5;15.806
652.0;24.196
652.5;23.034
653.0;13.714
653.5;36.844
654.0;16.768
654.5;23.038
655.0;26.878
655.5;42.334
656.0;43.421
656.5;46.237
657.0;40.382
657.5;57.131
658.0;44.394
658.5;62.825
659.0;54.503
659.5;26.22
660.0;61.449
660.5;58.194
661.0;25.931
661.5;44.187
662.0;32.422
662.5;38.506
663.0;19.503
663.5;29.953
664.0;18.393
664.5;21.184
665.0;5.556
665.5;16.731
666.0;7.193
666.5;2.224
667.0;2.275
667.5;14.567
668.0;15.466
668.5;3.961
669.0;13.782
669.5;6.65
670.0;9.999
670.5;6.277
671.0;8.593
671.5;9.877
672.0;14.276
672.5;14.487
673.0;4.767
673.5;7.744
674.0;18.694
674.5;11.13
675.0;6.074
675.5;10.335
676.0;6.966
676.5;4.05
677.0;1.777
677.5;12.841
678.0;11.216
678.5;10.803
679.0;10.232
679.5;9.298
680.0;16.644
680.5;9.018
681.0;5.047
681.5;5.992
682.0;12.851
682.5;8.843
683.0;12.057
683.5;2.854
684.0;11.162
684.5;5.47
685.0;3.33
685.5;4.669
686.0;9.256
686.5;10.373
687.0;9.225
687.5;4.49
688.0;11.845
688.5;12.118
689.0;7.591
689.5;5.777
690.0;6.655
690.5;11.625
691.0;4.566
691.5;11.395
692.0;5.207
692.5;18.014
693.0;4.677
693.5;8.76
694.0;17.341
694.5;17.61
695.0;11.716
695.5;9.478
696.0;2.053
696.5;16.756
697.0;7.724
697.5;5.626
698.0;9.255
698.5;16.437
699.0;7.839
699.5;6.534
700.0;5.944
700.5;4.181
701.0;11.296
701.5;4.073
702.0;12.03
702.5;2.77
703.0;6.762
703.5;5.58
704.0;1.126
704.5;5.731
705.0;6.196
705.5;8.354
706.0;3.618
706.5;4.651
707.0;0.557
707.5;4.383
708.0;7.39
708.5;3.273
709.0;11.976
709.5;0.456
710.0;7.925
710.5;9.276
711.0;9.273
711.5;7.772
712.0;4.848
712.5;6.602
713.0;6.402
713.5;12.051
714.0;5.732
714.5;2.459
715.0;3.857
715.5;13.153
716.0;5.188
716.5;9.783
717.0;5.361
717.5;19.466
718.0;7.013
718.5;1.971
719.0;3.21
719.5;9.046
720.0;6.232
720.5;7.398
721.0;8.167
721.5;3.788
722.0;8.967
722.5;6.696
723.0;10.134
723.5;6.015
724.0;10.004
724.5;8.842
725.0;16.193
725.5;12.049
726.0;21.577
726.5;10.153
727.0;14.101
727.5;6.801
728.0;19.691
728.5;13.058
729.0;9.688
729.5;11.928
730.0;10.079
730.5;21.54
731.0;12.367
731.5;20.038
732.0;14.567
732.5;12.661
733.0;19.2
733.5;20.539
734.0;23.588
734.5;17.177
735.0;24.916
735.5;15.511
736.0;15.218
736.5;18.266
737.0;17.379
737.5;12.933
738.0;9.422
738.5;5.701
739.0;3.878
739.5;2.228
740.0;3.614
740.5;6.729
741.0;2.099
741.5;12.354
742.0;5.895
742.5;2.979
743.0;2.513
743.5;0.95
744.0;4.217
744.5;4.594
745.0;13.363
745.5;3.333
746.0;5.293
746.5;2.671
747.0;8.327
747.5;7.637
748.0;4.633
748.5;5.946
749.0;9.67
749.5;4.43
750.0;4.987
750.5;8.133
751.0;8.832
751.5;8.601
752.0;2.851
752.5;7.297
753.0;5.102
753.5;11.063
754.0;9.475
754.5;7.736
755.0;9.714
755.5;4.4
756.0;10.175
756.5;10.574
757.0;9.005
757.5;5.38
758.0;3.106
758.5;6.057
759.0;0.531
759.5;2.266
760.0;2.267
760.5;2.151
761.0;10.125
761.5;7.664
762.0;1.495
762.5;9.349
763.0;5.269
763.5;14.634
764.0;8.254
764.5;10.507
765.0;16.885
765.5;2.276
766.0;9.246
766.5;4.091
767.0;10.881
767.5;0.616
768.0;7.734
768.5;8.884
769.0;8.493
769.5;10.376
770.0;12.622
770.5;17.018
771.0;4.691
771.5;12.683
772.0;5.76
772.5;8.469
773.0;4.479
773.5;10.405
774.0;8.391
774.5;6.895
775.0;5.041
775.5;6.065
776.0;4.126
776.5;16.867
777.0;8.317
777.5;5.443
778.0;10.469
778.5;11.064
779.0;20.33
779.5;3.491
780.0;22.877
780.5;8.684
781.0;2.598
781.5;23.05
782.0;20.029
782.5;17.753
783.0;21.765
783.5;40.514
784.0;16.575
784.5;95.782
785.0;66.359
785.5;109.544
786.0;50.001
786.5;138.019
787.0;34.565
787.5;138.454
788.0;39.061
788.5;114.168
789.0;26.456
789.5;146.227
790.0;32.515
790.5;76.976
791.0;50.288
791.5;6.668
792.0;40.837
792.5;9.748
793.0;21.9
793.5;13.804
794.0;23.755
794.5;25.773
795.0;6.297
795.5;30.475
796.0;38.249
796.5;22.807
797.0;29.883
797.5;23.399
798.0;20.355
798.5;6.832
799.0;27.043
799.5;8.344
800.0;14.126
800.5;10.236
801.0;10.29
801.5;11.396
802.0;19.36
802.5;17.362
803.0;9.945
803.5;5.527
804.0;7.607
804.5;7.517
805.0;3.042
805.5;6.622
806.0;6.26
806.5;3.696
807.0;13.113
807.5;6.574
808.0;10.171
808.5;7.473
809.0;13.888
809.5;8.862
810.0;16.742
810.5;10.103
811.0;8.534
811.5;7.848
812.0;10.193
812.5;11.581
813.0;6.211
813.5;12.62
814.0;9.972
814.5;3.363
815.0;5.628
815.5;25.365
816.0;28.958
816.5;7.777
817.0;11.415
817.5;8.01
818.0;17.218
818.5;2.351
819.0;24.655
819.5;24.448
820.0;6.422
820.5;15.599
821.0;29.087
821.5;37.926
822.0;28.055
822.5;24.169
823.0;30.838
823.5;22.987
824.0;9.394
824.5;19.78
825.0;21.392
825.5;16.289
826.0;7.74
826.5;17.162
827.0;17.643
827.5;25.683
828.0;5.975
828.5;9.86
829.0;9.604
829.5;17.121
830.0;13.69
830.5;10.127
831.0;11.022
831.5;8.98
832.0;12.849
832.5;5.563
833.0;5.978
833.5;7.61
834.0;17.283
834.5;3.789
835.0;15.678
835.5;12.84
836.0;5.942
836.5;9.252
837.0;18.064
837.5;23.146
838.0;6.652
838.5;7.154
839.0;6.097
839.5;19.2
840.0;11.714
840.5;4.609
841.0;16.612
841.5;8.465
842.0;12.563
842.5;5.172
843.0;11.531
843.5;12.343
844.0;4.591
844.5;10.023
845.0;8.995
845.5;15.853
846.0;8.725
846.5;7.943
847.0;3.448
847.5;9.113
848.0;17.328
848.5;14.124
849.0;11.444
849.5;7.698
850.0;11.909
850.5;7.941
851.0;8.823
851.5;9.554
852.0;5.926
852.5;5.462
853.0;7.768
853.5;13.19
854.0;2.871
854.5;4.83
855.0;10.284
855.5;13.532
856.0;13.09
856.5;5.308
857.0;11.634
857.5;3.794
858.0;6.396
858.5;9.917
859.0;14.208
859.5;2.561
860.0;7.056
860.5;4.582
861.0;1.638
861.5;14.546
862.0;2.251
862.5;5.965
863.0;6.246
863.5;5.315
864.0;3.284
864.5;14.991
865.0;9.719
865.5;5.463
866.0;9.932
866.5;9.793
867.0;19.506
867.5;3.571
868.0;4.42
868.5;1.302
869.0;11.907
869.5;13.71
870.0;13.793
870.5;4.081
871.0;6.912
871.5;2.19
872.0;5.741
872.5;5.328
873.0;9.308
873.5;9.809
874.0;7.973
874.5;9.379
875.0;11.975
875.5;11.7
876.0;7.659
876.5;2.708
877.0;7.851
877.5;4.895
878.0;12.801
878.5;7.582
879.0;7.802
879.5;1.58
880.0;5.15
880.5;8.391
881.0;3.714
881.5;12.325
882.0;12.977
882.5;10.037
883.0;5.091
883.5;10.826
884.0;14.897
884.5;21.715
885.0;35.98
885.5;41.234
886.0;44.938
886.5;46.03
887.0;50.545
887.5;61.456
888.0;53.363
888.5;30.91
889.0;53.673
889.5;67.003
890.0;59.179
890.5;57.989
891.0;50.532
891.5;56.215
892.0;46.894
892.5;52.758
893.0;43.182
893.5;30.301
894.0;27.617
894.5;15.608
895.0;12.577
895.5;19.729
896.0;14.012
896.5;19.785
897.0;27.917
897.5;17.226
898.0;24.273
898.5;20.309
899.0;19.563
899.5;17.377
900.0;18.733
900.5;15.622
901.0;18.922
901.5;18.431
902.0;14.958
902.5;12.606
903.0;5.423
903.5;9.607
904.0;14.034
904.5;19.268
905.0;18.371
905.5;26.789
906.0;14.525
906.5;8.802
907.0;12.835
907.5;12.561
908.0;2.116
908.5;7.163
909.0;9.403
909.5;16.289
910.0;11.196
910.5;8.156
911.0;12.039
911.5;9.417
912.0;15.956
912.5;14.342
913.0;15.264
913.5;14.586
914.0;12.122
914.5;11.829
915.0;7.478
915.5;3.395
916.0;9.61
916.5;9.456
917.0;10.003
917.5;16.736
918.0;27.451
918.5;36.795
919.0;38.046
919.5;47.091
920.0;64.147
920.5;65.706
921.0;64.001
921.5;63.524
922.0;109.451
922.5;134.263
923.0;132.282
923.5;90.905
924.0;55.938
924.5;20.46
925.0;28.876
925.5;50.043
926.0;72.298
926.5;93.482
927.0;99.2
927.5;91.358
928.0;81.016
928.5;40.856
929.0;26.052
929.5;14.898
930.0;28.146
930.5;34.994
931.0;46.399
931.5;40.867
932.0;36.473
932.5;34.522
933.0;7.804
933.5;10.238
934.0;11.228
934.5;19.431
935.0;6.022
935.5;12.904
936.0;7.504
936.5;13.414
937.0;10.835
937.5;14.292
938.0;2.453
938.5;2.252
939.0;9.844
939.5;8.759
940.0;16.996
940.5;6.07
941.0;14.812
941.5;12.69
942.0;9.885
942.5;7.332
943.0;11.464
943.5;12.801
944.0;13.267
944.5;8.909
945.0;23.283
945.5;4.245
946.0;15.026
946.5;15.44
947.0;4.981
947.5;9.147
948.0;9.331
948.5;11.52
949.0;7.248
949.5;17.575
950.0;4.354
950.5;4.903
951.0;10.985
951.5;14.295
952.0;10.889
952.5;7.227
953.0;7.025
953.5;8.779
954.0;9.893
954.5;4.023
955.0;2.634
955.5;7.931
956.0;11.873
956.5;19.049
957.0;20.547
957.5;18.45
958.0;4.934
958.5;14.982
959.0;9.879
959.5;6.302
960.0;20.599
960.5;0.886
961.0;8.425
961.5;8.927
962.0;19.579
962.5;18.4
963.0;12.313
963.5;4.931
964.0;9.978
964.5;22.275
965.0;13.647
965.5;5.757
966.0;10.954
966.5;17.321
967.0;12.961
967.5;26.323
968.0;9.801
968.5;6.12
969.0;6.133
969.5;27.238
970.0;33.145
970.5;16.88
971.0;15.734
971.5;16.136
972.0;5.881
972.5;12.687
973.0;10.859
973.5;11.76
974.0;2.561
974.5;10.191
975.0;7.591
975.5;1.735
976.0;13.907
976.5;10.391
977.0;10.388
977.5;7.523
978.0;0.78
978.5;4.524
979.0;7.095
979.5;6.165
980.0;18.513
980.5;28.788
981.0;19.835
981.5;32.833
982.0;18.161
982.5;23.041
983.0;42.959
983.5;52.327
984.0;38.078
984.5;33.027
985.0;20.623
985.5;15.784
986.0;6.352
986.5;29.498
987.0;62.683
987.5;55.023
988.0;32.616
988.5;31.657
989.0;56.562
989.5;36.028
990.0;14.362
990.5;27.611
991.0;26.259
991.5;6.053
992.0;3.917
992.5;5.925
993.0;3.688
993.5;8.171
994.0;10.672
994.5;6.702
995.0;11.36
995.5;4.945
996.0;4.685
996.5;6.549
997.0;4.579
997.5;2.572
998.0;7.819
998.5;8.277
999.0;10.76
999.5;7.686
1000.0;7.975
1000.5;5.475
1001.0;1.395
1001.5;10.573
1002.0;5.896
1002.5;6.696
1003.0;3.358
1003.5;2.834
1004.0;3.097
1004.5;2.981
1005.0;5.376
1005.5;6.256
1006.0;0.732
1006.5;11.905
1007.0;6.808
1007.5;3.937
1008.0;14.215
1008.5;15.274
1009.0;18.671
1009.5;24.741
1010.0;19.175
1010.5;12.267
1011.0;9.189
1011.5;9.74
1012.0;7.248
1012.5;11.488
1013.0;14.866
1013.5;4.153
1014.0;14.223
1014.5;7.332
1015.0;11.193
1015.5;10.14
1016.0;5.335
1016.5;4.474
1017.0;7.457
1017.5;9.368
1018.0;16.194
1018.5;8.315
1019.0;1.771
1019.5;5.808
1020.0;4.047
1020.5;12.478
1021.0;13.026
1021.5;8.567
1022.0;9.831
1022.5;9.48
1023.0;10.118
1023.5;9.754
1024.0;1.269
1024.5;5.689
1025.0;5.569
1025.5;4.227
1026.0;4.789
1026.5;6.375
1027.0;10.114
1027.5;15.42
1028.0;14.013
1028.5;21.112
1029.0;11.914
1029.5;18.96
1030.0;14.486
1030.5;14.522
1031.0;21.365
1031.5;15.25
1032.0;23.055
1032.5;12.234
1033.0;6.827
1033.5;2.702
1034.0;17.885
1034.5;19.05
1035.0;19.544
1035.5;23.541
1036.0;16.926
1036.5;12.868
1037.0;25.53
1037.5;37.141
1038.0;54.207
1038.5;74.41
1039.0;73.281
1039.5;82.515
1040.0;91.071
1040.5;89.987
1041.0;86.108
1041.5;58.085
1042.0;43.174
1042.5;18.646
1043.0;16.484
1043.5;22.094
1044.0;37.124
1044.5;27.167
1045.0;18.222
1045.5;18.615
1046.0;18.261
1046.5;34.726
1047.0;25.075
1047.5;24.213
1048.0;22.319
1048.5;17.418
1049.0;19.848
1049.5;40.079
1050.0;46.71
1050.5;45.067
1051.0;41.386
1051.5;63.497
1052.0;92.328
1052.5;110.952
1053.0;120.027
1053.5;114.161
1054.0;118.348
1054.5;107.895
1055.0;82.452
1055.5;86.67
1056.0;95.608
1056.5;99.047
1057.0;91.24
1057.5;84.184
1058.0;52.271
1058.5;38.09
1059.0;23.356
1059.5;18.962
1060.0;2.837
1060.5;24.161
1061.0;25.61
1061.5;15.476
1062.0;11.405
1062.5;20.104
1063.0;10.11
1063.5;41.426
1064.0;45.92
1064.5;42.166
1065.0;13.976
1065.5;23.352
1066.0;12.443
1066.5;3.205
1067.0;21.769
1067.5;42.93
1068.0;20.577
1068.5;16.587
1069.0;7.532
1069.5;7.44
1070.0;19.424
1070.5;12.771
1071.0;6.337
1071.5;6.045
1072.0;5.26
1072.5;1.766
1073.0;7.731
1073.5;14.753
1074.0;21.255
1074.5;12.533
1075.0;11.6
1075.5;10.035
1076.0;7.173
1076.5;3.299
1077.0;4.95
1077.5;5.207
1078.0;1.972
1078.5;4.685
1079.0;8.522
1079.5;10.074
1080.0;7.816
1080.5;5.914
1081.0;10.323
1081.5;5.949
1082.0;6.854
1082.5;7.244
1083.0;16.452
1083.5;15.109
1084.0;5.655
1084.5;5.161
1085.0;9.252
1085.5;10.38
1086.0;3.83
1086.5;10.618
1087.0;16.592
1087.5;8.955
1088.0;5.499
1088.5;4.016
1089.0;6.853
1089.5;9.379
1090.0;10.543
1090.5;13.866
1091.0;9.443
1091.5;6.832
1092.0;18.609
1092.5;9.664
1093.0;1.846
1093.5;5.955
1094.0;14.23
1094.5;9.827
1095.0;6.821
1095.5;7.452
1096.0;5.981
1096.5;4.797
1097.0;6.056
1097.5;5.441
1098.0;5.426
1098.5;3.059
1099.0;8.968
1099.5;4.535
1100.0;3.308
1100.5;3.054
1101.0;4.655
1101.5;5.731
1102.0;6.711
1102.5;3.819
1103.0;7.599
1103.5;3.708
1104.0;5.375
1104.5;3.259
1105.0;2.034
1105.5;1.352
1106.0;2.556
1106.5;5.782
1107.0;6.385
1107.5;2.626
1108.0;4.691
1108.5;2.585
1109.0;1.969
1109.5;4.412
1110.0;3.893
1110.5;3.366
1111.0;1.512
1111.5;4.616
1112.0;8.433
1112.5;5.151
1113.0;3.119
1113.5;4.286
1114.0;6.442
1114.5;9.511
1115.0;1.504
1115.5;2.915
1116.0;4.233
1116.5;9.48
1117.0;4.131
1117.5;3.126
1118.0;1.914
1118.5;4.532
1119.0;3.625
1119.5;5.393
1120.0;13.012
1120.5;7.019
1121.0;4.588
1121.5;12.503
1122.0;11.451
1122.5;4.719
1123.0;2.564
1123.5;2.392
1124.0;7.9
1124.5;0.876
1125.0;2.204
1125.5;8.989
1126.0;14.021
1126.5;10.206
1127.0;4.874
1127.5;6.793
1128.0;9.131
1128.5;7.509
1129.0;7.146
1129.5;2.49
1130.0;4.118
1130.5;5.349
1131.0;8.662
1131.5;8.864
1132.0;5.312
1132.5;4.946
1133.0;3.394
1133.5;7.353
1134.0;3.116
1134.5;7.13
1135.0;2.168
1135.5;6.487
1136.0;8.197
1136.5;8.373
1137.0;1.752
1137.5;9.042
1138.0;5.714
1138.5;0.75
1139.0;8.767
1139.5;9.206
1140.0;4.138
1140.5;3.228
1141.0;6.653
1141.5;4.26
1142.0;5.844
1142.5;13.781
1143.0;4.37
1143.5;6.301
1144.0;3.389
1144.5;7.99
1145.0;1.867
1145.5;4.694
1146.0;5.207
1146.5;7.412
1147.0;6.242
1147.5;5.504
1148.0;9.991
1148.5;12.335
1149.0;7.657
1149.5;3.976
1150.0;10.937
1150.5;9.84
1151.0;8.504
1151.5;3.537
1152.0;7.343
1152.5;16.497
1153.0;15.034
1153.5;12.964
1154.0;26.928
1154.5;38.694
1155.0;24.646
1155.5;28.486
1156.0;43.749
1156.5;34.975
1157.0;28.872
1157.5;38.713
1158.0;46.639
1158.5;22.267
1159.0;25.411
1159.5;15.744
1160.0;32.825
1160.5;6.907
1161.0;3.385
1161.5;10.471
1162.0;15.615
1162.5;3.066
1163.0;4.194
1163.5;6.452
1164.0;13.651
1164.5;6.0
1165.0;2.047
1165.5;10.154
1166.0;3.4
1166.5;9.824
1167.0;7.743
1167.5;15.588
1168.0;1.58
1168.5;25.084
1169.0;10.575
1169.5;14.17
1170.0;6.14
1170.5;8.998
1171.0;10.277
1171.5;7.656
1172.0;10.078
1172.5;10.089
1173.0;6.719
1173.5;11.339
1174.0;10.096
1174.5;7.697
1175.0;15.871
1175.5;4.994
1176.0;4.934
1176.5;4.409
1177.0;3.495
1177.5;5.25
1178.0;18.087
1178.5;3.864
1179.0;14.995
1179.5;8.736
1180.0;13.653
1180.5;9.967
1181.0;12.483
1181.5;24.979
1182.0;3.08
1182.5;17.189
1183.0;16.106
1183.5;29.225
1184.0;15.025
1184.5;39.637
1185.0;5.339
1185.5;30.915
1186.0;29.482
1186.5;36.376
1187.0;39.54
1187.5;37.918
1188.0;47.495
1188.5;17.742
1189.0;32.9
1189.5;18.627
1190.0;17.497
1190.5;15.537
1191.0;4.175
1191.5;14.556
1192.0;12.553
1192.5;7.077
1193.0;12.484
1193.5;11.748
1194.0;12.215
1194.5;14.386
1195.0;13.211
1195.5;17.742
1196.0;21.527
1196.5;21.933
1197.0;5.146
1197.5;8.717
1198.0;8.63
1198.5;15.458
1199.0;6.755
1199.5;4.848
1200.0;4.95
1200.5;15.747
1201.0;3.224
1201.5;1.644
1202.0;9.534
1202.5;7.577
1203.0;15.612
1203.5;9.823
1204.0;7.604
1204.5;8.624
1205.0;19.994
1205.5;8.444
1206.0;8.052
1206.5;1.163
1207.0;12.039
1207.5;2.296
1208.0;11.601
1208.5;8.009
1209.0;11.243
1209.5;10.694
1210.0;8.874
1210.5;9.772
1211.0;8.228
1211.5;4.675
1212.0;0.59
1212.5;10.714
1213.0;3.994
1213.5;8.149
1214.0;3.871
1214.5;13.049
1215.0;3.486
1215.5;7.116
1216.0;6.422
1216.5;5.907
1217.0;6.729
1217.5;22.435
1218.0;14.904
1218.5;6.21
1219.0;7.491
1219.5;6.922
1220.0;11.086
1220.5;2.271
1221.0;5.136
1221.5;7.954
1222.0;5.673
1222.5;5.842
1223.0;3.536
1223.5;4.254
1224.0;3.963
1224.5;6.922
1225.0;3.91
1225.5;8.292
1226.0;5.571
1226.5;6.51
1227.0;4.234
1227.5;11.772
1228.0;2.135
1228.5;6.63
1229.0;7.582
1229.5;1.312
1230.0;3.126
1230.5;5.782
1231.0;4.513
1231.5;4.595
1232.0;5.764
1232.5;3.227
1233.0;3.277
1233.5;2.568
1234.0;1.445
1234.5;1.518
1235.0;5.607
1235.5;6.855
1236.0;8.522
1236.5;4.542
1237.0;3.134
1237.5;8.323
1238.0;2.387
1238.5;2.458
1239.0;4.376
1239.5;5.988
1240.0;0.512
1240.5;6.296
1241.0;3.89
1241.5;1.107
1242.0;1.191
1242.5;5.611
1243.0;4.0
1243.5;2.327
1244.0;6.694
1244.5;0.812
1245.0;9.645
1245.5;3.606
1246.0;7.924
1246.5;0.961
1247.0;4.491
1247.5;3.138
1248.0;8.008
1248.5;9.305
1249.0;8.084
1249.5;5.079
1250.0;2.469
1250.5;2.053
1251.0;4.69
1251.5;1.063
1252.0;9.353
1252.5;2.497
1253.0;3.829
1253.5;1.324
1254.0;3.138
1254.5;3.636
1255.0;0.943
1255.5;5.96
1256.0;2.518
1256.5;2.56
1257.0;5.157
1257.5;5.772
1258.0;3.681
1258.5;6.078
1259.0;7.265
1259.5;3.432
1260.0;8.015
1260.5;8.764
1261.0;12.903
1261.5;3.757
1262.0;12.445
1262.5;12.59
1263.0;6.269
1263.5;6.944
1264.0;9.476
1264.5;6.966
1265.0;5.641
1265.5;7.912
1266.0;4.919
1266.5;8.113
1267.0;4.966
1267.5;1.594
1268.0;1.416
1268.5;0.859
1269.0;3.911
1269.5;2.475
1270.0;4.985
1270.5;6.032
1271.0;7.028
1271.5;3.617
1272.0;4.866
1272.5;8.944
1273.0;0.833
1273.5;5.759
1274.0;11.734
1274.5;10.868
1275.0;15.334
1275.5;6.151
1276.0;5.519
1276.5;6.612
1277.0;5.874
1277.5;2.332
1278.0;5.677
1278.5;3.829
1279.0;5.063
1279.5;4.139
1280.0;11.127
1280.5;2.987
1281.0;2.179
1281.5;4.478
1282.0;2.105
1282.5;6.427
1283.0;7.031
1283.5;4.067
1284.0;3.734
1284.5;9.135
1285.0;9.552
1285.5;5.295
1286.0;3.658
1286.5;10.685
1287.0;4.268
1287.5;4.932
1288.0;8.793
1288.5;7.221
1289.0;2.103
1289.5;2.983
1290.0;7.045
1290.5;6.631
1291.0;4.748
1291.5;3.142
1292.0;6.117
1292.5;6.709
1293.0;2.64
1293.5;3.887
1294.0;3.07
1294.5;2.419
1295.0;8.663
1295.5;8.156
1296.0;4.161
1296.5;11.727
1297.0;10.062
1297.5;7.805
1298.0;3.913
1298.5;8.775
1299.0;5.401
1299.5;2.083
1300.0;3.167
1300.5;5.474
1301.0;5.763
1301.5;3.765
1302.0;6.299
1302.5;1.85
1303.0;2.983
1303.5;3.969
1304.0;1.463
1304.5;6.317
1305.0;8.023
1305.5;5.062
1306.0;3.6
1306.5;4.494
1307.0;3.775
1307.5;2.403
1308.0;4.131
1308.5;4.61
1309.0;6.226
1309.5;2.937
1310.0;8.446
1310.5;11.323
1311.0;3.371
1311.5;3.885
1312.0;12.892
1312.5;17.09
1313.0;7.104
1313.5;10.764
1314.0;15.955
1314.5;16.716
1315.0;5.734
1315.5;1.379
1316.0;15.323
1316.5;21.18
1317.0;12.788
1317.5;8.551
1318.0;9.306
1318.5;14.891
1319.0;8.093
1319.5;16.014
1320.0;13.757
1320.5;13.497
1321.0;12.681
1321.5;16.551
1322.0;10.778
1322.5;15.652
1323.0;18.151
1323.5;19.524
1324.0;12.655
1324.5;2.227
1325.0;3.908
1325.5;17.736
1326.0;10.831
1326.5;16.344
1327.0;0.967
1327.5;5.589
1328.0;10.366
1328.5;5.39
1329.0;6.643
1329.5;10.644
1330.0;11.603
1330.5;5.95
1331.0;11.34
1331.5;23.539
1332.0;9.865
1332.5;10.726
1333.0;6.242
1333.5;9.135
1334.0;8.482
1334.5;10.666
1335.0;18.787
1335.5;10.402
1336.0;8.12
1336.5;6.644
1337.0;13.365
1337.5;11.462
1338.0;17.379
1338.5;9.656
1339.0;8.475
1339.5;7.276
1340.0;7.651
1340.5;4.128
1341.0;9.611
1341.5;16.414
1342.0;10.733
1342.5;14.877
1343.0;10.841
1343.5;20.987
1344.0;16.855
1344.5;15.174
1345.0;16.078
1345.5;12.669
1346.0;14.863
1346.5;13.883
1347.0;13.137
1347.5;1.657
1348.0;5.697
1348.5;16.901
1349.0;15.509
1349.5;12.26
1350.0;8.244
1350.5;8.689
1351.0;7.508
1351.5;8.642
1352.0;10.442
1352.5;7.959
1353.0;2.783
1353.5;8.802
1354.0;4.011
1354.5;0.934
1355.0;6.688
1355.5;8.507
1356.0;7.296
1356.5;11.634
1357.0;11.082
1357.5;5.794
1358.0;11.507
1358.5;4.295
1359.0;9.094
1359.5;13.896
1360.0;13.283
1360.5;18.762
1361.0;10.827
1361.5;19.242
1362.0;13.589
1362.5;9.142
1363.0;10.305
1363.5;4.526
1364.0;4.732
1364.5;5.283
1365.0;4.471
1365.5;5.918
1366.0;6.434
1366.5;5.519
1367.0;13.426
1367.5;10.505
1368.0;9.916
1368.5;9.425
1369.0;12.721
1369.5;8.207
1370.0;6.947
1370.5;5.557
1371.0;12.786
1371.5;6.624
1372.0;10.604
1372.5;11.482
1373.0;8.513
1373.5;6.449
1374.0;5.593
1374.5;8.657
1375.0;0.264
1375.5;8.288
1376.0;4.159
1376.5;14.89
1377.0;3.014
1377.5;14.658
1378.0;14.11
1378.5;10.641
1379.0;20.108
1379.5;19.076
1380.0;33.406
1380.5;24.315
1381.0;35.652
1381.5;32.413
1382.0;30.348
1382.5;34.213
1383.0;27.947
1383.5;26.02
1384.0;27.999
1384.5;35.101
1385.0;31.141
1385.5;37.708
1386.0;37.679
1386.5;31.05
1387.0;30.963
1387.5;23.232
1388.0;23.874
1388.5;15.183
1389.0;13.923
1389.5;17.587
1390.0;17.001
1390.5;24.548
1391.0;26.471
1391.5;16.749
1392.0;22.424
1392.5;18.71
1393.0;23.056
1393.5;14.342
1394.0;3.686
1394.5;6.856
1395.0;12.385
1395.5;9.2
1396.0;12.071
1396.5;13.278
1397.0;7.2
1397.5;8.967
1398.0;13.735
1398.5;3.492
1399.0;13.423
1399.5;7.068
1400.0;10.438
1400.5;12.018
1401.0;4.762
1401.5;11.994
1402.0;2.472
1402.5;16.209
1403.0;6.311
1403.5;20.788
1404.0;13.143
1404.5;8.282
1405.0;7.021
1405.5;10.399
1406.0;3.046
1406.5;2.876
1407.0;2.993
1407.5;6.375
1408.0;0.891
1408.5;13.025
1409.0;6.903
1409.5;6.928
1410.0;12.342
1410.5;9.209
1411.0;10.369
1411.5;3.449
1412.0;10.54
1412.5;5.036
1413.0;10.93
1413.5;1.358
1414.0;3.256
1414.5;2.01
1415.0;6.678
1415.5;0.599
1416.0;3.687
1416.5;5.385
1417.0;2.45
1417.5;9.545
1418.0;7.132
1418.5;4.845
1419.0;2.042
1419.5;9.962
1420.0;4.663
1420.5;10.643
1421.0;6.001
1421.5;8.855
1422.0;4.511
1422.5;6.884
1423.0;4.054
1423.5;3.789
1424.0;5.936
1424.5;1.189
1425.0;13.899
1425.5;11.529
1426.0;3.806
1426.5;8.116
1427.0;3.351
1427.5;3.185
1428.0;4.114
1428.5;4.974
1429.0;6.37
1429.5;3.604
1430.0;4.561
1430.5;5.782
1431.0;2.517
1431.5;11.755
1432.0;8.826
1432.5;14.794
1433.0;11.491
1433.5;8.761
1434.0;6.405
1434.5;6.045
1435.0;2.992
1435.5;4.922
1436.0;7.912
1436.5;1.95
1437.0;7.974
1437.5;9.814
1438.0;6.857
1438.5;6.543
1439.0;4.521
1439.5;11.34
1440.0;15.647
1440.5;16.641
1441.0;16.551
1441.5;5.68
1442.0;14.578
1442.5;17.592
1443.0;16.844
1443.5;8.818
1444.0;20.391
1444.5;14.759
1445.0;11.192
1445.5;10.686
1446.0;3.233
1446.5;1.679
1447.0;7.868
1447.5;12.776
1448.0;10.266
1448.5;12.47
1449.0;18.207
1449.5;19.221
1450.0;14.199
1450.5;14.69
1451.0;14.227
1451.5;9.943
1452.0;14.763
1452.5;16.357
1453.0;16.588
1453.5;13.399
1454.0;10.359
1454.5;17.927
1455.0;18.962
1455.5;18.05
1456.0;23.258
1456.5;30.25
1457.0;33.064
1457.5;22.352
1458.0;32.456
1458.5;34.174
1459.0;35.884
1459.5;49.872
1460.0;46.034
1460.5;38.188
1461.0;44.359
1461.5;36.419
1462.0;23.567
1462.5;24.753
1463.0;10.319
1463.5;4.059
1464.0;9.958
1464.5;9.067
1465.0;6.894
1465.5;4.209
1466.0;2.043
1466.5;6.733
1467.0;2.381
1467.5;12.395
1468.0;14.315
1468.5;4.945
1469.0;13.798
1469.5;3.127
1470.0;9.452
1470.5;12.849
1471.0;3.79
1471.5;7.503
1472.0;7.225
1472.5;10.155
1473.0;16.242
1473.5;11.408
1474.0;16.516
1474.5;16.326
1475.0;17.47
1475.5;9.361
1476.0;9.525
1476.5;28.323
1477.0;27.989
1477.5;19.056
1478.0;12.054
1478.5;5.614
1479.0;18.579
1479.5;25.351
1480.0;26.119
1480.5;25.505
1481.0;29.168
1481.5;31.335
1482.0;19.676
1482.5;15.42
1483.0;29.869
1483.5;35.252
1484.0;18.62
1484.5;25.605
1485.0;28.868
1485.5;22.302
1486.0;9.483
1486.5;8.866
1487.0;32.189
1487.5;31.004
1488.0;20.143
1488.5;35.513
1489.0;15.113
1489.5;6.573
1490.0;21.453
1490.5;18.86
1491.0;15.939
1491.5;12.965
1492.0;9.357
1492.5;8.041
1493.0;12.997
1493.5;12.132
1494.0;9.661
1494.5;21.399
1495.0;29.11
1495.5;31.088
1496.0;33.848
1496.5;40.947
1497.0;40.804
1497.5;36.077
1498.0;42.281
1498.5;35.086
1499.0;48.587
1499.5;38.725
1500.0;25.621
1500.5;25.394
1501.0;12.684
1501.5;15.899
1502.0;16.63
1502.5;6.204
1503.0;11.123
1503.5;15.112
1504.0;13.111
1504.5;6.725
1505.0;11.284
1505.5;16.638
1506.0;11.33
1506.5;14.365
1507.0;4.593
1507.5;5.042
1508.0;5.935
1508.5;6.296
1509.0;6.472
1509.5;7.459
1510.0;4.783
1510.5;5.972
1511.0;6.627
1511.5;3.971
1512.0;4.991
1512.5;9.166
1513.0;1.066
1513.5;5.145
1514.0;5.745
1514.5;8.503
1515.0;4.296
1515.5;7.453
1516.0;7.812
1516.5;5.842
1517.0;6.455
1517.5;6.08
1518.0;6.241
1518.5;8.491
1519.0;7.063
1519.5;9.776
1520.0;4.592
1520.5;9.755
1521.0;12.676
1521.5;2.692
1522.0;4.476
1522.5;8.216
1523.0;11.245
1523.5;2.618
1524.0;5.782
1524.5;4.126
1525.0;1.344
1525.5;4.022
1526.0;2.054
1526.5;1.517
1527.0;1.364
1527.5;5.56
1528.0;1.71
1528.5;4.741
1529.0;5.419
1529.5;3.201
1530.0;5.842
1530.5;0.835
1531.0;5.337
1531.5;6.844
1532.0;2.739
1532.5;5.79
1533.0;6.736
1533.5;6.313
1534.0;5.636
1534.5;7.802
1535.0;7.338
1535.5;5.062
1536.0;5.606
1536.5;7.013
1537.0;10.865
1537.5;4.098
1538.0;8.768
1538.5;3.759
1539.0;7.616
1539.5;7.49
1540.0;7.463
1540.5;6.76
1541.0;5.023
1541.5;6.696
1542.0;5.12
1542.5;3.763
1543.0;8.033
1543.5;5.12
1544.0;3.795
1544.5;5.17
1545.0;3.085
1545.5;7.596
1546.0;7.3
1546.5;11.769
1547.0;3.29
1547.5;10.387
1548.0;5.684
1548.5;8.94
1549.0;9.246
1549.5;5.627
1550.0;6.551
1550.5;6.087
1551.0;12.765
1551.5;4.641
1552.0;13.762
1552.5;4.562
1553.0;10.983
1553.5;2.266
1554.0;14.453
1554.5;6.25
1555.0;9.096
1555.5;7.926
1556.0;7.524
1556.5;5.879
1557.0;2.736
1557.5;8.165
1558.0;10.412
1558.5;7.792
1559.0;12.276
1559.5;22.05
1560.0;4.2
1560.5;18.64
1561.0;12.756
1561.5;27.657
1562.0;5.074
1562.5;24.343
1563.0;16.422
1563.5;15.417
1564.0;14.222
1564.5;14.447
1565.0;10.459
1565.5;15.954
1566.0;23.682
1566.5;9.528
1567.0;31.244
1567.5;11.024
1568.0;26.067
1568.5;11.378
1569.0;16.924
1569.5;14.786
1570.0;11.657
1570.5;15.96
1571.0;8.832
1571.5;5.743
1572.0;12.736
1572.5;3.42
1573.0;14.405
1573.5;6.419
1574.0;12.669
1574.5;7.098
1575.0;12.406
1575.5;12.041
1576.0;5.973
1576.5;9.374
1577.0;9.533
1577.5;15.785
1578.0;15.72
1578.5;31.891
1579.0;26.696
1579.5;41.172
1580.0;41.474
1580.5;61.938
1581.0;55.268
1581.5;52.135
1582.0;66.566
1582.5;47.785
1583.0;65.664
1583.5;39.109
1584.0;53.533
1584.5;42.19
1585.0;49.527
1585.5;44.651
1586.0;39.372
1586.5;51.17
1587.0;27.735
1587.5;38.334
1588.0;12.54
1588.5;31.203
1589.0;7.481
1589.5;23.913
1590.0;5.739
1590.5;20.034
1591.0;7.341
1591.5;22.182
1592.0;12.969
1592.5;20.917
1593.0;19.738
1593.5;13.782
1594.0;20.101
1594.5;14.896
1595.0;16.023
1595.5;18.322
1596.0;20.357
1596.5;24.052
1597.0;19.187
1597.5;20.629
1598.0;12.317
1598.5;12.091
1599.0;17.419
1599.5;12.162
1600.0;22.73
1600.5;5.722
1601.0;23.921
1601.5;6.68
1602.0;26.363
1602.5;7.784
1603.0;22.069
1603.5;11.424
1604.0;14.29
1604.5;13.233
1605.0;17.16
1605.5;10.947
1606.0;11.886
1606.5;9.175
1607.0;2.06
1607.5;4.878
1608.0;1.061
1608.5;10.568
1609.0;9.576
1609.5;17.128
1610.0;17.44
1610.5;12.444
1611.0;5.777
1611.5;5.318
1612.0;9.592
1612.5;7.708
1613.0;8.483
1613.5;9.401
1614.0;12.168
1614.5;9.127
1615.0;9.583
1615.5;8.88
1616.0;5.565
1616.5;14.629
1617.0;3.187
1617.5;4.372
1618.0;9.839
1618.5;7.485
1619.0;6.63
1619.5;8.794
1620.0;2.742
1620.5;9.418
1621.0;7.704
1621.5;4.838
1622.0;9.043
1622.5;10.891
1623.0;14.943
1623.5;6.218
1624.0;7.484
1624.5;7.467
1625.0;10.172
1625.5;9.199
1626.0;6.137
1626.5;5.546
1627.0;7.903
1627.5;6.759
1628.0;2.49
1628.5;5.603
1629.0;2.822
1629.5;2.452
1630.0;8.31
1630.5;2.32
1631.0;8.735
1631.5;9.906
1632.0;3.828
1632.5;7.429
1633.0;6.941
1633.5;4.047
1634.0;7.362
1634.5;12.529
1635.0;6.706
1635.5;6.38
1636.0;6.947
1636.5;5.347
1637.0;6.578
1637.5;12.528
1638.0;9.19
1638.5;5.437
1639.0;9.69
1639.5;1.994
1640.0;12.017
1640.5;6.153
1641.0;5.025
1641.5;7.701
1642.0;12.031
1642.5;10.151
1643.0;3.289
1643.5;5.418
1644.0;6.563
1644.5;11.009
1645.0;12.94
1645.5;6.107
1646.0;5.601
1646.5;2.338
1647.0;10.347
1647.5;11.782
1648.0;2.578
1648.5;2.19
1649.0;4.107
1649.5;7.666
1650.0;4.877
1650.5;10.251
1651.0;6.495
1651.5;10.2
1652.0;4.802
1652.5;7.154
1653.0;10.212
1653.5;11.294
1654.0;22.279
1654.5;18.42
1655.0;21.167
1655.5;14.759
1656.0;11.594
1656.5;12.472
1657.0;15.428
1657.5;21.701
1658.0;19.02
1658.5;20.759
1659.0;10.359
1659.5;3.104
1660.0;5.547
1660.5;5.84
1661.0;18.466
1661.5;8.633
1662.0;7.536
1662.5;11.756
1663.0;9.532
1663.5;5.407
1664.0;7.745
1664.5;8.561
1665.0;7.25
1665.5;2.839
1666.0;3.922
1666.5;8.527
1667.0;6.324
1667.5;5.448
1668.0;1.255
1668.5;7.389
1669.0;6.718
1669.5;3.25
1670.0;7.252
1670.5;10.678
1671.0;8.125
1671.5;7.335
1672.0;4.716
1672.5;9.654
1673.0;1.551
1673.5;2.624
1674.0;2.908
1674.5;5.677
1675.0;3.196
1675.5;4.842
1676.0;3.026
1676.5;1.68
1677.0;5.355
1677.5;4.699
1678.0;1.669
1678.5;1.585
1679.0;2.953
1679.5;0.986
1680.0;6.312
1680.5;3.122
1681.0;5.401
1681.5;3.167
1682.0;1.611
1682.5;3.284
1683.0;9.719
1683.5;4.726
1684.0;1.815
1684.5;5.117
1685.0;2.091
1685.5;3.509
1686.0;6.365
1686.5;4.19
1687.0;4.127
1687.5;3.018
1688.0;3.212
1688.5;2.211
1689.0;1.126
1689.5;5.397
1690.0;3.575
1690.5;3.825
1691.0;1.678
1691.5;4.27
1692.0;5.272
1692.5;1.193
1693.0;3.062
1693.5;6.961
1694.0;4.128
1694.5;7.391
1695.0;5.426
1695.5;6.488
1696.0;2.705
1696.5;9.509
1697.0;5.53
1697.5;2.832
1698.0;2.817
1698.5;2.171
1699.0;3.875
1699.5;1.255
1700.0;2.215
1700.5;8.457
1701.0;10.298
1701.5;14.658
1702.0;18.391
1702.5;14.023
1703.0;17.439
1703.5;20.63
1704.0;28.518
1704.5;29.494
1705.0;34.821
1705.5;33.715
1706.0;28.909
1706.5;37.887
1707.0;34.538
1707.5;37.461
1708.0;36.886
1708.5;35.458
1709.0;27.5
1709.5;26.739
1710.0;22.859
1710.5;17.471
1711.0;23.247
1711.5;21.21
1712.0;19.436
1712.5;20.199
1713.0;16.998
1713.5;11.931
1714.0;9.596
1714.5;10.38
1715.0;7.458
1715.5;4.829
1716.0;3.696
1716.5;10.703
1717.0;7.958
1717.5;7.132
1718.0;6.224
1718.5;5.227
1719.0;4.181
1719.5;7.193
1720.0;11.236
1720.5;8.525
1721.0;12.318
1721.5;14.641
1722.0;11.644
1722.5;6.414
1723.0;8.598
1723.5;0.428
1724.0;6.068
1724.5;5.334
1725.0;7.569
1725.5;3.885
1726.0;7.472
1726.5;4.776
1727.0;5.51
1727.5;4.477
1728.0;5.727
1728.5;10.223
1729.0;7.714
1729.5;8.002
1730.0;7.848
1730.5;8.282
1731.0;0.937
1731.5;4.618
1732.0;5.315
1732.5;5.449
1733.0;8.26
1733.5;12.35
1734.0;13.155
1734.5;13.807
1735.0;15.729
1735.5;13.045
1736.0;15.165
1736.5;20.294
1737.0;21.188
1737.5;15.465
1738.0;19.293
1738.5;13.787
1739.0;25.181
1739.5;11.028
1740.0;15.808
1740.5;12.172
1741.0;13.383
1741.5;11.592
1742.0;10.328
1742.5;12.619
1743.0;9.271
1743.5;15.051
1744.0;8.117
1744.5;11.407
1745.0;14.135
1745.5;11.456
1746.0;12.406
1746.5;12.254
1747.0;13.61
1747.5;12.279
1748.0;12.975
1748.5;16.629
1749.0;11.539
1749.5;9.505
1750.0;6.519
1750.5;6.242
1751.0;3.521
1751.5;4.109
1752.0;7.996
1752.5;5.029
1753.0;8.556
1753.5;6.197
1754.0;2.034
1754.5;4.978
1755.0;3.13
1755.5;7.443
1756.0;6.125
1756.5;2.233
1757.0;6.092
1757.5;2.352
1758.0;5.046
1758.5;4.421
1759.0;8.651
1759.5;1.233
1760.0;9.941
1760.5;4.095
1761.0;8.242
1761.5;6.154
1762.0;7.677
1762.5;7.853
1763.0;7.405
1763.5;7.061
1764.0;6.01
1764.5;8.195
1765.0;5.332
1765.5;13.302
1766.0;8.716
1766.5;10.681
1767.0;13.15
1767.5;2.8
1768.0;17.779
1768.5;8.441
1769.0;6.882
1769.5;8.051
1770.0;3.337
1770.5;3.205
1771.0;3.229
1771.5;2.627
1772.0;1.604
1772.5;7.634
1773.0;11.09
1773.5;7.976
1774.0;16.443
1774.5;18.242
1775.0;19.542
1775.5;16.666
1776.0;18.626
1776.5;9.21
1777.0;25.745
1777.5;10.948
1778.0;11.614
1778.5;11.775
1779.0;6.421
1779.5;6.65
1780.0;27.08
1780.5;23.274
1781.0;21.394
1781.5;45.032
1782.0;41.097
1782.5;52.039
1783.0;47.367
1783.5;43.349
1784.0;46.633
1784.5;35.119
1785.0;13.101
1785.5;19.36
1786.0;11.459
1786.5;22.337
1787.0;6.358
1787.5;15.054
1788.0;13.814
1788.5;6.193
1789.0;14.119
1789.5;14.886
1790.0;17.188
1790.5;9.353
1791.0;14.537
1791.5;11.534
1792.0;7.249
1792.5;17.625
1793.0;6.689
1793.5;6.083
1794.0;5.47
1794.5;3.592
1795.0;0.243
1795.5;1.278
1796.0;2.352
1796.5;8.04
1797.0;12.451
1797.5;7.194
1798.0;8.325
1798.5;14.663
1799.0;3.723
1799.5;11.021
1800.0;17.465
1800.5;11.94
1801.0;9.975
1801.5;11.617
1802.0;11.587
1802.5;14.13
1803.0;12.654
1803.5;3.783
1804.0;2.053
1804.5;1.828
1805.0;13.009
1805.5;9.557
1806.0;10.584
1806.5;19.509
1807.0;22.891
1807.5;21.929
1808.0;30.477
1808.5;33.696
1809.0;29.393
1809.5;32.238
1810.0;32.618
1810.5;24.997
1811.0;36.386
1811.5;38.366
1812.0;37.269
1812.5;35.595
1813.0;29.517
1813.5;29.659
1814.0;30.775
1814.5;28.566
1815.0;24.632
1815.5;27.8
1816.0;19.852
1816.5;21.339
1817.0;30.555
1817.5;26.886
1818.0;32.759
1818.5;32.165
1819.0;15.281
1819.5;11.408
1820.0;9.046
1820.5;12.11
1821.0;17.836
1821.5;14.542
1822.0;9.615
1822.5;13.045
1823.0;8.078
1823.5;8.151
1824.0;19.457
1824.5;12.589
1825.0;5.266
1825.5;4.241
1826.0;7.11
1826.5;6.984
1827.0;3.825
1827.5;8.984
1828.0;5.368
1828.5;10.773
1829.0;7.663
1829.5;15.191
1830.0;18.329
1830.5;3.677
1831.0;6.022
1831.5;4.492
1832.0;12.353
1832.5;8.713
1833.0;1.851
1833.5;2.684
1834.0;5.877
1834.5;5.878
1835.0;6.082
1835.5;11.139
1836.0;15.364
1836.5;12.483
1837.0;7.11
1837.5;11.233
1838.0;4.901
1838.5;3.847
1839.0;5.395
1839.5;7.738
1840.0;7.498
1840.5;2.635
1841.0;2.063
1841.5;4.721
1842.0;6.68
1842.5;6.499
1843.0;2.873
1843.5;5.08
1844.0;5.37
1844.5;9.536
1845.0;10.127
1845.5;11.26
1846.0;13.881
1846.5;7.97
1847.0;10.117
1847.5;5.928
1848.0;6.514
1848.5;10.372
1849.0;6.58
1849.5;5.67
1850.0;1.056
1850.5;6.768
1851.0;1.966
1851.5;6.765
1852.0;9.369
1852.5;6.251
1853.0;6.094
1853.5;1.743
1854.0;5.386
1854.5;7.893
1855.0;9.977
1855.5;7.313
1856.0;9.55
1856.5;8.001
1857.0;11.371
1857.5;4.212
1858.0;6.584
1858.5;3.641
1859.0;3.969
1859.5;4.31
1860.0;6.907
1860.5;5.997
1861.0;12.265
1861.5;9.594
1862.0;6.21
1862.5;5.515
1863.0;5.58
1863.5;3.837
1864.0;2.662
1864.5;0.877
1865.0;5.304
1865.5;5.785
1866.0;7.783
1866.5;3.532
1867.0;6.03
1867.5;1.341
1868.0;5.762
1868.5;4.525
1869.0;1.99
1869.5;1.38
1870.0;2.179
1870.5;4.418
1871.0;0.985
1871.5;2.23
1872.0;1.049
1872.5;5.313
1873.0;2.82
1873.5;6.98
1874.0;7.031
1874.5;4.667
1875.0;10.188
1875.5;12.959
1876.0;13.81
1876.5;14.841
1877.0;13.863
1877.5;7.185
1878.0;8.258
1878.5;4.201
1879.0;2.215
1879.5;1.555
1880.0;3.959
1880.5;4.457
1881.0;6.352
1881.5;7.523
1882.0;7.049
1882.5;6.172
1883.0;9.264
1883.5;8.682
1884.0;8.116
1884.5;5.566
1885.0;6.809
1885.5;3.789
1886.0;1.045
1886.5;2.995
1887.0;3.79
1887.5;3.145
1888.0;4.488
1888.5;10.815
1889.0;4.7
1889.5;6.888
1890.0;7.625
1890.5;4.757
1891.0;3.752
1891.5;3.687
1892.0;3.667
1892.5;3.132
1893.0;3.328
1893.5;3.506
1894.0;2.372
1894.5;4.159
1895.0;3.225
1895.5;2.248
1896.0;1.763
1896.5;1.233
1897.0;2.288
1897.5;1.709
1898.0;4.183
1898.5;7.637
1899.0;7.167
1899.5;5.3
1900.0;6.929
1900.5;4.963
1901.0;4.93
1901.5;1.48
1902.0;6.65
1902.5;1.813
1903.0;4.709
1903.5;1.804
1904.0;2.723
1904.5;1.253
1905.0;2.886
1905.5;3.849
1906.0;0.631
1906.5;3.898
1907.0;1.523
1907.5;5.325
1908.0;3.095
1908.5;1.57
1909.0;2.355
1909.5;1.719
1910.0;1.898
1910.5;1.768
1911.0;2.644
1911.5;1.908
1912.0;1.851
1912.5;2.237
1913.0;6.77
1913.5;5.322
1914.0;2.211
1914.5;4.059
1915.0;3.944
1915.5;3.859
1916.0;4.409
1916.5;2.747
1917.0;4.816
1917.5;3.892
1918.0;3.141
1918.5;5.176
1919.0;2.989
1919.5;2.327
1920.0;4.486
1920.5;5.647
1921.0;2.418
1921.5;5.242
1922.0;5.019
1922.5;4.512
1923.0;4.434
1923.5;3.264
1924.0;5.387
1924.5;7.603
1925.0;6.016
1925.5;8.333
1926.0;7.135
1926.5;5.444
1927.0;7.447
1927.5;7.591
1928.0;7.617
1928.5;8.04
1929.0;9.069
1929.5;10.133
1930.0;9.341
1930.5;8.956
1931.0;9.472
1931.5;9.407
1932.0;1.864
1932.5;6.625
1933.0;1.301
1933.5;1.517
1934.0;5.549
1934.5;3.234
1935.0;1.764
1935.5;2.664
1936.0;4.917
1936.5;4.822
1937.0;6.575
1937.5;1.872
1938.0;2.891
1938.5;3.857
1939.0;3.341
1939.5;4.493
1940.0;7.912
1940.5;6.153
1941.0;4.105
1941.5;5.895
1942.0;6.623
1942.5;6.17
1943.0;5.036
1943.5;6.291
1944.0;6.596
1944.5;8.508
1945.0;8.788
1945.5;7.407
1946.0;9.485
1946.5;4.364
1947.0;4.801
1947.5;7.53
1948.0;5.223
1948.5;5.175
1949.0;1.409
1949.5;2.794
1950.0;4.725
1950.5;9.614
1951.0;6.355
1951.5;7.306
1952.0;4.11
1952.5;1.147
1953.0;4.431
1953.5;1.524
1954.0;1.832
1954.5;3.136
1955.0;4.291
1955.5;8.765
1956.0;9.792
1956.5;7.516
1957.0;1.387
1957.5;1.521
1958.0;5.087
1958.5;4.571
1959.0;7.124
1959.5;9.518
1960.0;7.801
1960.5;11.318
1961.0;9.716
1961.5;14.654
1962.0;17.326
1962.5;6.93
1963.0;6.487
1963.5;2.193
1964.0;4.565
1964.5;5.271
1965.0;17.491
1965.5;26.48
1966.0;26.225
1966.5;25.293
1967.0;23.83
1967.5;24.6
1968.0;32.798
1968.5;26.106
1969.0;29.265
1969.5;35.652
1970.0;28.653
1970.5;37.456
1971.0;34.664
1971.5;27.117
1972.0;25.691
1972.5;26.271
1973.0;27.4
1973.5;23.332
1974.0;21.481
1974.5;14.176
1975.0;6.061
1975.5;13.799
1976.0;9.649
1976.5;12.584
1977.0;8.143
1977.5;10.249
1978.0;14.375
1978.5;7.86
1979.0;8.963
1979.5;7.575
1980.0;7.685
1980.5;7.945
1981.0;2.479
1981.5;5.913
1982.0;1.953
1982.5;5.425
1983.0;3.761
1983.5;6.207
1984.0;0.932
1984.5;13.325
1985.0;6.42
1985.5;8.792
1986.0;6.718
1986.5;10.842
1987.0;12.124
1987.5;7.345
1988.0;6.849
1988.5;9.06
1989.0;1.907
1989.5;1.303
1990.0;7.677
1990.5;5.007
1991.0;7.341
1991.5;1.855
1992.0;1.172
1992.5;4.913
1993.0;4.776
1993.5;8.104
1994.0;4.094
1994.5;6.472
1995.0;4.362
1995.5;8.004
1996.0;4.821
1996.5;3.422
1997.0;4.196
1997.5;4.026
1998.0;4.189
1998.5;5.816
1999.0;6.723
1999.5;3.464
2000.0;3.8
2000.5;3.594
2001.0;6.972
2001.5;3.313
2002.0;9.42
2002.5;3.948
2003.0;4.881
2003.5;6.612
2004.0;1.538
2004.5;0.904
2005.0;4.435
2005.5;8.715
2006.0;1.578
2006.5;5.592
2007.0;4.537
2007.5;2.055
2008.0;6.394
2008.5;0.788
2009.0;4.296
2009.5;4.814
2010.0;1.611
2010.5;4.839
2011.0;11.601
2011.5;12.223
2012.0;6.559
2012.5;10.437
2013.0;7.777
2013.5;8.937
2014.0;9.651
2014.5;18.517
2015.0;17.246
2015.5;17.464
2016.0;22.422
2016.5;18.982
2017.0;21.172
2017.5;18.69
2018.0;19.16
2018.5;14.482
2019.0;14.193
2019.5;11.751
2020.0;10.532
2020.5;11.969
2021.0;5.336
2021.5;6.925
2022.0;1.975
2022.5;6.441
2023.0;1.62
2023.5;3.6
2024.0;0.842
2024.5;4.861
2025.0;3.638
2025.5;4.674
2026.0;1.668
2026.5;0.813
2027.0;3.751
2027.5;3.378
2028.0;3.34
2028.5;3.981
2029.0;2.065
2029.5;6.854
2030.0;6.13
2030.5;7.295
2031.0;11.722
2031.5;7.252
2032.0;11.518
2032.5;6.896
2033.0;8.034
2033.5;4.669
2034.0;8.15
2034.5;10.079
2035.0;9.26
2035.5;8.463
2036.0;5.477
2036.5;7.215
2037.0;1.47
2037.5;3.569
2038.0;5.346
2038.5;4.559
2039.0;4.895
2039.5;1.726
2040.0;5.178
2040.5;0.796
2041.0;3.117
2041.5;2.39
2042.0;1.492
2042.5;3.75
2043.0;1.764
2043.5;4.176
2044.0;6.622
2044.5;7.604
2045.0;6.897
2045.5;0.971
2046.0;4.927
2046.5;3.511
2047.0;1.914
2047.5;3.482
2048.0;3.28
2048.5;3.502
2049.0;5.425
2049.5;2.942
2050.0;3.354
2050.5;5.181
2051.0;1.952
2051.5;1.682
2052.0;3.826
2052.5;2.373
2053.0;2.015
2053.5;1.483
2054.0;4.558
2054.5;2.626
2055.0;4.831
2055.5;2.057
2056.0;3.038
2056.5;3.702
2057.0;0.867
2057.5;1.43
2058.0;1.63
2058.5;1.033
2059.0;1.001
2059.5;5.094
2060.0;1.453
2060.5;0.342
2061.0;3.102
2061.5;2.43
2062.0;4.612
2062.5;1.717
2063.0;1.99
2063.5;2.298
2064.0;2.516
2064.5;4.121
2065.0;2.466
2065.5;1.517
2066.0;3.117
2066.5;2.388
2067.0;2.202
2067.5;1.258
2068.0;5.06
2068.5;2.274
2069.0;1.52
2069.5;2.053
2070.0;1.553
2070.5;2.599
2071.0;1.67
2071.5;3.307
2072.0;3.031
2072.5;1.518
2073.0;3.064
2073.5;2.668
2074.0;2.621
2074.5;2.06
2075.0;2.784
2075.5;2.057
2076.0;2.479
2076.5;3.442
2077.0;1.773
2077.5;2.355
2078.0;4.099
2078.5;3.087
2079.0;6.609
2079.5;3.224
2080.0;3.509
2080.5;3.425
2081.0;1.63
2081.5;1.489
2082.0;3.617
2082.5;5.042
2083.0;5.49
2083.5;2.897
2084.0;1.881
2084.5;1.459
2085.0;2.704
2085.5;3.324
2086.0;1.599
2086.5;1.791
2087.0;1.783
2087.5;0.807
2088.0;1.345
2088.5;3.342
2089.0;3.34
2089.5;2.19
2090.0;2.494
2090.5;0.433
2091.0;3.661
2091.5;2.388
2092.0;2.758
2092.5;2.025
2093.0;3.577
2093.5;4.923
2094.0;4.67
2094.5;1.571
2095.0;3.77
2095.5;5.938
2096.0;1.392
2096.5;0.636
2097.0;0.359
2097.5;2.936
2098.0;0.575
2098.5;2.834
2099.0;2.53
2099.5;1.6
2100.0;3.618
2100.5;1.42
2101.0;2.663
2101.5;1.405
2102.0;2.994
2102.5;1.674
2103.0;2.095
2103.5;3.646
2104.0;4.34
2104.5;1.477
2105.0;2.522
2105.5;3.374
2106.0;3.466
2106.5;1.867
2107.0;3.915
2107.5;2.719
2108.0;2.978
2108.5;2.208
2109.0;1.566
2109.5;1.326
2110.0;4.497
2110.5;2.809
2111.0;5.999
2111.5;5.71
2112.0;1.257
2112.5;4.032
2113.0;2.972
2113.5;3.054
2114.0;2.649
2114.5;4.096
2115.0;2.135
2115.5;5.956
2116.0;2.477
2116.5;3.791
2117.0;4.363
2117.5;4.51
2118.0;4.892
2118.5;3.314
2119.0;5.43
2119.5;6.64
2120.0;0.945
2120.5;1.076
2121.0;3.831
2121.5;1.888
2122.0;4.298
2122.5;4.637
2123.0;5.636
2123.5;3.427
2124.0;4.636
2124.5;4.932
2125.0;5.824
2125.5;3.731
2126.0;2.833
2126.5;5.171
2127.0;1.262
2127.5;4.549
2128.0;7.3
2128.5;5.776
2129.0;0.434
2129.5;4.026
2130.0;5.784
2130.5;1.437
2131.0;6.79
2131.5;2.729
2132.0;6.537
2132.5;5.67
2133.0;1.902
2133.5;3.124
2134.0;3.751
2134.5;4.452
2135.0;2.355
2135.5;3.41
2136.0;9.331
2136.5;5.702
2137.0;5.16
2137.5;6.858
2138.0;7.49
2138.5;10.265
2139.0;6.193
2139.5;9.153
2140.0;7.333
2140.5;11.119
2141.0;4.557
2141.5;8.545
2142.0;10.605
2142.5;7.478
2143.0;9.583
2143.5;9.818
2144.0;10.35
2144.5;11.431
2145.0;23.8
2145.5;19.264
2146.0;7.237
2146.5;10.871
2147.0;19.18
2147.5;16.762
2148.0;5.242
2148.5;11.704
2149.0;20.62
2149.5;19.1
2150.0;7.983
2150.5;14.836
2151.0;6.326
2151.5;12.684
2152.0;2.86
2152.5;1.326
2153.0;11.9
2153.5;3.895
2154.0;8.058
2154.5;3.355
2155.0;13.509
2155.5;21.348
2156.0;16.499
2156.5;5.025
2157.0;21.52
2157.5;23.947
2158.0;22.12
2158.5;3.287
2159.0;15.736
2159.5;25.331
2160.0;15.786
2160.5;13.912
2161.0;6.815
2161.5;9.104
2162.0;13.773
2162.5;12.405
2163.0;21.101
2163.5;8.736
2164.0;21.033
2164.5;6.215
2165.0;16.873
2165.5;28.164
2166.0;20.501
2166.5;2.331
2167.0;19.819
2167.5;18.69
2168.0;23.495
2168.5;8.414
2169.0;5.98
2169.5;26.637
2170.0;17.845
2170.5;11.055
2171.0;4.62
2171.5;5.179
2172.0;3.638
2172.5;6.702
2173.0;12.304
2173.5;9.244
2174.0;13.939
2174.5;13.257
2175.0;12.203
2175.5;7.87
2176.0;12.007
2176.5;8.016
2177.0;9.676
2177.5;7.5
2178.0;9.111
2178.5;9.321
2179.0;10.138
2179.5;5.084
2180.0;4.445
2180.5;3.088
2181.0;7.514
2181.5;6.693
2182.0;9.153
2182.5;10.122
2183.0;5.554
2183.5;8.554
2184.0;2.975
2184.5;4.876
2185.0;6.341
2185.5;9.953
2186.0;10.489
2186.5;16.514
2187.0;15.582
2187.5;20.289
2188.0;13.342
2188.5;14.653
2189.0;17.058
2189.5;14.525
2190.0;21.215
2190.5;14.884
2191.0;20.662
2191.5;15.97
2192.0;15.292
2192.5;14.185
2193.0;6.291
2193.5;8.538
2194.0;1.065
2194.5;3.949
2195.0;3.533
2195.5;3.544
2196.0;2.128
2196.5;1.748
2197.0;2.648
2197.5;2.878
2198.0;7.426
2198.5;3.769
2199.0;5.07
2199.5;1.059
2200.0;1.185
2200.5;6.721
2201.0;1.694
2201.5;4.292
2202.0;1.98
2202.5;6.802
2203.0;3.772
2203.5;4.814
2204.0;3.367
2204.5;3.701
2205.1;0.304
2205.6;2.875
2206.1;1.707
2206.6;2.356
2207.1;4.604
2207.6;2.086
2208.1;3.914
2208.6;4.417
2209.1;5.615
2209.6;7.226
2210.1;5.97
2210.6;3.265
2211.1;7.212
2211.6;6.388
2212.1;4.054
2212.6;6.89
2213.1;3.982
2213.6;2.956
2214.1;6.673
2214.6;2.23
2215.1;5.139
2215.6;7.493
2216.1;2.213
2216.6;7.065
2217.1;3.938
2217.6;7.38
2218.1;2.468
2218.6;4.895
2219.1;2.04
2219.6;2.954
2220.1;0.803
2220.6;2.891
2221.1;1.469
2221.6;2.562
2222.1;5.997
2222.6;0.682
2223.1;2.885
2223.6;6.537
2224.1;4.11
2224.6;4.367
2225.1;8.73
2225.6;1.295
2226.1;7.927
2226.6;6.49
2227.1;2.411
2227.6;7.389
2228.1;6.827
2228.6;6.467
2229.1;10.114
2229.6;8.467
2230.1;6.192
2230.6;3.643
2231.1;0.696
2231.6;0.801
2232.1;2.979
2232.6;5.118
2233.1;2.813
2233.6;3.967
2234.1;1.803
2234.6;1.384
2235.1;1.884
2235.6;1.842
2236.1;0.656
2236.6;2.692
2237.1;1.027
2237.6;1.98
2238.1;2.459
2238.6;2.975
2239.1;3.563
2239.6;2.529
2240.1;1.575
2240.6;1.719
2241.1;1.759
2241.6;1.988
2242.1;1.75
2242.6;0.857
2243.1;2.43
2243.6;1.434
2244.1;3.883
2244.6;1.477
2245.1;2.69
2245.6;2.92
2246.1;3.579
2246.6;1.958
2247.1;0.884
2247.6;2.87
2248.1;3.38
2248.6;4.08
2249.1;2.644
2249.6;3.427
2250.1;2.886
2250.6;3.023
2251.1;0.647
2251.6;0.762
2252.1;0.2
2252.6;2.991
2253.1;1.512
2253.6;2.938
2254.1;3.785
2254.6;1.665
2255.1;1.604
2255.6;0.417
2256.1;0.859
2256.6;3.539
2257.1;1.553
2257.6;2.428
2258.1;0.546
2258.6;1.265
2259.1;1.795
2259.6;2.621
2260.1;0.871
2260.6;1.447
2261.1;1.229
2261.6;4.696
2262.1;2.842
2262.6;3.321
2263.1;2.469
2263.6;2.075
2264.1;1.286
2264.6;3.05
2265.1;0.488
2265.6;1.981
2266.1;2.632
2266.6;2.677
2267.1;3.847
2267.6;0.836
2268.1;0.774
2268.6;2.951
2269.1;3.889
2269.6;2.15
2270.1;2.638
2270.6;3.824
2271.1;3.347
2271.6;6.663
2272.1;6.422
2272.6;5.515
2273.1;4.405
2273.6;5.124
2274.1;1.713
2274.6;3.614
2275.1;2.917
2275.6;3.67
2276.1;3.838
2276.6;2.984
2277.1;4.579
2277.6;2.728
2278.1;2.586
2278.6;5.801
2279.1;5.236
2279.6;3.658
2280.1;5.17
2280.6;3.49
2281.1;5.114
2281.6;7.818
2282.1;1.178
2282.6;5.656
2283.1;6.519
2283.6;6.818
2284.1;5.134
2284.6;9.589
2285.1;5.777
2285.6;5.785
2286.1;12.424
2286.6;16.226
2287.1;8.927
2287.6;10.063
2288.1;7.195
2288.6;6.037
2289.1;10.664
2289.6;11.649
2290.1;15.367
2290.6;13.754
2291.1;19.96
2291.6;23.516
2292.1;24.457
2292.6;21.319
2293.1;14.596
2293.6;10.031
2294.1;5.611
2294.6;9.595
2295.1;18.853
2295.6;20.16
2296.1;21.288
2296.6;12.197
2297.1;18.125
2297.6;13.065
2298.1;1.018
2298.6;6.708
2299.1;15.804
2299.6;12.201
2300.1;13.32
2300.6;20.778
2301.1;20.254
2301.6;11.565
2302.1;11.047
2302.6;23.22
2303.1;20.733
2303.6;26.314
2304.1;35.135
2304.6;25.783
2305.1;9.811
2305.6;18.534
2306.1;15.515
2306.6;10.538
2307.1;18.026
2307.6;21.085
2308.1;9.198
2308.6;2.09
2309.1;6.375
2309.6;8.774
2310.1;8.316
2310.6;9.547
2311.1;13.957
2311.6;12.06
2312.1;3.114
2312.6;9.979
2313.1;6.593
2313.6;4.114
2314.1;4.165
2314.6;5.842
2315.1;3.533
2315.6;3.468
2316.1;1.831
2316.6;4.304
2317.1;2.897
2317.6;4.608
2318.1;0.579
2318.6;3.68
2319.1;4.555
2319.6;3.805
2320.1;2.184
2320.6;3.38
2321.1;3.262
2321.6;2.669
2322.1;3.248
2322.6;3.481
2323.1;3.138
2323.6;3.618
2324.1;2.582
2324.6;0.756
2325.1;3.753
2325.6;3.454
2326.1;4.048
2326.6;6.472
2327.1;0.862
2327.6;2.539
2328.1;4.92
2328.6;4.016
2329.1;1.874
2329.6;1.786
2330.1;3.543
2330.6;3.328
2331.1;2.339
2331.6;3.199
2332.1;2.619
2332.6;1.865
2333.1;3.277
2333.6;3.634
2334.1;6.578
2334.6;3.454
2335.1;5.231
2335.6;4.219
2336.1;6.091
2336.6;2.628
2337.1;6.646
2337.6;2.191
2338.1;4.839
2338.6;2.716
2339.1;2.047
2339.6;2.595
2340.1;1.839
2340.6;1.75
2341.1;4.782
2341.6;2.364
2342.1;3.28
2342.6;2.664
2343.1;7.096
2343.6;2.959
2344.1;4.463
2344.6;2.393
2345.1;5.102
2345.6;3.356
2346.1;2.635
2346.6;1.636
2347.1;0.506
2347.6;2.925
2348.1;1.913
2348.6;2.085
2349.1;1.526
2349.6;2.475
2350.1;1.687
2350.6;2.089
2351.1;2.952
2351.6;2.111
2352.1;1.539
2352.6;1.7
2353.1;2.416
2353.6;1.545
2354.1;1.848
2354.6;0.841
2355.1;3.699
2355.6;2.088
2356.1;2.827
2356.6;0.941
2357.1;2.237
2357.6;1.604
2358.1;1.384
2358.6;3.926
2359.1;2.98
2359.6;2.222
2360.1;2.364
2360.6;2.368
2361.1;3.7
2361.6;2.066
2362.1;1.234
2362.6;2.574
2363.1;1.95
2363.6;5.037
2364.1;1.468
2364.6;5.32
2365.1;2.438
2365.6;4.713
2366.1;4.089
2366.6;9.217
2367.1;5.741
2367.6;5.652
2368.1;5.056
2368.6;4.549
2369.1;8.629
2369.6;1.951
2370.1;5.691
2370.6;1.311
2371.1;8.006
2371.6;5.226
2372.1;9.592
2372.6;10.655
2373.1;8.409
2373.6;8.061
2374.1;8.951
2374.6;8.746
2375.1;8.781
2375.6;8.136
2376.1;6.384
2376.6;5.371
2377.1;9.529
2377.6;10.734
2378.1;7.794
2378.6;8.49
2379.1;8.332
2379.6;10.63
2380.1;9.603
2380.6;13.21
2381.1;6.93
2381.6;13.731
2382.1;5.53
2382.6;9.189
2383.1;5.631
2383.6;6.98
2384.1;3.786
2384.6;7.181
2385.1;4.088
2385.6;7.757
2386.1;6.278
2386.6;9.158
2387.1;10.443
2387.6;8.643
2388.1;9.389
2388.6;11.422
2389.1;12.401
2389.6;11.669
2390.1;10.294
2390.6;7.359
2391.1;7.716
2391.6;5.629
2392.1;0.932
2392.6;2.367
2393.1;5.073
2393.6;5.416
2394.1;7.579
2394.6;10.502
2395.1;7.245
2395.6;11.276
2396.1;9.483
2396.6;10.993
2397.1;5.289
2397.6;9.549
2398.1;8.996
2398.6;9.903
2399.1;11.297
2399.6;9.908
2400.1;8.213
2400.6;5.962
2401.1;8.382
2401.6;3.568
2402.1;6.723
2402.6;2.157
2403.1;4.175
2403.6;2.303
2404.1;3.525
2404.6;2.716
2405.1;1.642
2405.6;2.71
2406.1;2.639
2406.6;1.388
2407.1;2.64
2407.6;1.638
2408.1;1.822
2408.6;2.479
2409.1;2.933
2409.6;0.667
2410.1;1.985
2410.6;1.712
2411.1;3.298
2411.6;0.65
2412.1;2.184
2412.6;1.047
2413.1;0.658
2413.6;1.211
2414.1;2.363
2414.6;0.653
2415.1;3.787
2415.6;1.762
2416.1;3.681
2416.6;1.728
2417.1;0.386
2417.6;0.397
2418.1;2.155
2418.6;1.372
2419.1;0.175
2419.6;2.825
2420.1;2.677
2420.6;3.415
2421.1;0.295
2421.6;3.653
2422.1;3.094
2422.6;3.957
2423.1;0.582
2423.6;3.816
2424.1;1.859
2424.6;3.67
2425.1;0.954
2425.6;4.232
2426.1;4.042
2426.6;3.404
2427.1;0.932
2427.6;3.993
2428.1;3.309
2428.6;2.807
2429.1;3.823
2429.6;3.28
2430.1;5.312
2430.6;10.044
2431.1;4.112
2431.6;6.598
2432.1;5.617
2432.6;4.314
2433.1;3.624
2433.6;4.855
2434.1;3.898
2434.6;5.949
2435.1;3.905
2435.6;7.451
2436.1;6.326
2436.6;2.609
2437.1;4.082
2437.6;1.749
2438.1;1.68
2438.6;3.267
2439.1;3.934
2439.6;1.928
2440.1;4.899
2440.6;1.833
2441.1;3.653
2441.6;0.78
2442.1;4.011
2442.6;1.631
2443.1;3.593
2443.6;0.043
2444.1;3.26
2444.6;0.717
2445.1;3.456
2445.6;2.188
2446.1;7.123
2446.6;2.34
2447.1;6.003
2447.6;5.893
2448.1;3.024
2448.6;4.3
2449.1;1.193
2449.6;3.738
2450.1;5.119
2450.6;11.013
2451.1;9.298
2451.6;12.842
2452.1;5.464
2452.6;6.159
2453.1;8.749
2453.6;14.451
2454.1;13.334
2454.6;15.105
2455.1;9.225
2455.6;9.534
2456.1;6.895
2456.6;4.405
2457.1;9.506
2457.6;19.519
2458.1;16.418
2458.6;23.989
2459.1;18.803
2459.6;10.802
2460.1;14.577
2460.6;13.705
2461.1;13.215
2461.6;21.829
2462.1;15.981
2462.6;15.946
2463.1;13.274
2463.6;5.998
2464.1;4.777
2464.6;8.166
2465.1;11.521
2465.6;15.579
2466.1;15.774
2466.6;4.442
2467.1;7.316
2467.6;7.486
2468.1;5.965
2468.6;11.769
2469.1;8.744
2469.6;6.472
2470.1;7.442
2470.6;5.399
2471.1;2.209
2471.6;6.652
2472.1;4.405
2472.6;5.548
2473.1;6.617
2473.6;5.504
2474.1;7.35
2474.6;4.675
2475.1;0.649
2475.6;3.314
2476.1;3.677
2476.6;5.121
2477.1;8.743
2477.6;11.651
2478.1;10.369
2478.6;6.959
2479.1;8.848
2479.6;10.223
2480.1;3.746
2480.6;8.413
2481.1;6.007
2481.6;12.662
2482.1;12.041
2482.6;1.341
2483.1;2.54
2483.6;2.883
2484.1;4.195
2484.6;2.672
2485.1;5.67
2485.6;3.039
2486.1;2.09
2486.6;2.402
2487.1;5.827
2487.6;2.636
2488.1;5.452
2488.6;5.444
2489.1;4.938
2489.6;6.306
2490.1;2.708
2490.6;2.477
2491.1;3.644
2491.6;3.622
2492.1;5.643
2492.6;3.706
2493.1;2.927
2493.6;3.607
2494.1;0.952
2494.6;1.83
2495.1;5.548
2495.6;7.761
2496.1;3.15
2496.6;5.022
2497.1;3.246
2497.6;5.19
2498.1;1.328
2498.6;4.727
2499.1;1.254
2499.6;3.721
2500.1;1.195
2500.6;4.785
2501.1;3.766
2501.6;1.401
2502.1;2.509
2502.6;0.872
2503.1;3.005
2503.6;3.267
2504.1;4.127
2504.6;2.974
2505.1;3.608
2505.6;1.656
2506.1;4.775
2506.6;2.414
2507.1;3.057
2507.6;3.486
2508.1;2.639
2508.6;1.933
2509.1;1.562
2509.6;0.759
2510.1;1.166
2510.6;1.247
2511.1;0.515
2511.6;3.601
2512.1;2.066
2512.6;1.977
2513.1;4.544
2513.6;3.025
2514.1;2.942
2514.6;2.728
2515.1;3.247
2515.6;0.41
2516.1;3.19
2516.6;4.405
2517.1;1.181
2517.6;1.391
2518.1;1.18
2518.6;2.227
2519.1;0.968
2519.6;2.389
2520.1;0.295
2520.6;0.651
2521.1;0.955
2521.6;0.343
2522.1;2.255
2522.6;3.049
2523.1;2.117
2523.6;1.587
2524.1;1.295
2524.6;3.539
2525.1;2.104
2525.6;3.082
2526.1;2.272
2526.6;2.517
2527.1;4.141
2527.6;0.319
2528.1;4.837
2528.6;1.085
2529.1;3.365
2529.6;4.957
2530.1;0.444
2530.6;3.702
2531.1;0.531
2531.6;2.889
2532.1;0.453
2532.6;3.663
2533.1;3.76
2533.6;1.008
2534.1;2.108
2534.6;1.966
2535.1;1.602
2535.6;5.174
2536.1;0.344
2536.6;3.856
2537.1;4.89
2537.6;2.47
2538.1;5.199
2538.6;3.354
2539.1;2.997
2539.6;5.658
2540.1;2.314
2540.6;4.713
2541.1;1.958
2541.6;6.358
2542.1;3.051
2542.6;3.917
2543.1;7.153
2543.6;3.48
2544.1;5.117
2544.6;7.398
2545.1;1.245
2545.6;7.469
2546.1;0.893
2546.6;4.126
2547.1;1.663
2547.6;2.671
2548.1;1.513
2548.6;1.532
2549.1;4.398
2549.6;0.4
2550.1;5.222
2550.6;4.201
2551.1;3.946
2551.6;4.708
2552.1;3.809
2552.6;3.006
2553.1;3.728
2553.6;2.487
2554.1;4.06
2554.6;4.185
2555.1;4.183
2555.6;2.021
2556.1;3.681
2556.6;3.251
2557.1;2.03
2557.6;3.046
2558.1;0.889
2558.6;0.755
2559.1;0.608
2559.6;1.602
2560.1;1.025
2560.6;1.989
2561.1;3.828
2561.6;4.713
2562.1;4.657
2562.6;4.843
2563.1;7.408
2563.6;4.443
2564.1;7.372
2564.6;5.956
2565.1;10.358
2565.6;11.423
2566.1;10.035
2566.6;14.373
2567.1;16.756
2567.6;16.277
2568.1;15.554
2568.6;15.238
2569.1;15.116
2569.6;12.966
2570.1;12.236
2570.6;12.817
2571.1;10.275
2571.6;13.153
2572.1;10.431
2572.6;5.554
2573.1;11.722
2573.6;11.232
2574.1;2.671
2574.6;6.668
2575.1;3.53
2575.6;5.793
2576.1;2.612
2576.6;6.001
2577.1;6.611
2577.6;0.913
2578.1;4.653
2578.6;1.413
2579.1;6.359
2579.6;3.655
2580.1;4.851
2580.6;1.937
2581.1;1.735
2581.6;1.005
2582.1;3.633
2582.6;3.46
2583.1;5.075
2583.6;3.142
2584.1;3.332
2584.6;4.335
2585.1;2.4
2585.6;3.46
2586.1;2.624
2586.6;4.414
2587.1;1.673
2587.6;7.797
2588.1;3.54
2588.6;7.369
2589.1;8.137
2589.6;6.717
2590.1;5.925
2590.6;9.57
2591.1;8.54
2591.6;6.407
2592.1;6.608
2592.6;4.178
2593.1;4.656
2593.6;5.785
2594.1;7.914
2594.6;2.487
2595.1;5.234
2595.6;3.076
2596.1;2.426
2596.6;7.467
2597.1;7.459
2597.6;5.24
2598.1;10.689
2598.6;5.324
2599.1;15.486
2599.6;10.952
2600.1;13.955
2600.6;19.565
2601.1;2.125
2601.6;16.882
2602.1;3.243
2602.6;20.014
2603.1;7.111
2603.6;17.741
2604.1;12.578
2604.6;14.75
2605.1;12.289
2605.6;12.187
2606.1;14.515
2606.6;3.133
2607.1;16.019
2607.6;3.987
2608.1;11.238
2608.6;3.357
2609.1;13.841
2609.6;4.423
2610.1;12.314
2610.6;5.926
2611.1;7.371
2611.6;3.065
2612.1;12.316
2612.6;8.295
2613.1;11.218
2613.6;9.818
2614.1;5.362
2614.6;4.299
2615.1;7.647
2615.6;5.182
2616.1;6.352
2616.6;7.881
2617.1;2.882
2617.6;6.427
2618.1;4.142
2618.6;3.45
2619.1;3.28
2619.6;9.432
2620.1;5.946
2620.6;12.03
2621.1;15.052
2621.6;6.139
2622.1;13.187
2622.6;11.985
2623.1;9.375
2623.6;21.369
2624.1;17.169
2624.6;18.333
2625.1;19.014
2625.6;12.645
2626.1;19.068
2626.6;18.65
2627.1;15.924
2627.6;18.811
2628.1;20.907
2628.6;11.04
2629.1;23.31
2629.6;19.307
2630.1;7.062
2630.6;14.892
2631.1;14.095
2631.6;4.691
2632.1;15.92
2632.6;10.974
2633.1;10.477
2633.6;12.596
2634.1;12.543
2634.6;5.619
2635.1;14.982
2635.6;13.66
2636.1;8.171
2636.6;17.177
2637.1;15.129
2637.6;7.95
2638.1;11.774
2638.6;7.502
2639.1;8.712
2639.6;11.582
2640.1;7.464
2640.6;8.832
2641.1;9.376
2641.6;4.961
2642.1;11.574
2642.6;14.875
2643.1;11.377
2643.6;9.188
2644.1;6.42
2644.6;0.873
2645.1;9.054
2645.6;8.437
2646.1;4.285
2646.6;7.233
2647.1;8.826
2647.6;4.122
2648.1;3.657
2648.6;5.806
2649.1;4.177
2649.6;7.626
2650.1;7.691
2650.6;2.439
2651.1;4.124
2651.6;4.145
2652.1;1.15
2652.6;4.253
2653.1;6.26
2653.6;2.015
2654.1;4.335
2654.6;5.16
2655.1;1.975
2655.6;5.961
2656.1;2.109
2656.6;1.827
2657.1;3.92
2657.6;5.196
2658.1;1.249
2658.6;4.387
2659.1;2.745
2659.6;2.709
2660.1;3.751
2660.6;7.879
2661.1;3.807
2661.6;7.366
2662.1;8.907
2662.6;5.125
2663.1;6.21
2663.6;2.577
2664.1;3.884
2664.6;2.399
2665.1;2.302
2665.6;4.021
2666.1;3.32
2666.6;11.507
2667.1;7.597
2667.6;8.924
2668.1;9.782
2668.6;7.728
2669.1;10.494
2669.6;4.206
2670.1;4.225
2670.6;2.316
2671.1;6.263
2671.6;3.807
2672.1;1.742
2672.6;5.43
2673.1;3.905
2673.6;7.056
2674.1;1.965
2674.6;2.51
2675.1;3.01
2675.6;2.479
2676.1;2.198
2676.6;1.654
2677.1;4.071
2677.6;2.981
2678.1;2.836
2678.6;2.922
2679.1;3.116
2679.6;0.278
2680.1;1.476
2680.6;1.986
2681.1;2.456
2681.6;1.539
2682.1;2.139
2682.6;5.134
2683.1;4.136
2683.6;2.097
2684.1;5.159
2684.6;3.532
2685.1;5.027
2685.6;4.257
2686.1;5.412
2686.6;5.319
2687.1;2.727
2687.6;4.883
2688.1;3.675
2688.6;5.66
2689.1;2.546
2689.6;2.593
2690.1;2.386
2690.6;3.852
2691.1;2.725
2691.6;1.225
2692.1;2.272
2692.6;3.128
2693.1;2.759
2693.6;1.737
2694.1;0.747
2694.6;3.404
2695.1;3.239
2695.6;1.659
2696.1;2.523
2696.6;1.182
2697.1;5.099
2697.6;2.539
2698.1;1.994
2698.6;0.998
2699.1;4.113
2699.6;2.859
2700.1;1.059
2700.6;1.324
2701.1;4.763
2701.6;6.182
2702.1;2.85
2702.6;1.518
2703.1;3.358
2703.6;2.638
2704.1;3.831
2704.6;2.284
2705.1;2.992
2705.6;0.947
2706.1;2.885
2706.6;2.738
2707.1;2.573
2707.6;1.444
2708.1;2.531
2708.6;1.231
2709.1;1.83
2709.6;2.068
2710.1;1.148
2710.6;2.729
2711.1;0.94
2711.6;1.971
2712.1;0.602
2712.6;2.392
2713.1;2.522
2713.6;0.977
2714.1;4.255
2714.6;2.44
2715.1;5.219
2715.6;2.701
2716.1;4.411
2716.6;3.698
2717.1;4.061
2717.6;4.631
2718.1;1.671
2718.6;1.714
2719.1;0.241
2719.6;2.331
2720.1;3.313
2720.6;1.439
2721.1;3.272
2721.6;2.686
2722.1;2.356
2722.6;1.354
2723.1;2.496
2723.6;0.813
2724.1;1.872
2724.6;0.441
2725.1;0.651
2725.6;2.044
2726.1;3.178
2726.6;0.894
2727.1;2.518
2727.6;4.274
2728.1;3.238
2728.6;5.005
2729.1;5.563
2729.6;7.59
2730.1;7.683
2730.6;4.392
2731.1;4.785
2731.6;2.785
2732.1;2.692
2732.6;2.471
2733.1;1.993
2733.6;1.816
2734.1;2.738
2734.6;3.906
2735.1;1.937
2735.6;0.823
2736.1;2.994
2736.6;3.429
2737.1;2.189
2737.6;2.143
2738.1;2.47
2738.6;3.838
2739.1;4.007
2739.6;0.685
2740.1;3.338
2740.6;2.365
2741.1;1.488
2741.6;2.702
2742.1;2.697
2742.6;2.062
2743.1;1.899
2743.6;2.806
2744.1;0.207
2744.6;1.843
2745.1;4.521
2745.6;1.514
2746.1;2.438
2746.6;2.569
2747.1;2.101
2747.6;3.449
2748.1;1.309
2748.6;4.849
2749.1;5.411
2749.6;10.66
2750.1;9.875
2750.6;13.918
2751.1;12.18
2751.6;7.786
2752.1;8.409
2752.6;9.881
2753.1;13.138
2753.6;13.124
2754.1;16.102
2754.6;10.614
2755.1;7.5
2755.6;8.447
2756.1;9.579
2756.6;10.67
2757.1;13.988
2757.6;17.633
2758.1;16.436
2758.6;13.487
2759.1;13.052
2759.6;10.961
2760.1;11.151
2760.6;16.29
2761.1;13.296
2761.6;13.147
2762.1;11.764
2762.6;13.627
2763.1;10.605
2763.6;6.671
2764.1;10.514
2764.6;5.294
2765.1;10.23
2765.6;4.436
2766.1;4.426
2766.6;5.969
2767.1;3.153
2767.6;2.057
2768.1;3.885
2768.6;4.987
2769.1;0.822
2769.6;4.947
2770.1;5.363
2770.6;5.926
2771.1;5.267
2771.6;10.745
2772.1;7.151
2772.6;7.403
2773.1;8.798
2773.6;11.364
2774.1;8.634
2774.6;10.904
2775.1;13.62
2775.6;9.674
2776.1;8.104
2776.6;10.176
2777.1;8.358
2777.6;7.258
2778.1;10.843
2778.6;11.217
2779.1;12.634
2779.6;8.312
2780.1;16.525
2780.6;8.25
2781.1;13.943
2781.6;10.912
2782.1;16.534
2782.6;10.724
2783.1;9.398
2783.6;8.978
2784.1;2.007
2784.6;1.435
2785.1;8.407
2785.6;9.584
2786.1;8.723
2786.6;11.003
2787.1;8.937
2787.6;10.378
2788.1;6.399
2788.6;17.418
2789.1;10.544
2789.6;10.787
2790.1;10.345
2790.6;7.657
2791.1;12.956
2791.6;7.572
2792.1;11.915
2792.6;17.405
2793.1;14.273
2793.6;24.925
2794.1;26.899
2794.6;17.403
2795.1;14.461
2795.6;8.048
2796.1;0.733
2796.6;9.496
2797.1;20.006
2797.6;16.629
2798.1;19.148
2798.6;12.748
2799.1;12.858
2799.6;13.949
2800.1;10.518
2800.6;10.47
2801.1;12.309
2801.6;8.545
2802.1;5.852
2802.6;6.827
2803.1;6.769
2803.6;5.786
2804.1;3.653
2804.6;8.035
2805.1;6.551
2805.6;3.824
2806.1;4.497
2806.6;11.433
2807.1;8.603
2807.6;1.643
2808.1;5.162
2808.6;9.856
2809.1;7.899
2809.6;8.749
2810.1;11.017
2810.6;1.726
2811.1;6.123
2811.6;2.275
2812.1;11.629
2812.6;5.809
2813.1;7.402
2813.6;9.459
2814.1;6.889
2814.6;8.027
2815.1;1.036
2815.6;3.648
2816.1;1.02
2816.6;2.794
2817.1;1.471
2817.6;2.244
2818.1;2.965
2818.6;0.372
2819.1;2.236
2819.6;4.067
2820.1;3.711
2820.6;4.825
2821.1;0.964
2821.6;2.579
2822.1;0.349
2822.6;3.488
2823.1;2.939
2823.6;9.541
2824.1;3.663
2824.6;4.303
2825.1;3.061
2825.6;4.252
2826.1;3.172
2826.6;3.944
2827.1;5.589
2827.6;1.644
2828.1;5.281
2828.6;0.259
2829.1;4.986
2829.6;6.129
2830.1;1.04
2830.6;2.472
2831.1;1.432
2831.6;2.725
2832.1;1.975
2832.6;4.438
2833.1;4.183
2833.6;5.727
2834.1;5.334
2834.6;3.593
2835.1;7.161
2835.6;1.573
2836.1;4.511
2836.6;2.255
2837.1;9.219
2837.6;3.744
2838.1;2.793
2838.6;2.332
2839.1;4.448
2839.6;6.235
2840.1;2.718
2840.6;3.757
2841.1;0.305
2841.6;3.654
2842.1;0.952
2842.6;5.509
2843.1;5.462
2843.6;4.261
2844.1;1.642
2844.6;3.898
2845.1;2.275
2845.6;2.343
2846.1;4.388
2846.6;0.386
2847.1;1.17
2847.6;1.443
2848.1;4.897
2848.6;2.171
2849.1;1.498
2849.6;0.524
2850.1;3.022
2850.6;4.752
2851.1;3.217
2851.6;2.041
2852.1;2.342
2852.6;0.243
2853.1;5.63
2853.6;4.17
2854.1;1.928
2854.6;4.471
2855.1;5.563
2855.6;4.595
2856.1;2.766
2856.6;5.187
2857.1;5.539
2857.6;3.479
2858.1;3.154
2858.6;4.474
2859.1;6.01
2859.6;5.332
2860.1;3.478
2860.6;0.931
2861.1;4.627
2861.6;2.479
2862.1;2.612
2862.6;3.802
2863.1;2.328
2863.6;1.436
2864.1;1.201
2864.6;3.269
2865.1;4.725
2865.6;4.248
2866.1;1.943
2866.6;1.356
2867.1;4.621
2867.6;4.296
2868.1;5.148
2868.6;1.278
2869.1;3.388
2869.6;0.786
2870.1;1.727
2870.6;3.919
2871.1;2.229
2871.6;3.106
2872.1;2.911
2872.6;1.229
2873.1;6.109
2873.6;4.673
2874.1;5.832
2874.6;5.08
2875.1;3.469
2875.6;3.84
2876.1;1.212
2876.6;0.974
2877.1;1.353
2877.6;2.068
2878.1;0.768
2878.6;0.735
2879.1;1.941
2879.6;1.566
2880.1;0.857
2880.6;3.186
2881.1;1.972
2881.6;0.854
2882.1;2.127
2882.6;0.632
2883.1;0.818
2883.6;0.946
2884.1;0.123
2884.6;1.169
2885.1;0.346
2885.6;0.61
2886.1;0.845
2886.6;4.093
2887.1;3.659
2887.6;3.947
2888.1;4.752
2888.6;4.389
2889.1;3.662
2889.6;3.943
2890.1;3.121
2890.6;2.046
2891.1;4.242
2891.6;0.734
2892.1;1.214
2892.6;1.767
2893.1;2.697
2893.6;1.61
2894.1;1.143
2894.6;2.958
2895.1;2.218
2895.6;2.053
2896.1;0.738
2896.6;2.547
2897.1;2.52
2897.6;1.482
2898.1;3.685
2898.6;4.32
2899.1;4.692
2899.6;3.562
2900.1;5.149
2900.6;7.283
2901.1;9.51
2901.6;9.086
2902.1;11.52
2902.6;11.224
2903.1;13.153
2903.6;11.814
2904.1;12.655
2904.6;12.816
2905.1;13.932
2905.6;14.217
2906.1;13.52
2906.6;15.226
2907.1;16.63
2907.6;13.555
2908.1;14.273
2908.6;10.876
2909.1;10.145
2909.6;9.038
2910.1;9.109
2910.6;5.541
2911.1;6.619
2911.6;3.131
2912.1;4.216
2912.6;2.581
2913.1;3.998
2913.6;2.185
2914.1;3.237
2914.6;1.114
2915.1;1.052
2915.6;1.163
2916.1;3.179
2916.6;2.156
2917.1;2.161
2917.6;2.908
2918.1;4.509
2918.6;4.056
2919.1;3.644
2919.6;6.011
2920.1;4.811
2920.6;6.672
2921.1;3.843
2921.6;5.651
2922.1;1.182
2922.6;5.173
2923.1;2.654
2923.6;3.809
2924.1;3.983
2924.6;4.312
2925.1;0.176
2925.6;0.603
2926.1;3.895
2926.6;2.226
2927.1;2.307
2927.6;4.238
2928.1;3.754
2928.6;3.961
2929.1;3.25
2929.6;8.162
2930.1;3.196
2930.6;3.935
2931.1;6.076
2931.6;5.054
2932.1;3.275
2932.6;4.703
2933.1;5.483
2933.6;5.697
2934.1;6.542
2934.6;5.785
2935.1;7.017
2935.6;7.113
2936.1;1.206
2936.6;4.513
2937.1;3.905
2937.6;3.644
2938.1;3.881
2938.6;1.841
2939.1;2.361
2939.6;2.552
2940.1;2.226
2940.6;1.634
2941.1;2.692
2941.6;0.799
2942.1;1.886
2942.6;1.933
2943.1;2.488
2943.6;1.474
2944.1;2.27
2944.6;4.247
2945.1;3.811
2945.6;2.951
2946.1;5.775
2946.6;6.334
2947.1;1.797
2947.6;4.95
2948.1;2.534
2948.6;2.897
2949.1;5.547
2949.6;2.162
2950.1;3.003
2950.6;7.096
2951.1;3.697
2951.6;4.012
2952.1;3.15
2952.6;1.648
2953.1;1.965
2953.6;2.344
2954.1;4.713
2954.6;1.472
2955.1;1.033
2955.6;3.072
2956.1;1.72
2956.6;2.57
2957.1;1.857
2957.6;1.444
2958.1;3.093
2958.6;2.248
2959.1;0.546
2959.6;2.282
2960.1;1.621
2960.6;3.223
2961.1;2.499
2961.6;2.996
2962.1;0.862
2962.6;6.79
2963.1;4.403
2963.6;3.601
2964.1;3.98
2964.6;3.475
2965.1;7.129
2965.6;5.896
2966.1;2.111
2966.6;8.231
2967.1;0.374
2967.6;6.29
2968.1;3.35
2968.6;2.607
2969.1;4.203
2969.6;2.582
2970.1;3.336
2970.6;4.819
2971.1;1.496
2971.6;3.427
2972.1;3.402
2972.6;3.964
2973.1;2.547
2973.6;2.871
2974.1;2.156
2974.6;3.054
2975.1;2.918
2975.6;2.263
2976.1;2.027
2976.6;3.781
2977.1;2.746
2977.6;4.025
2978.1;2.246
2978.6;3.36
2979.1;2.996
2979.6;2.74
2980.1;2.089
2980.6;2.557
2981.1;4.566
2981.6;0.82
2982.1;2.196
2982.6;1.308
2983.1;3.52
2983.6;2.51
2984.1;2.467
2984.6;2.183
2985.1;1.045
2985.6;2.263
2986.1;2.799
2986.6;3.701
2987.1;3.625
2987.6;1.933
2988.1;3.879
2988.6;1.596
2989.1;3.116
2989.6;1.623
2990.1;0.158
2990.6;0.538
2991.1;2.5
2991.6;2.746
2992.1;1.552
2992.6;3.427
2993.1;1.787
2993.6;4.255
2994.1;1.93
2994.6;3.477
2995.1;5.643
2995.6;1.554
2996.1;1.04
2996.6;0.322
2997.1;2.198
2997.6;4.469
2998.1;3.297
2998.6;2.366
2999.1;3.31
2999.6;5.344
3000.1;1.745
3000.6;1.502
3001.1;2.705
3001.6;5.054
3002.1;4.615
3002.6;1.086
3003.1;2.597
3003.6;2.686
3004.1;2.984
3004.6;0.221
3005.1;2.447
3005.6;4.363
3006.1;1.497
3006.6;1.254
3007.1;3.679
3007.6;4.245
3008.1;2.651
3008.6;3.564
3009.1;3.076
3009.6;2.562
3010.1;2.043
3010.6;3.147
3011.1;4.873
3011.6;5.677
3012.1;2.466
3012.6;4.916
3013.1;5.105
3013.6;6.117
3014.1;1.553
3014.6;2.525
3015.1;3.384
3015.6;4.568
3016.1;2.182
3016.6;2.255
3017.1;7.107
3017.6;7.878
3018.1;2.743
3018.6;4.228
3019.1;3.436
3019.6;6.643
3020.1;3.541
3020.6;4.377
3021.1;3.172
3021.6;2.939
3022.1;0.923
3022.6;0.705
3023.1;4.848
3023.6;5.056
3024.1;4.833
3024.6;3.244
3025.1;3.026
3025.6;3.817
3026.1;2.302
3026.6;5.256
3027.1;5.447
3027.6;0.822
3028.1;0.678
3028.6;1.229
3029.1;4.07
3029.6;6.139
3030.1;7.078
3030.6;7.363
3031.1;4.6
3031.6;8.741
3032.1;12.735
3032.6;11.769
3033.1;7.822
3033.6;8.312
3034.1;12.247
3034.6;9.221
3035.1;4.733
3035.6;5.245
3036.1;5.644
3036.6;4.512
3037.1;2.895
3037.6;5.047
3038.1;5.266
3038.6;1.968
3039.1;1.214
3039.6;1.984
3040.1;3.578
3040.6;3.038
3041.1;2.045
3041.6;2.554
3042.1;2.718
3042.6;1.021
3043.1;3.014
3043.6;3.39
3044.1;4.333
3044.6;2.477
3045.1;2.05
3045.6;1.793
3046.1;4.037
3046.6;1.551
3047.1;0.298
3047.6;1.965
3048.1;5.202
3048.6;1.278
3049.1;0.526
3049.6;2.714
3050.1;3.495
3050.6;2.147
3051.1;1.862
3051.6;2.0
3052.1;1.877
3052.6;2.912
3053.1;2.244
3053.6;1.927
3054.1;1.413
3054.6;1.46
3055.1;1.534
3055.6;2.205
3056.1;3.488
3056.6;2.833
3057.1;2.049
3057.6;0.932
3058.1;3.271
3058.6;0.464
3059.1;2.546
3059.6;1.563
3060.1;4.248
3060.6;1.416
3061.1;3.787
3061.6;1.402
3062.1;0.179
3062.6;2.674
3063.1;3.183
3063.6;0.619
3064.1;0.974
3064.6;1.738
3065.1;1.323
3065.6;2.223
3066.1;3.364
3066.6;3.511
3067.1;1.839
3067.6;3.079
3068.1;0.911
3068.6;1.627
3069.1;2.174
3069.6;1.614
3070.1;1.209
3070.6;1.172
3071.1;2.471
3071.6;2.935
3072.1;0.654
3072.6;2.975
3073.1;1.166
3073.6;1.651
3074.1;1.777
3074.6;2.509
3075.1;2.12
3075.6;0.242
3076.1;1.233
3076.6;1.537
3077.1;1.468
3077.6;1.358
3078.1;1.487
3078.6;0.325
3079.1;2.365
3079.6;2.849
3080.1;1.515
3080.6;0.999
3081.1;1.5
3081.6;1.297
3082.1;2.479
3082.6;0.85
3083.1;1.455
3083.6;0.578
3084.1;1.646
3084.6;1.768
3085.1;1.679
3085.6;0.981
3086.1;0.375
3086.6;1.516
3087.1;1.236
3087.6;1.493
3088.1;0.467
3088.6;1.123
3089.1;1.098
3089.6;0.472
3090.1;0.253
3090.6;1.701
3091.1;1.118
3091.6;3.005
3092.1;2.1
3092.6;2.97
3093.1;1.889
3093.6;0.827
3094.1;2.099
3094.6;1.935
3095.1;3.61
3095.6;1.955
3096.1;2.527
3096.6;2.285
3097.1;1.028
3097.6;0.933
3098.1;1.719
3098.6;1.909
3099.1;0.675
3099.6;1.536
3100.1;1.224
3100.6;2.944
3101.1;0.494
3101.6;1.113
3102.1;1.003
3102.6;0.583
3103.1;2.132
3103.6;3.355
3104.1;1.165
3104.6;2.887
3105.1;0.622
3105.6;2.338
3106.1;1.297
3106.6;0.592
3107.1;1.114
3107.6;2.519
3108.1;3.067
3108.6;2.035
3109.1;1.062
3109.6;2.673
3110.1;2.082
3110.6;1.923
3111.1;2.755
3111.6;2.766
3112.1;3.746
3112.6;1.641
3113.1;1.228
3113.6;1.566
3114.1;1.814
3114.6;1.836
3115.1;2.039
3115.6;2.76
3116.1;1.999
3116.6;2.139
3117.1;0.415
3117.6;1.828
3118.1;3.303
3118.6;1.934
3119.1;2.243
3119.6;2.07
3120.1;0.548
3120.6;1.609
3121.1;1.396
3121.6;1.024
3122.1;3.085
3122.6;4.226
3123.1;1.467
3123.6;1.552
3124.1;2.579
3124.6;2.902
3125.1;4.931
3125.6;5.159
3126.1;3.242
3126.6;1.597
3127.1;1.931
3127.6;3.013
3128.1;2.334
3128.6;4.449
3129.1;2.218
3129.6;5.069
3130.1;4.528
3130.6;2.823
3131.1;2.776
3131.6;3.197
3132.1;4.208
3132.6;4.878
3133.1;3.734
3133.6;2.415
3134.1;5.334
3134.6;5.424
3135.1;4.455
3135.6;7.583
3136.1;7.045
3136.6;4.05
3137.1;5.779
3137.6;4.309
3138.1;6.397
3138.6;6.21
3139.1;4.915
3139.6;7.44
3140.1;5.693
3140.6;5.165
3141.1;2.424
3141.6;3.667
3142.1;3.069
3142.6;5.735
3143.1;4.654
3143.6;3.332
3144.1;4.386
3144.6;0.778
3145.1;2.34
3145.6;1.835
3146.1;1.547
3146.6;2.519
3147.1;2.91
3147.6;1.066
3148.1;0.782
3148.6;1.045
3149.1;0.389
3149.6;1.993
3150.1;2.694
3150.6;1.228
3151.1;0.585
3151.6;0.624
3152.1;1.29
3152.6;2.356
3153.1;2.37
3153.6;2.672
3154.1;1.694
3154.6;3.711
3155.1;0.659
3155.6;2.172
3156.1;3.64
3156.6;2.457
3157.1;3.706
3157.6;0.597
3158.1;0.665
3158.6;1.971
3159.1;0.435
3159.6;0.851
3160.1;0.301
3160.6;2.885
3161.1;3.223
3161.6;0.51
3162.1;2.939
3162.6;3.565
3163.1;3.736
3163.6;3.051
3164.1;1.373
3164.6;1.532
3165.1;1.145
3165.6;4.551
3166.1;3.799
3166.6;0.773
3167.1;1.066
3167.6;3.982
3168.1;4.187
3168.6;0.892
3169.1;3.1
3169.6;2.982
3170.1;1.684
3170.6;0.794
3171.1;3.586
3171.6;2.293
3172.1;1.951
3172.6;1.251
3173.1;2.775
3173.6;2.072
3174.1;4.812
3174.6;2.235
3175.1;2.551
3175.6;0.301
3176.1;5.293
3176.6;4.689
3177.1;2.803
3177.6;3.415
3178.1;0.962
3178.6;0.617
3179.1;2.621
3179.6;5.178
3180.1;4.145
3180.6;3.371
3181.1;2.192
3181.6;3.82
3182.1;5.349
3182.6;5.03
3183.1;0.475
3183.6;3.436
3184.1;3.402
3184.6;3.519
3185.1;1.307
3185.6;1.029
3186.1;3.629
3186.6;2.323
3187.1;0.183
3187.6;3.275
3188.1;6.61
3188.6;1.717
3189.1;1.137
3189.6;5.782
3190.1;4.454
3190.6;5.102
3191.1;4.996
3191.6;3.026
3192.1;2.152
3192.6;5.84
3193.1;7.896
3193.6;2.953
3194.1;0.807
3194.6;5.512
3195.1;6.868
3195.6;2.745
3196.1;3.386
3196.6;1.927
3197.1;1.922
3197.6;3.874
3198.1;2.758
3198.6;6.536
3199.1;4.818
3199.6;4.461
3200.1;1.283
3200.6;6.444
3201.1;5.225
3201.6;7.188
3202.1;1.293
3202.6;4.157
3203.1;3.767
3203.6;5.61
3204.1;3.025
3204.6;2.799
3205.1;9.6
3205.6;9.668
3206.1;4.215
3206.6;8.832
3207.1;15.632
3207.6;10.711
3208.1;6.273
3208.6;17.03
3209.1;23.853
3209.6;9.345
3210.1;2.458
3210.6;14.154
3211.1;18.855
3211.6;5.403
3212.1;6.197
3212.6;5.989
3213.1;9.152
3213.6;2.574
3214.1;7.375
3214.6;7.223
3215.1;0.342
3215.6;5.323
3216.1;5.216
3216.6;7.203
3217.1;1.342
3217.6;6.736
3218.1;3.783
3218.6;1.316
3219.1;7.219
3219.6;5.465
3220.1;5.795
3220.6;4.007
3221.1;7.969
3221.6;6.9
3222.1;5.989
3222.6;7.505
3223.1;0.774
3223.6;5.289
3224.1;3.363
3224.6;6.04
3225.1;5.039
3225.6;5.516
3226.1;3.897
3226.6;9.198
3227.1;5.508
3227.6;12.372
3228.1;8.268
3228.6;12.849
3229.1;10.223
3229.6;11.774
3230.1;12.976
3230.6;4.832
3231.1;7.479
3231.6;3.757
3232.1;6.383
3232.6;4.304
3233.1;0.971
3233.6;5.99
3234.1;2.574
3234.6;2.131
3235.1;3.794
3235.6;2.956
3236.1;4.213
3236.6;2.033
3237.1;5.11
3237.6;1.493
3238.1;2.256
3238.6;0.905
3239.1;3.136
3239.6;1.448
3240.1;3.652
3240.6;1.407
3241.1;3.569
3241.6;3.874
3242.1;2.411
3242.6;1.837
3243.1;1.277
3243.6;2.66
3244.1;2.698
3244.6;3.973
3245.1;2.52
3245.6;3.81
3246.1;3.069
3246.6;3.102
3247.1;2.859
3247.6;3.441
3248.1;0.41
3248.6;1.896
3249.1;2.315
3249.6;1.74
3250.1;1.249
3250.6;0.877
3251.1;0.784
3251.6;2.368
3252.1;1.695
3252.6;3.348
3253.1;3.319
3253.6;1.506
3254.1;2.961
3254.6;2.267
3255.1;3.617
3255.6;4.589
3256.1;1.7
3256.6;0.505
3257.1;1.986
3257.6;2.84
3258.1;1.833
3258.6;1.863
3259.1;1.325
3259.6;1.327
3260.1;2.794
3260.6;0.92
3261.1;1.122
3261.6;1.062
3262.1;1.986
3262.6;2.748
3263.1;2.13
3263.6;0.917
3264.1;1.645
3264.6;1.923
3265.1;2.091
3265.6;2.208
3266.1;2.661
3266.6;1.214
3267.1;1.387
3267.6;2.435
3268.1;1.199
3268.6;3.088
3269.1;2.235
3269.6;0.735
3270.1;1.26
3270.6;3.784
3271.1;1.802
3271.6;0.35
3272.1;1.51
3272.6;1.674
3273.1;3.774
3273.6;2.851
3274.1;0.934
3274.6;1.297
3275.1;0.684
3275.6;1.923
3276.1;2.284
3276.6;3.293
3277.1;2.259
3277.6;0.531
3278.1;1.7
3278.6;1.751
3279.1;1.618
3279.6;1.999
3280.1;1.76
3280.6;0.713
3281.1;1.644
3281.6;1.949
3282.1;1.864
3282.6;1.741
3283.1;0.85
3283.6;0.396
3284.1;0.663
3284.6;0.779
3285.1;0.805
3285.6;0.663
3286.1;1.261
3286.6;2.904
3287.1;2.98
3287.6;1.595
3288.1;1.141
3288.6;2.839
3289.1;2.579
3289.6;2.054
3290.1;2.066
3290.6;1.116
3291.1;0.62
3291.6;1.14
3292.1;2.685
3292.6;3.284
3293.1;2.316
3293.6;2.561
3294.1;0.506
3294.6;1.139
3295.1;1.332
3295.6;4.137
3296.1;6.129
3296.6;3.826
3297.1;1.144
3297.6;0.926
3298.1;0.775
3298.6;1.301
3299.1;2.24
3299.6;2.579
3300.1;2.009
3300.6;0.199
3301.1;0.838
3301.6;2.537
3302.1;3.46
3302.6;0.057
3303.1;1.007
3303.6;1.391
3304.1;3.523
3304.6;2.663
3305.1;1.242
3305.6;2.394
3306.1;2.653
3306.6;3.63
3307.1;2.436
3307.6;2.453
3308.1;0.191
3308.6;0.833
3309.1;1.299
3309.6;2.548
3310.1;4.996
3310.6;4.659
3311.1;4.17
3311.6;5.499
3312.1;5.669
3312.6;9.041
3313.1;9.136
3313.6;7.97
3314.1;6.662
3314.6;6.52
3315.1;8.581
3315.6;7.328
3316.1;7.061
3316.6;4.67
3317.1;5.147
3317.6;2.449
3318.1;3.871
3318.6;6.521
3319.1;4.182
3319.6;3.135
3320.1;3.218
3320.6;2.416
3321.1;4.404
3321.6;5.674
3322.1;4.937
3322.6;4.828
3323.1;3.136
3323.6;3.644
3324.1;4.905
3324.6;4.126
3325.1;2.255
3325.6;2.883
3326.1;1.55
3326.6;3.156
3327.1;2.547
3327.6;0.814
3328.1;0.564
3328.6;1.171
3329.1;0.554
3329.6;2.632
3330.1;3.305
3330.6;2.581
3331.1;0.696
3331.6;1.806
3332.1;1.639
3332.6;2.725
3333.1;3.07
3333.6;2.605
3334.1;1.771
3334.6;0.69
3335.1;3.04
3335.6;1.371
3336.1;1.528
3336.6;2.445
3337.1;2.624
3337.6;1.366
3338.1;1.644
3338.6;0.793
3339.1;0.816
3339.6;2.466
3340.1;3.991
3340.6;4.69
3341.1;1.348
3341.6;1.549
3342.1;2.098
3342.6;2.742
3343.1;1.173
3343.6;2.653
3344.1;4.008
3344.6;1.119
3345.1;2.18
3345.6;2.624
3346.1;1.365
3346.6;3.609
3347.1;4.066
3347.6;0.807
3348.1;1.595
3348.6;1.87
3349.1;2.767
3349.6;2.865
3350.1;2.426
3350.6;2.598
3351.1;0.571
3351.6;1.471
3352.1;1.549
3352.6;2.811
3353.1;3.285
3353.6;1.738
3354.1;2.385
3354.6;2.319
3355.1;1.93
3355.6;2.804
3356.1;2.137
3356.6;3.717
3357.1;1.983
3357.6;3.116
3358.1;2.554
3358.6;3.898
3359.1;4.859
3359.6;4.213
3360.1;3.549
3360.6;4.857
3361.1;3.504
3361.6;3.297
3362.1;5.136
3362.6;4.813
3363.1;2.928
3363.6;5.903
3364.1;3.472
3364.6;5.185
3365.1;2.93
3365.6;6.123
3366.1;4.485
3366.6;4.834
3367.1;6.902
3367.6;4.011
3368.1;6.191
3368.6;4.864
3369.1;5.99
3369.6;2.45
3370.1;5.392
3370.6;4.714
3371.1;4.22
3371.6;3.247
3372.1;4.426
3372.6;2.547
3373.1;2.219
3373.6;2.389
3374.1;1.963
3374.6;3.714
3375.1;1.694
3375.6;5.078
3376.1;2.816
3376.6;1.724
3377.1;1.648
3377.6;3.45
3378.1;2.17
3378.6;0.664
3379.1;0.81
3379.6;1.854
3380.1;0.987
3380.6;1.378
3381.1;2.186
3381.6;1.729
3382.1;1.184
3382.6;3.193
3383.1;3.033
3383.6;1.676
3384.1;3.365
3384.6;2.572
3385.1;0.757
3385.6;3.507
3386.1;3.096
3386.6;2.342
3387.1;5.396
3387.6;7.021
3388.1;5.996
3388.6;8.999
3389.1;10.504
3389.6;6.444
3390.1;6.178
3390.6;8.55
3391.1;10.073
3391.6;6.544
3392.1;3.441
3392.6;4.159
3393.1;3.826
3393.6;3.648
3394.1;2.368
3394.6;1.903
3395.1;3.865
3395.6;2.509
3396.1;1.14
3396.6;2.317
3397.1;4.423
3397.6;1.58
3398.1;1.07
3398.6;1.775
3399.1;2.769
3399.6;1.59
3400.1;0.798
3400.6;1.125
3401.1;1.529
3401.6;0.901
3402.1;1.697
3402.6;0.448
3403.1;0.509
3403.6;0.99
3404.1;2.447
3404.6;2.445
3405.1;0.713
3405.6;3.546
3406.1;1.17
3406.6;3.284
3407.1;2.0
3407.6;2.711
3408.1;2.018
3408.6;1.435
3409.1;1.478
3409.6;1.466
3410.1;1.045
3410.6;0.859
3411.1;0.18
3411.6;0.859
3412.1;1.974
3412.6;1.93
3413.1;2.252
3413.6;2.298
3414.1;2.96
3414.6;4.663
3415.1;3.584
3415.6;2.02
3416.1;3.167
3416.6;3.243
3417.1;3.9
3417.6;2.939
3418.1;4.144
3418.6;1.018
3419.1;3.049
3419.6;1.341
3420.1;4.026
3420.6;2.708
3421.1;3.348
3421.6;3.133
3422.1;2.057
3422.6;2.892
3423.1;0.723
3423.6;2.533
3424.1;0.705
3424.6;1.32
3425.1;3.245
3425.6;2.906
3426.1;2.185
3426.6;5.106
3427.1;3.728
3427.6;4.861
3428.1;4.361
3428.6;5.596
3429.1;4.715
3429.6;5.844
3430.1;6.96
3430.6;6.654
3431.1;7.181
3431.6;7.346
3432.1;8.216
3432.6;7.121
3433.1;7.856
3433.6;5.82
3434.1;4.871
3434.6;4.135
3435.1;0.487
3435.6;3.448
3436.1;6.199
3436.6;10.991
3437.1;14.636
3437.6;16.643
3438.1;19.083
3438.6;21.441
3439.1;24.289
3439.6;23.309
3440.1;24.433
3440.6;22.656
3441.1;22.229
3441.6;20.217
3442.1;19.582
3442.6;17.5
3443.1;16.964
3443.6;15.313
3444.1;13.783
3444.6;13.831
3445.1;14.421
3445.6;15.549
3446.1;15.74
3446.6;13.991
3447.1;14.083
3447.6;11.815
3448.1;11.391
3448.6;11.354
3449.1;10.165
3449.6;8.911
3450.1;9.464
3450.6;7.765
3451.1;6.546
3451.6;8.274
3452.1;5.044
3452.6;4.628
3453.1;5.224
3453.6;3.073
3454.1;4.35
3454.6;3.355
3455.1;2.091
3455.6;5.399
3456.1;5.031
3456.6;4.161
3457.1;4.253
3457.6;6.347
3458.1;3.567
3458.6;4.568
3459.1;4.554
3459.6;1.411
3460.1;5.802
3460.6;5.391
3461.1;2.731
3461.6;3.328
3462.1;3.627
3462.6;1.608
3463.1;3.604
3463.6;3.086
3464.1;0.669
3464.6;1.561
3465.1;1.668
3465.6;1.219
3466.1;2.355
3466.6;1.733
3467.1;1.316
3467.6;2.06
3468.1;1.216
3468.6;1.197
3469.1;3.529
3469.6;0.82
3470.1;3.161
3470.6;3.95
3471.1;2.143
3471.6;2.218
3472.1;1.627
3472.6;0.952
3473.1;1.717
3473.6;2.347
3474.1;2.108
3474.6;2.364
3475.1;0.929
3475.6;1.844
3476.1;1.433
3476.6;1.724
3477.1;0.653
3477.6;1.675
3478.1;1.537
3478.6;2.633
3479.1;3.239
3479.6;0.539
3480.1;1.646
3480.6;0.913
3481.1;2.476
3481.6;1.912
3482.1;2.469
3482.6;0.703
3483.1;3.217
3483.6;0.374
3484.1;4.998
3484.6;4.07
3485.1;0.987
3485.6;3.082
3486.1;0.937
3486.6;2.431
3487.1;2.999
3487.6;2.69
3488.1;2.438
3488.6;1.097
3489.1;1.489
3489.6;3.519
3490.1;2.637
3490.6;3.733
3491.1;2.565
3491.6;5.998
3492.1;5.707
3492.6;6.018
3493.1;7.879
3493.6;4.784
3494.1;5.54
3494.6;2.88
3495.1;3.471
3495.6;3.558
3496.1;0.921
3496.6;3.213
3497.1;4.093
3497.6;3.48
3498.1;1.0
3498.6;4.876
3499.1;1.629
3499.6;0.376
3500.1;1.914
3500.6;4.746
3501.1;2.598
3501.6;3.394
3502.1;2.551
3502.6;3.299
3503.1;1.302
3503.6;4.55
3504.1;3.186
3504.6;2.507
3505.1;2.385
3505.6;2.624
3506.1;2.242
3506.6;3.159
3507.1;4.17
3507.6;4.765
3508.1;4.444
3508.6;3.561
3509.1;4.031
3509.6;2.988
3510.1;0.695
3510.6;3.492
3511.1;5.43
3511.6;2.986
3512.1;6.002
3512.6;6.093
3513.1;5.859
3513.6;3.398
3514.1;0.852
3514.6;1.581
3515.1;3.738
3515.6;6.077
3516.1;5.774
3516.6;7.114
3517.1;6.184
3517.6;5.111
3518.1;2.982
3518.6;1.22
3519.1;4.293
3519.6;5.884
3520.1;8.049
3520.6;6.252
3521.1;4.486
3521.6;5.986
3522.1;3.409
3522.6;4.978
3523.1;5.367
3523.6;5.397
3524.1;5.179
3524.6;6.92
3525.1;5.198
3525.6;4.754
3526.1;3.524
3526.6;5.385
3527.1;3.908
3527.6;3.51
3528.1;5.852
3528.6;3.486
3529.1;4.488
3529.6;3.24
3530.1;5.466
3530.6;5.688
3531.1;6.647
3531.6;5.393
3532.1;6.458
3532.6;6.106
3533.1;7.526
3533.6;6.243
3534.1;7.87
3534.6;7.161
3535.1;7.548
3535.6;6.186
3536.1;5.27
3536.6;7.079
3537.1;6.724
3537.6;7.277
3538.1;8.998
3538.6;9.053
3539.1;7.783
3539.6;8.723
3540.1;6.102
3540.6;8.1
3541.1;5.087
3541.6;7.757
3542.1;5.268
3542.6;6.242
3543.1;4.536
3543.6;4.732
3544.1;3.958
3544.6;4.51
3545.1;4.614
3545.6;5.385
3546.1;5.699
3546.6;1.74
3547.1;2.832
3547.6;2.926
3548.1;2.794
3548.6;1.275
3549.1;5.342
3549.6;2.494
3550.1;2.464
3550.6;2.861
3551.1;4.108
3551.6;1.338
3552.1;1.939
3552.6;2.031
3553.1;3.032
3553.6;2.769
3554.1;2.523
3554.6;2.544
3555.1;1.61
3555.6;1.979
3556.1;1.142
3556.6;1.288
3557.1;1.412
3557.6;1.667
3558.1;0.314
3558.6;2.197
3559.1;1.799
3559.6;2.086
3560.1;2.438
3560.6;1.802
3561.1;1.735
3561.6;0.425
3562.1;3.289
3562.6;0.346
3563.1;1.237
3563.6;1.633
3564.1;1.707
3564.6;1.119
3565.1;1.99
3565.6;3.811
3566.1;1.872
3566.6;2.322
3567.1;4.767
3567.6;3.955
3568.1;2.754
3568.6;1.724
3569.1;4.201
3569.6;3.578
3570.1;2.618
3570.6;2.937
3571.1;2.184
3571.6;0.304
3572.1;1.154
3572.6;1.578
3573.1;0.624
3573.6;0.316
3574.1;1.057
3574.6;0.821
3575.1;0.34
3575.6;1.63
3576.1;0.165
3576.6;1.738
3577.1;2.257
3577.6;1.642
3578.1;1.486
3578.6;1.43
3579.1;2.349
3579.6;1.836
3580.1;2.659
3580.6;2.453
3581.1;1.325
3581.6;0.85
3582.1;1.767
3582.6;1.806
3583.1;1.672
3583.6;0.742
3584.1;2.302
3584.6;1.36
3585.1;0.534
3585.6;2.21
3586.1;2.457
3586.6;2.379
3587.1;0.642
3587.6;2.059
3588.1;0.865
3588.6;0.05
3589.1;1.456
3589.6;2.438
3590.1;0.293
3590.6;0.551
3591.1;0.061
3591.6;1.419
3592.1;1.534
3592.6;1.18
3593.1;2.128
3593.6;0.935
3594.1;1.519
3594.6;0.898
3595.1;2.618
3595.6;2.104
3596.1;0.461
3596.6;0.31
3597.1;0.941
3597.6;0.605
3598.1;2.211
3598.6;1.583
3599.1;0.588
3599.6;0.965
3600.1;1.529
3600.6;0.594
3601.1;1.262
3601.6;2.489
3602.1;0.522
3602.6;2.592
3603.1;0.463
3603.6;1.645
3604.1;0.584
3604.6;2.744
3605.1;0.919
3605.6;1.512
3606.1;0.956
3606.6;1.927
3607.1;1.107
3607.6;1.396
3608.1;0.801
3608.6;1.279
3609.1;0.94
3609.6;1.315
3610.1;1.075
3610.6;1.5
3611.1;2.262
3611.6;0.844
3612.1;1.406
3612.6;1.082
3613.1;1.71
3613.6;2.882
3614.1;1.788
3614.6;2.231
3615.1;1.226
3615.6;2.143
3616.1;2.605
3616.6;1.494
3617.1;0.713
3617.6;1.275
3618.1;3.171
3618.6;1.846
3619.1;0.524
3619.6;0.212
3620.1;1.54
3620.6;5.46
3621.1;3.34
3621.6;1.598
3622.1;0.43
3622.6;2.313
3623.1;2.582
3623.6;1.734
3624.1;2.082
3624.6;1.324
3625.1;1.69
3625.6;3.267
3626.1;3.303
3626.6;2.777
3627.1;2.266
3627.6;0.611
3628.1;1.454
3628.6;5.096
3629.1;3.059
3629.6;2.106
3630.1;1.507
3630.6;0.932
3631.1;3.573
3631.6;0.656
3632.1;2.712
3632.6;3.997
3633.1;2.954
3633.6;2.243
3634.1;2.671
3634.6;1.676
3635.1;4.901
3635.6;4.28
3636.1;0.301
3636.6;4.534
3637.1;1.689
3637.6;3.114
3638.1;3.267
3638.6;3.211
3639.1;2.114
3639.6;1.558
3640.1;3.689
3640.6;2.444
3641.1;4.512
3641.6;4.107
3642.1;0.644
3642.6;3.787
3643.1;3.147
3643.6;3.295
3644.1;4.855
3644.6;2.468
3645.1;3.687
3645.6;4.276
3646.1;7.605
3646.6;4.513
3647.1;5.443
3647.6;5.873
3648.1;2.419
3648.6;6.66
3649.1;5.799
3649.6;4.84
3650.1;5.589
3650.6;6.252
3651.1;3.36
3651.6;5.522
3652.1;6.809
3652.6;6.775
3653.1;6.854
3653.6;9.233
3654.1;6.386
3654.6;7.217
3655.1;8.839
3655.6;6.847
3656.1;7.177
3656.6;10.354
3657.1;9.386
3657.6;8.825
3658.1;11.1
3658.6;9.434
3659.1;9.83
3659.6;9.838
3660.1;9.175
3660.6;7.436
3661.1;8.846
3661.6;7.317
3662.1;5.468
3662.6;4.739
3663.1;6.119
3663.6;2.098
3664.1;5.726
3664.6;5.961
3665.1;2.947
3665.6;5.723
3666.1;5.356
3666.6;2.883
3667.1;4.614
3667.6;4.641
3668.1;3.535
3668.6;3.069
3669.1;4.026
3669.6;2.287
3670.1;1.601
3670.6;3.749
3671.1;1.898
3671.6;3.484
3672.1;2.313
3672.6;1.871
3673.1;2.857
3673.6;1.192
3674.1;1.04
3674.6;2.965
3675.1;2.16
3675.6;2.38
3676.1;4.886
3676.6;1.134
3677.1;4.516
3677.6;3.397
3678.1;2.206
3678.6;3.669
3679.1;3.191
3679.6;2.548
3680.1;2.278
3680.6;1.721
3681.1;3.027
3681.6;1.386
3682.1;0.969
3682.6;2.806
3683.1;1.006
3683.6;1.288
3684.1;1.638
3684.6;1.825
3685.1;1.991
3685.6;2.914
3686.1;1.002
3686.6;3.043
3687.1;2.75
3687.6;0.929
3688.1;5.321
3688.6;2.712
3689.1;2.001
3689.6;3.573
3690.1;3.107
3690.6;0.357
3691.1;1.463
3691.6;4.011
3692.1;1.103
3692.6;2.906
3693.1;1.078
3693.6;1.119
3694.1;1.707
3694.6;2.991
3695.1;2.288
3695.6;0.949
3696.1;2.208
3696.6;2.489
3697.1;1.133
3697.6;1.481
3698.1;0.307
3698.6;1.967
3699.1;3.676
3699.6;0.469
3700.1;3.028
3700.6;1.409
3701.1;1.83
3701.6;1.812
3702.1;2.411
3702.6;2.338
3703.1;1.626
3703.6;2.102
3704.1;1.124
3704.6;1.364
3705.1;2.185
3705.6;1.167
3706.1;3.679
3706.6;2.09
3707.1;1.158
3707.6;1.997
3708.1;0.461
3708.6;1.446
3709.1;1.657
3709.6;1.832
3710.1;1.46
3710.6;1.93
3711.1;2.315
3711.6;1.062
3712.1;0.917
3712.6;3.041
3713.1;1.166
3713.6;0.224
3714.1;0.689
3714.6;1.608
3715.1;2.374
3715.6;0.258
3716.1;2.977
3716.6;1.206
3717.1;2.457
3717.6;0.836
3718.1;2.836
3718.6;2.217
3719.1;2.35
3719.6;0.966
3720.1;0.906
3720.6;0.648
3721.1;0.5
3721.6;1.291
3722.1;1.708
3722.6;1.327
3723.1;1.47
3723.6;0.767
3724.1;2.527
3724.6;2.071
3725.1;0.961
3725.6;1.663
3726.1;1.307
3726.6;1.057
3727.1;1.457
3727.6;1.282
3728.1;0.544
3728.6;3.151
3729.1;0.38
3729.6;2.594
3730.1;1.331
3730.6;1.535
3731.1;1.406
3731.6;1.183
3732.1;2.984
3732.6;2.196
3733.1;2.498
3733.6;1.733
3734.1;2.597
3734.6;1.183
3735.1;1.133
3735.6;2.721
3736.1;1.926
3736.6;1.566
3737.1;0.662
3737.6;2.051
3738.1;2.968
3738.6;2.143
3739.1;1.056
3739.6;2.432
3740.1;1.394
3740.6;3.449
3741.1;0.683
3741.6;0.7
3742.1;3.765
3742.6;1.562
3743.1;2.753
3743.6;0.594
3744.1;2.445
3744.6;1.746
3745.1;2.671
3745.6;6.06
3746.1;4.889
3746.6;3.667
3747.1;1.906
3747.6;2.957
3748.1;3.999
3748.6;3.342
3749.1;4.836
3749.6;5.408
3750.1;4.931
3750.6;0.736
3751.1;3.99
3751.6;5.876
3752.1;2.067
3752.6;3.364
3753.1;4.683
3753.6;3.395
3754.1;3.581
3754.6;3.434
3755.1;4.129
3755.6;1.054
3756.1;1.71
3756.6;3.212
3757.1;1.084
3757.6;0.994
3758.1;3.177
3758.6;2.198
3759.1;1.16
3759.6;2.477
3760.1;0.746
3760.6;0.395
3761.1;2.843
3761.6;3.573
3762.1;2.261
3762.6;2.289
3763.1;3.694
3763.6;2.628
3764.1;1.166
3764.6;0.713
3765.1;1.109
3765.6;0.87
3766.1;1.856
3766.6;3.814
3767.1;1.138
3767.6;1.967
3768.1;2.597
3768.6;1.267
3769.1;1.211
3769.6;0.512
3770.1;0.823
3770.6;1.706
3771.1;1.154
3771.6;2.599
3772.1;1.461
3772.6;0.651
3773.1;1.768
3773.6;0.561
3774.1;0.433
3774.6;1.521
3775.1;1.121
3775.6;0.342
3776.1;0.943
3776.6;1.862
3777.1;1.702
3777.6;2.175
3778.1;1.009
3778.6;1.82
3779.1;1.751
3779.6;2.697
3780.1;1.646
3780.6;2.08
3781.1;2.829
3781.6;0.453
3782.1;1.639
3782.6;0.907
3783.1;1.103
3783.6;0.919
3784.1;3.236
3784.6;2.807
3785.1;0.175
3785.6;0.465
3786.1;0.838
3786.6;0.17
3787.1;1.517
3787.6;3.01
3788.1;2.939
3788.6;2.055
3789.1;1.686
3789.6;2.635
3790.1;1.296
3790.6;1.656
3791.1;3.044
3791.6;3.102
3792.1;1.081
3792.6;3.985
3793.1;3.162
3793.6;1.91
3794.1;3.109
3794.6;4.762
3795.1;2.466
3795.6;1.462
3796.1;2.158
3796.6;2.734
3797.1;1.172
3797.6;1.917
3798.1;1.651
3798.6;1.446
3799.1;0.686
3799.6;1.27
3800.1;0.829
3800.6;1.141
3801.1;0.821
3801.6;0.551
3802.1;1.598
3802.6;0.628
3803.1;0.694
3803.6;1.766
3804.1;0.846
3804.6;1.272
3805.1;1.273
3805.6;0.273
3806.1;1.203
3806.6;1.172
3807.1;2.027
3807.6;0.932
3808.1;0.561
3808.6;0.579
3809.1;0.627
3809.6;0.709
3810.1;0.416
3810.6;0.707
3811.1;1.693
3811.6;1.4
3812.1;0.422
3812.6;2.47
3813.1;0.596
3813.6;0.805
3814.1;1.714
3814.6;1.838
3815.1;1.14
3815.6;1.671
3816.1;2.307
3816.6;1.53
3817.1;1.213
3817.6;1.92
3818.1;1.678
3818.6;1.292
3819.1;1.873
3819.6;0.963
3820.1;2.521
3820.6;1.549
3821.1;0.569
3821.6;0.829
3822.1;0.847
3822.6;1.928
3823.1;2.855
3823.6;4.604
3824.1;2.22
3824.6;2.235
3825.1;2.17
3825.6;1.989
3826.1;3.864
3826.6;3.925
3827.1;2.486
3827.6;2.357
3828.1;0.787
3828.6;2.168
3829.1;0.402
3829.6;4.317
3830.1;3.922
3830.6;4.001
3831.1;2.774
3831.6;2.026
3832.1;1.979
3832.6;1.458
3833.1;1.999
3833.6;4.427
3834.1;1.418
3834.6;2.438
3835.1;0.579
3835.6;1.856
3836.1;1.214
3836.6;4.043
3837.1;4.658
3837.6;1.675
3838.1;0.91
3838.6;1.81
3839.1;2.767
3839.6;3.419
3840.1;1.985
3840.6;1.459
3841.1;2.777
3841.6;2.959
3842.1;3.464
3842.6;1.785
3843.1;3.026
3843.6;1.633
3844.1;3.111
3844.6;0.169
3845.1;1.246
3845.6;2.483
3846.1;0.974
3846.6;2.067
3847.1;2.46
3847.6;3.62
3848.1;1.626
3848.6;3.031
3849.1;0.297
3849.6;3.725
3850.1;2.206
3850.6;3.342
3851.1;1.614
3851.6;2.329
3852.1;1.329
3852.6;3.584
3853.1;2.391
3853.6;2.74
3854.1;2.089
3854.6;1.808
3855.1;3.517
3855.6;2.216
3856.1;1.333
3856.6;3.486
3857.1;5.23
3857.6;0.467
3858.1;3.145
3858.6;1.17
3859.1;2.415
3859.6;1.1
3860.1;2.823
3860.6;1.335
3861.1;2.559
3861.6;2.182
3862.1;2.95
3862.6;4.589
3863.1;2.097
3863.6;3.228
3864.1;3.37
3864.6;2.231
3865.1;4.483
3865.6;2.814
3866.1;2.903
3866.6;2.222
3867.1;0.903
3867.6;4.469
3868.1;1.425
3868.6;3.254
3869.1;4.237
3869.6;4.481
3870.1;3.484
3870.6;2.076
3871.1;2.99
3871.6;1.891
3872.1;3.794
3872.6;3.13
3873.1;1.784
3873.6;3.44
3874.1;0.545
3874.6;2.785
3875.1;3.055
3875.6;2.262
3876.1;1.612
3876.6;0.865
3877.1;0.454
3877.6;2.151
3878.1;3.334
3878.6;1.544
3879.1;2.967
3879.6;1.137
3880.1;2.533
3880.6;2.879
3881.1;2.536
3881.6;2.245
3882.1;2.929
3882.6;2.771
3883.1;3.678
3883.6;0.993
3884.1;0.153
3884.6;1.828
3885.1;1.171
3885.6;0.756
3886.1;1.582
3886.6;0.412
3887.1;0.77
3887.6;1.938
3888.1;2.425
3888.6;1.127
3889.1;1.723
3889.6;1.252
3890.1;1.699
3890.6;3.219
3891.1;2.597
3891.6;1.115
3892.1;2.081
3892.6;0.695
3893.1;1.939
3893.6;0.401
3894.1;1.955
3894.6;0.541
3895.1;2.585
3895.6;1.701
3896.1;1.706
3896.6;0.558
3897.1;0.717
3897.6;1.08
3898.1;0.707
3898.6;0.913
3899.1;0.361
3899.6;0.571
3900.1;2.039
3900.6;1.329
3901.1;1.698
3901.6;1.029
3902.1;1.326
3902.6;0.579
3903.1;1.219
3903.6;1.74
3904.1;1.019
3904.6;1.305
3905.1;2.994
3905.6;1.15
3906.1;1.089
3906.6;1.15
3907.1;2.391
3907.6;1.27
3908.1;0.638
3908.6;1.471
3909.1;0.101
3909.6;0.962
3910.1;1.801
3910.6;2.497
3911.1;0.852
3911.6;1.754
3912.1;1.603
3912.6;3.665
3913.1;1.124
3913.6;2.142
3914.1;1.809
3914.6;3.608
3915.1;1.003
3915.6;1.196
3916.1;2.965
3916.6;1.24
3917.1;0.871
3917.6;2.068
3918.1;2.021
3918.6;1.881
3919.1;2.683
3919.6;4.274
3920.1;2.838
3920.6;0.94
3921.1;2.612
3921.6;1.558
3922.1;0.911
3922.6;2.463
3923.1;3.128
3923.6;2.765
3924.1;1.444
3924.6;1.575
3925.1;2.561
3925.6;0.442
3926.1;1.949
3926.6;2.609
3927.1;3.702
3927.6;0.391
3928.1;3.135
3928.6;2.256
3929.1;1.126
3929.6;4.324
3930.1;4.893
3930.6;3.401
3931.1;0.735
3931.6;2.648
3932.1;3.875
3932.6;2.721
3933.1;4.482
3933.6;3.853
3934.1;3.196
3934.6;3.322
3935.1;3.543
3935.6;5.175
3936.1;4.668
3936.6;2.963
3937.1;4.564
3937.6;6.151
3938.1;3.356
3938.6;3.322
3939.1;5.269
3939.6;4.658
3940.1;1.929
3940.6;4.975
3941.1;4.333
3941.6;0.274
3942.1;5.078
3942.6;3.395
3943.1;2.833
3943.6;2.489
3944.1;1.775
3944.6;2.782
3945.1;2.008
3945.6;2.182
3946.1;2.982
3946.6;0.501
3947.1;2.18
3947.6;2.157
3948.1;3.089
3948.6;2.386
3949.1;1.84
3949.6;2.379
3950.1;2.856
3950.6;2.268
3951.1;1.389
3951.6;1.831
3952.1;1.898
3952.6;3.025
3953.1;1.469
3953.6;0.878
3954.1;1.046
3954.6;1.777
3955.1;2.347
3955.6;4.288
3956.1;2.661
3956.6;3.65
3957.1;3.512
3957.6;4.642
3958.1;3.074
3958.6;5.14
3959.1;5.231
3959.6;3.981
3960.1;2.632
3960.6;3.463
3961.1;3.342
3961.6;4.215
3962.1;4.737
3962.6;7.318
3963.1;4.392
3963.6;2.465
3964.1;3.414
3964.6;3.606
3965.1;0.561
3965.6;2.565
3966.1;4.142
3966.6;4.113
3967.1;1.882
3967.6;3.389
3968.1;0.762
3968.6;2.268
3969.1;1.369
3969.6;4.265
3970.1;3.217
3970.6;3.615
3971.1;5.434
3971.6;1.332
3972.1;0.851
3972.6;2.033
3973.1;3.59
3973.6;2.406
3974.1;4.227
3974.6;2.684
3975.1;3.505
3975.6;2.367
3976.1;1.589
3976.6;1.455
3977.1;0.819
3977.6;0.412
3978.1;2.379
3978.6;2.928
3979.1;2.204
3979.6;3.346
3980.1;0.506
3980.6;0.987
3981.1;1.262
3981.6;1.922
3982.1;1.146
3982.6;2.861
3983.1;2.015
3983.6;2.847
3984.1;1.046
3984.6;2.273
3985.1;1.593
3985.6;1.201
3986.1;2.064
3986.6;4.086
3987.1;3.581
3987.6;3.457
3988.1;0.648
3988.6;1.902
3989.1;1.488
3989.6;1.701
3990.1;0.65
3990.6;3.314
3991.1;1.196
3991.6;0.985
3992.1;0.948
3992.6;2.481
3993.1;0.419
3993.6;1.146
3994.1;3.771
3994.6;3.066
3995.1;3.335
3995.6;2.147
3996.1;1.699
3996.6;1.195
3997.1;1.554
3997.6;1.559
3998.1;3.335
3998.6;2.008
3999.1;2.685
3999.6;1.361
4000.1;0.947
4000.6;1.339
4001.1;1.758
4001.6;1.69
4002.1;1.986
4002.6;1.553
4003.1;0.899
4003.6;0.975
4004.1;1.303
4004.6;2.063
4005.1;1.387
4005.6;1.279
4006.1;2.074
4006.6;0.989
4007.1;2.615
4007.6;1.184
4008.1;0.509
4008.6;0.592
4009.1;0.267
4009.6;0.705
4010.1;0.851
4010.6;1.831
4011.1;1.775
4011.6;0.776
4012.1;1.795
4012.6;0.406
4013.1;2.016
4013.6;1.789
4014.1;2.223
4014.6;2.044
4015.1;1.386
4015.6;1.013
4016.1;0.702
4016.6;1.254
4017.1;2.037
4017.6;2.241
4018.1;2.079
4018.6;0.827
4019.1;1.663
4019.6;2.267
4020.1;2.252
4020.6;1.901
4021.1;0.979
4021.6;1.655
4022.1;0.176
4022.6;0.88
4023.1;0.555
4023.6;1.294
4024.1;0.981
4024.6;1.852
4025.1;1.407
4025.6;1.961
4026.1;1.164
4026.6;1.577
4027.1;1.494
4027.6;1.516
4028.1;1.701
4028.6;1.357
4029.1;1.548
4029.6;0.56
4030.1;0.697
4030.6;1.928
4031.1;2.319
4031.6;0.899
4032.1;1.571
4032.6;1.662
4033.1;2.028
4033.6;2.72
4034.1;2.633
4034.6;3.214
4035.1;1.437
4035.6;1.717
4036.1;2.394
4036.6;2.352
4037.1;4.825
4037.6;4.477
4038.1;4.224
4038.6;1.872
4039.1;0.649
4039.6;2.006
4040.1;5.178
4040.6;5.379
4041.1;7.474
4041.6;5.399
4042.1;4.805
4042.6;4.183
4043.1;6.097
4043.6;7.177
4044.1;8.852
4044.6;10.699
4045.1;7.067
4045.6;6.783
4046.1;3.58
4046.6;4.204
4047.1;6.476
4047.6;6.62
4048.1;6.89
4048.6;7.325
4049.1;5.024
4049.6;4.201
4050.1;5.66
4050.6;6.92
4051.1;7.31
4051.6;7.693
4052.1;6.194
4052.6;4.329
4053.1;3.271
4053.6;2.166
4054.1;4.312
4054.6;4.488
4055.1;3.609
4055.6;4.307
4056.1;1.6
4056.6;0.779
4057.1;2.228
4057.6;4.339
4058.1;2.096
4058.6;2.619
4059.1;1.348
4059.6;0.644
4060.1;3.518
4060.6;3.121
4061.1;2.122
4061.6;3.814
4062.1;4.494
4062.6;1.316
4063.1;2.215
4063.6;4.079
4064.1;3.053
4064.6;4.38
4065.1;5.426
4065.6;4.056
4066.1;5.29
4066.6;4.785
4067.1;3.504
4067.6;4.656
4068.1;4.618
4068.6;3.117
4069.1;3.793
4069.6;3.467
4070.1;1.913
4070.6;2.616
4071.1;1.543
4071.6;1.763
4072.1;3.23
4072.6;2.795
4073.1;1.43
4073.6;3.589
4074.1;1.919
4074.6;0.611
4075.1;3.249
4075.6;2.362
4076.1;1.173
4076.6;2.891
4077.1;2.37
4077.6;2.435
4078.1;1.792
4078.6;3.624
4079.1;2.228
4079.6;1.624
4080.1;2.354
4080.6;2.609
4081.1;2.544
4081.6;1.771
4082.1;2.206
4082.6;2.83
4083.1;2.199
4083.6;1.932
4084.1;3.335
4084.6;2.234
4085.1;0.521
4085.6;1.432
4086.1;1.825
4086.6;1.083
4087.1;3.368
4087.6;2.474
4088.1;2.186
4088.6;2.637
4089.1;0.859
4089.6;3.136
4090.1;5.306
4090.6;3.145
4091.1;2.316
4091.6;5.627
4092.1;3.829
4092.6;2.795
4093.1;4.777
4093.6;4.376
4094.1;1.169
4094.6;4.977
4095.1;4.231
4095.6;2.352
4096.1;2.655
4096.6;0.779
4097.1;0.698
4097.6;2.919
4098.1;2.374
4098.6;2.551
4099.1;2.944
4099.6;2.761
4100.1;1.064
4100.6;2.262
4101.1;1.062
4101.6;2.885
4102.1;1.355
4102.6;1.487
4103.1;1.386
4103.6;2.144
4104.1;0.28
4104.6;1.136
4105.1;2.236
4105.6;1.785
4106.1;2.871
4106.6;4.515
4107.1;3.954
4107.6;1.238
4108.1;0.72
4108.6;2.659
4109.1;2.889
4109.6;3.312
4110.1;2.771
4110.6;1.757
4111.1;2.394
4111.6;1.722
4112.1;3.259
4112.6;6.022
4113.1;9.057
4113.6;9.271
4114.1;7.498
4114.6;7.477
4115.1;6.886
4115.6;4.847
4116.1;4.381
4116.6;4.525
4117.1;4.274
4117.6;3.611
4118.1;4.527
4118.6;3.637
4119.1;2.369
4119.6;2.198
4120.1;2.536
4120.6;3.45
4121.1;2.546
4121.6;3.449
4122.1;1.025
4122.6;0.45
4123.1;2.864
4123.6;4.071
4124.1;4.477
4124.6;3.0
4125.1;4.045
4125.6;3.085
4126.1;2.054
4126.6;2.391
4127.1;2.887
4127.6;3.158
4128.1;2.377
4128.6;3.318
4129.1;4.038
4129.6;4.036
4130.1;2.217
4130.6;2.741
4131.1;2.366
4131.6;1.572
4132.1;1.416
4132.6;3.471
4133.1;3.521
4133.6;2.646
4134.1;1.168
4134.6;1.321
4135.1;3.391
4135.6;4.528
4136.1;3.188
4136.6;1.953
4137.1;2.675
4137.6;2.432
4138.1;2.414
4138.6;3.543
4139.1;5.526
4139.6;5.155
4140.1;3.462
4140.6;3.654
4141.1;4.331
4141.6;4.017
4142.1;4.753
4142.6;5.396
4143.1;4.638
4143.6;3.355
4144.1;1.763
4144.6;2.56
4145.1;0.961
4145.6;2.868
4146.1;3.765
4146.6;1.472
4147.1;2.163
4147.6;1.082
4148.1;1.056
4148.6;2.424
4149.1;1.441
4149.6;1.16
4150.1;0.408
4150.6;2.138
4151.1;0.698
4151.6;1.006
4152.1;1.488
4152.6;1.023
4153.1;4.034
4153.6;4.212
4154.1;0.302
4154.6;0.988
4155.1;1.315
4155.6;2.958
4156.1;2.221
4156.6;1.352
4157.1;2.213
4157.6;1.665
4158.1;0.969
4158.6;0.598
4159.1;3.367
4159.6;1.296
4160.1;1.699
4160.6;1.386
4161.1;2.218
4161.6;0.457
4162.1;1.657
4162.6;1.747
4163.1;1.85
4163.6;0.783
4164.1;0.616
4164.6;0.702
4165.1;0.506
4165.6;1.32
4166.1;1.986
4166.6;2.391
4167.1;0.704
4167.6;2.006
4168.1;0.802
4168.6;2.359
4169.1;0.976
4169.6;1.453
4170.1;0.583
4170.6;2.475
4171.1;0.563
4171.6;1.351
4172.1;1.254
4172.6;2.632
4173.1;1.122
4173.6;2.133
4174.1;2.291
4174.6;0.727
4175.1;1.052
4175.6;1.522
4176.1;1.641
4176.6;1.842
4177.1;2.078
4177.6;2.862
4178.1;3.656
4178.6;0.677
4179.1;1.434
4179.6;1.019
4180.1;1.534
4180.6;2.349
4181.1;4.568
4181.6;2.8
4182.1;2.343
4182.6;1.237
4183.1;2.354
4183.6;0.201
4184.1;3.093
4184.6;2.436
4185.1;4.313
4185.6;2.639
4186.1;4.311
4186.6;4.024
4187.1;2.933
4187.6;1.32
4188.1;3.184
4188.6;0.103
4189.1;3.19
4189.6;2.065
4190.1;4.026
4190.6;2.536
4191.1;3.198
4191.6;2.725
4192.1;1.84
4192.6;3.268
4193.1;4.569
4193.6;3.296
4194.1;3.532
4194.6;4.875
4195.1;2.751
4195.6;3.589
4196.1;2.185
4196.6;3.59
4197.1;2.708
4197.6;4.703
4198.1;4.873
4198.6;3.973
4199.1;3.869
4199.6;4.11
4200.1;1.817
4200.6;2.63
4201.1;1.639
4201.6;1.852
4202.1;1.483
4202.6;3.584
4203.1;3.118
4203.6;4.035
4204.1;3.516
4204.6;4.161
4205.1;0.421
4205.6;2.561
4206.1;1.771
4206.6;2.882
4207.1;1.143
4207.6;4.224
4208.1;1.962
4208.6;1.727
4209.1;1.998
4209.6;2.143
4210.1;1.58
4210.6;2.505
4211.1;3.279
4211.6;2.023
4212.1;1.915
4212.6;2.712
4213.1;3.475
4213.6;1.638
4214.1;2.975
4214.6;1.246
4215.1;0.486
4215.6;2.705
4216.1;1.784
4216.6;2.937
4217.1;3.837
4217.6;2.53
4218.1;1.733
4218.6;0.32
4219.1;1.725
4219.6;1.257
4220.1;1.371
4220.6;1.03
4221.1;1.901
4221.6;1.997
4222.1;2.064
4222.6;2.826
4223.1;3.591
4223.6;1.398
4224.1;2.713
4224.6;2.877
4225.1;2.147
4225.6;1.398
4226.1;1.426
4226.6;2.376
4227.1;3.339
4227.6;2.924
4228.1;4.043
4228.6;3.359
4229.1;3.136
4229.6;3.416
4230.1;2.898
4230.6;2.163
4231.1;2.511
4231.6;3.387
4232.1;3.027
4232.6;1.883
4233.1;1.74
4233.6;2.945
4234.1;4.728
4234.6;5.387
4235.1;5.724
4235.6;5.041
4236.1;5.705
4236.6;4.034
4237.1;6.393
4237.6;7.479
4238.1;9.298
4238.6;10.813
4239.1;10.976
4239.6;11.339
4240.1;10.78
4240.6;11.219
4241.1;12.253
4241.6;12.502
4242.1;12.943
4242.6;12.575
4243.1;13.062
4243.6;13.531
4244.1;12.265
4244.6;11.322
4245.1;11.456
4245.6;13.887
4246.1;12.357
4246.6;12.811
4247.1;11.972
4247.6;7.779
4248.1;8.639
4248.6;9.806
4249.1;8.52
4249.6;8.689
4250.1;9.49
4250.6;7.078
4251.1;7.995
4251.6;7.39
4252.1;6.789
4252.6;7.577
4253.1;6.195
4253.6;4.427
4254.1;5.932
4254.6;5.706
4255.1;4.402
4255.6;5.074
4256.1;6.433
4256.6;5.242
4257.1;4.756
4257.6;8.047
4258.1;6.934
4258.6;7.252
4259.1;6.264
4259.6;5.714
4260.1;6.122
4260.6;5.284
4261.1;4.973
4261.6;4.374
4262.1;3.738
4262.6;5.159
4263.1;5.047
4263.6;3.583
4264.1;6.068
4264.6;4.969
4265.1;2.885
4265.6;4.831
4266.1;3.688
4266.6;2.558
4267.1;4.177
4267.6;3.821
4268.1;2.406
4268.6;3.109
4269.1;2.248
4269.6;1.362
4270.1;2.23
4270.6;2.071
4271.1;2.141
4271.6;3.447
4272.1;1.544
4272.6;1.78
4273.1;2.387
4273.6;1.287
4274.1;1.268
4274.6;2.903
4275.1;3.041
4275.6;0.891
4276.1;2.01
4276.6;0.893
4277.1;1.127
4277.6;1.066
4278.1;0.537
4278.6;1.143
4279.1;3.778
4279.6;1.082
4280.1;2.407
4280.6;1.459
4281.1;0.994
4281.6;1.182
4282.1;2.333
4282.6;1.847
4283.1;1.311
4283.6;1.93
4284.1;0.742
4284.6;1.566
4285.1;1.032
4285.6;1.756
4286.1;1.895
4286.6;0.791
4287.1;0.399
4287.6;1.718
4288.1;1.682
4288.6;1.168
4289.1;1.277
4289.6;4.566
4290.1;1.648
4290.6;1.759
4291.1;1.091
4291.6;0.436
4292.1;1.148
4292.6;0.802
4293.1;2.801
4293.6;1.959
4294.1;0.787
4294.6;2.774
4295.1;5.171
4295.6;5.606
4296.1;3.574
4296.6;3.978
4297.1;2.567
4297.6;2.497
4298.1;1.695
4298.6;0.638
4299.1;4.296
4299.6;6.494
4300.1;3.019
4300.6;1.292
4301.1;2.308
4301.6;5.144
4302.1;3.432
4302.6;2.05
4303.1;0.824
4303.6;6.427
4304.1;7.152
4304.6;4.057
4305.1;1.076
4305.6;5.224
4306.1;7.967
4306.6;7.185
4307.1;8.412
4307.6;5.42
4308.1;3.451
4308.6;6.469
4309.1;7.697
4309.6;7.9
4310.1;5.66
4310.6;2.906
4311.1;3.27
4311.6;3.03
4312.1;4.763
4312.6;5.939
4313.1;3.191
4313.6;3.215
4314.1;5.217
4314.6;3.09
4315.1;2.877
4315.6;4.212
4316.1;1.339
4316.6;5.058
4317.1;3.985
4317.6;1.749
4318.1;1.013
4318.6;3.391
4319.1;4.113
4319.6;3.599
4320.1;2.085
4320.6;2.261
4321.1;3.914
4321.6;3.089
4322.1;1.874
4322.6;5.163
4323.1;2.734
4323.6;1.374
4324.1;1.593
4324.6;1.197
4325.1;3.806
4325.6;3.929
4326.1;0.93
4326.6;2.408
4327.1;1.642
4327.6;2.279
4328.1;0.162
4328.6;1.723
4329.1;3.303
4329.6;2.257
4330.1;1.109
4330.6;2.3
4331.1;0.802
4331.6;2.966
4332.1;3.556
4332.6;3.691
4333.1;2.342
4333.6;0.998
4334.1;1.691
4334.6;4.608
4335.1;2.668
4335.6;2.27
4336.1;1.961
4336.6;1.467
4337.1;1.492
4337.6;0.471
4338.1;0.658
4338.6;2.476
4339.1;1.322
4339.6;3.704
4340.1;1.253
4340.6;4.169
4341.1;1.159
4341.6;4.789
4342.1;2.826
4342.6;3.148
4343.1;4.26
4343.6;2.319
4344.1;3.293
4344.6;1.647
4345.1;4.304
4345.6;3.306
4346.1;4.623
4346.6;1.371
4347.1;5.416
4347.6;0.403
4348.1;3.555
4348.6;0.816
4349.1;3.094
4349.6;2.418
4350.1;3.018
4350.6;2.319
4351.1;1.437
4351.6;3.298
4352.1;3.004
4352.6;2.696
4353.1;3.878
4353.6;5.02
4354.1;2.205
4354.6;3.004
4355.1;4.761
4355.6;6.186
4356.1;3.701
4356.6;5.452
4357.1;4.922
4357.6;6.399
4358.1;3.555
4358.6;4.099
4359.1;2.449
4359.6;3.791
4360.1;4.37
4360.6;6.564
4361.1;6.177
4361.6;5.064
4362.1;5.122
4362.6;6.84
4363.1;6.375
4363.6;7.462
4364.1;9.451
4364.6;7.838
4365.1;7.804
4365.6;6.908
4366.1;9.216
4366.6;6.767
4367.1;8.647
4367.6;6.932
4368.1;7.624
4368.6;4.175
4369.1;6.304
4369.6;5.039
4370.1;5.905
4370.6;7.673
4371.1;9.605
4371.6;5.08
4372.1;5.998
4372.6;4.486
4373.1;5.462
4373.6;3.322
4374.1;6.869
4374.6;5.489
4375.1;3.78
4375.6;3.174
4376.1;5.602
4376.6;5.229
4377.1;4.984
4377.6;6.072
4378.1;6.588
4378.6;3.932
4379.1;4.577
4379.6;5.008
4380.1;4.196
4380.6;3.064
4381.1;3.611
4381.6;3.102
4382.1;1.225
4382.6;0.619
4383.1;1.181
4383.6;0.463
4384.1;2.938
4384.6;2.556
4385.1;1.571
4385.6;0.041
4386.1;0.585
4386.6;1.018
4387.1;3.108
4387.6;1.5
4388.1;1.112
4388.6;2.128
4389.1;1.654
4389.6;1.756
4390.1;3.844
4390.6;1.989
4391.1;1.632
4391.6;0.54
4392.1;1.448
4392.6;2.17
4393.1;1.998
4393.6;1.543
4394.1;1.246
4394.6;2.126
4395.1;0.555
4395.6;2.052
4396.1;1.666
4396.6;2.692
4397.1;2.295
4397.6;2.79
4398.1;1.911
4398.6;1.684
4399.1;3.275
4399.6;2.656
4400.1;1.063
4400.6;1.083
4401.1;1.589
4401.6;0.976
4402.1;0.764
4402.6;4.49
4403.1;1.953
4403.6;0.57
4404.1;0.931
4404.6;1.738
4405.1;0.702
4405.6;2.819
4406.1;2.628
4406.6;2.127
4407.1;1.823
4407.6;1.624
4408.1;0.332
4408.6;0.716
4409.1;2.523
4409.6;2.567
4410.1;2.456
4410.6;0.935
4411.1;0.499
4411.6;1.189
4412.1;1.074
4412.6;1.933
4413.1;1.933
4413.6;0.5
4414.1;1.895
4414.6;0.692
4415.1;1.805
4415.6;1.21
4416.1;3.039
4416.6;0.637
4417.1;1.613
4417.6;1.434
4418.1;1.192
4418.6;1.711
4419.1;2.033
4419.6;1.614
4420.1;0.815
4420.6;1.293
4421.1;1.116
4421.6;1.027
4422.1;1.276
4422.6;2.06
4423.1;2.705
4423.6;1.021
4424.1;1.317
4424.6;0.837
4425.1;1.793
4425.6;1.865
4426.1;3.954
4426.6;3.08
4427.1;1.078
4427.6;2.792
4428.1;1.632
4428.6;2.533
4429.1;4.269
4429.6;3.043
4430.1;0.944
4430.6;1.472
4431.1;1.966
4431.6;2.752
4432.1;3.889
4432.6;1.614
4433.1;1.328
4433.6;1.782
4434.1;0.541
4434.6;3.258
4435.1;3.756
4435.6;3.298
4436.1;0.882
4436.6;2.527
4437.1;1.239
4437.6;0.017
4438.1;2.408
4438.6;1.205
4439.1;1.655
4439.6;1.118
4440.1;0.779
4440.6;1.249
4441.1;0.829
4441.6;1.106
4442.1;1.57
4442.6;1.687
4443.1;1.043
4443.6;0.319
4444.1;1.882
4444.6;2.077
4445.1;2.994
4445.6;3.548
4446.1;1.997
4446.6;2.842
4447.1;2.508
4447.6;3.904
4448.1;3.626
4448.6;2.804
4449.1;2.363
4449.6;1.604
4450.1;1.676
4450.6;1.406
4451.1;1.995
4451.6;1.53
4452.1;1.568
4452.6;1.447
4453.1;1.016
4453.6;2.419
4454.1;1.49
4454.6;3.136
4455.1;2.743
4455.6;0.912
4456.1;1.821
4456.6;1.448
4457.1;2.636
4457.6;0.787
4458.1;1.005
4458.6;1.122
4459.1;0.495
4459.6;0.513
4460.1;1.72
4460.6;1.03
4461.1;1.139
4461.6;1.621
4462.1;1.221
4462.6;0.423
4463.1;1.083
4463.6;1.784
4464.1;1.062
4464.6;1.855
4465.1;2.129
4465.6;1.513
4466.1;2.32
4466.6;1.56
4467.1;0.913
4467.6;0.864
4468.1;2.103
4468.6;2.301
4469.1;1.652
4469.6;1.353
4470.1;1.634
4470.6;1.104
4471.1;0.526
4471.6;1.756
4472.1;0.96
4472.6;1.521
4473.1;2.881
4473.6;0.844
4474.1;1.04
4474.6;0.707
4475.1;1.483
4475.6;0.922
4476.1;2.387
4476.6;1.513
4477.1;1.027
4477.6;1.446
4478.1;2.715
4478.6;2.794
4479.1;3.368
4479.6;4.34
4480.1;5.521
4480.6;4.244
4481.1;6.061
4481.6;6.851
4482.1;6.181
4482.6;4.792
4483.1;4.908
4483.6;5.774
4484.1;5.695
4484.6;2.985
4485.1;3.339
4485.6;3.929
4486.1;2.139
4486.6;3.713
4487.1;2.965
4487.6;2.164
4488.1;3.114
4488.6;5.27
4489.1;3.727
4489.6;2.898
4490.1;4.397
4490.6;4.705
4491.1;4.136
4491.6;4.262
4492.1;5.368
4492.6;3.551
4493.1;3.843
4493.6;4.992
4494.1;5.065
4494.6;4.337
4495.1;3.419
4495.6;4.955
4496.1;4.573
4496.6;5.714
4497.1;6.059
4497.6;4.704
4498.1;5.222
4498.6;5.793
4499.1;7.124
4499.6;6.157
4500.1;5.045
4500.6;4.024
4501.1;5.199
4501.6;6.302
4502.1;6.201
4502.6;3.062
4503.1;0.924
4503.6;3.516
4504.1;5.147
4504.6;3.221
4505.1;3.152
4505.6;4.323
4506.1;3.523
4506.6;3.932
4507.1;5.421
4507.6;3.451
4508.1;3.79
4508.6;3.998
4509.1;5.203
4509.6;4.899
4510.1;3.844
4510.6;5.035
4511.1;3.08
4511.6;4.616
4512.1;3.212
4512.6;4.265
4513.1;2.24
4513.6;1.825
4514.1;4.223
4514.6;4.577
4515.1;5.22
4515.6;4.054
4516.1;2.518
4516.6;1.912
4517.1;3.849
4517.6;3.813
4518.1;4.315
4518.6;3.15
4519.1;4.959
4519.6;7.313
4520.1;6.864
4520.6;5.668
4521.1;2.623
4521.6;7.801
4522.1;2.426
4522.6;6.629
4523.1;6.768
4523.6;3.63
4524.1;3.465
4524.6;3.729
4525.1;4.77
4525.6;6.894
4526.1;6.875
4526.6;3.671
4527.1;2.341
4527.6;4.048
4528.1;6.851
4528.6;9.023
4529.1;6.011
4529.6;3.442
4530.1;3.636
4530.6;4.088
4531.1;4.331
4531.6;4.279
4532.1;5.238
4532.6;3.923
4533.1;6.001
4533.6;3.644
4534.1;1.37
4534.6;1.021
4535.1;3.784
4535.6;5.484
4536.1;1.83
4536.6;0.997
4537.1;0.798
4537.6;1.995
4538.1;3.678
4538.6;3.54
4539.1;2.232
4539.6;4.602
4540.1;3.423
4540.6;3.911
4541.1;3.04
4541.6;4.426
4542.1;3.892
4542.6;3.438
4543.1;2.422
4543.6;2.361
4544.1;3.878
4544.6;3.884
4545.1;3.595
4545.6;1.73
4546.1;2.445
4546.6;3.411
4547.1;4.343
4547.6;3.12
4548.1;3.621
4548.6;0.53
4549.1;2.797
4549.6;3.24
4550.1;4.365
4550.6;1.85
4551.1;2.1
4551.6;0.767
4552.1;4.581
4552.6;4.047
4553.1;2.072
4553.6;1.599
4554.1;3.578
4554.6;1.979
4555.1;3.556
4555.6;2.027
4556.1;2.612
4556.6;1.538
4557.1;2.542
4557.6;1.727
4558.1;2.402
4558.6;2.395
4559.1;1.354
4559.6;1.964
4560.1;1.171
4560.6;3.039
4561.1;3.1
4561.6;1.749
4562.1;0.922
4562.6;1.445
4563.1;1.905
4563.6;1.805
4564.1;1.338
4564.6;0.805
4565.1;1.825
4565.6;2.27
4566.1;2.512
4566.6;0.815
4567.1;2.112
4567.6;0.93
4568.1;2.775
4568.6;3.036
4569.1;1.612
4569.6;1.765
4570.1;2.164
4570.6;2.053
4571.1;2.689
4571.6;1.939
4572.1;1.991
4572.6;0.767
4573.1;2.658
4573.6;2.059
4574.1;1.213
4574.6;2.252
4575.1;2.083
4575.6;1.733
4576.1;2.166
4576.6;1.258
4577.1;0.493
4577.6;1.71
4578.1;2.359
4578.6;0.983
4579.1;0.773
4579.6;1.013
4580.1;1.619
4580.6;3.078
4581.1;1.933
4581.6;0.635
4582.1;0.673
4582.6;1.956
4583.1;2.096
4583.6;2.885
4584.1;1.417
4584.6;0.621
4585.1;1.558
4585.6;1.32
4586.1;1.669
4586.6;1.142
4587.1;1.604
4587.6;2.327
4588.1;2.883
4588.6;0.433
4589.1;1.393
4589.6;1.193
4590.1;0.404
4590.6;1.567
4591.1;1.197
4591.6;1.255
4592.1;0.703
4592.6;1.128
4593.1;0.557
4593.6;1.06
4594.1;1.554
4594.6;1.653
4595.1;1.872
4595.6;1.332
4596.1;0.994
4596.6;1.988
4597.1;1.606
4597.6;1.271
4598.1;1.779
4598.6;0.81
4599.1;1.278
4599.6;1.818
4600.1;1.381
4600.6;2.699
4601.1;2.108
4601.6;1.183
4602.1;0.969
4602.6;1.8
4603.1;2.655
4603.6;2.671
4604.1;2.882
4604.6;1.764
4605.1;1.019
4605.6;0.872
4606.1;1.247
4606.6;1.852
4607.1;1.513
4607.6;0.18
4608.1;1.921
4608.6;2.17
4609.1;0.851
4609.6;2.098
4610.1;1.566
4610.6;1.258
4611.1;1.245
4611.6;0.486
4612.1;1.08
4612.6;0.552
4613.1;0.289
4613.6;0.133
4614.1;0.625
4614.6;1.028
4615.1;0.181
4615.6;0.893
4616.1;1.477
4616.6;2.117
4617.1;1.727
4617.6;0.362
4618.1;0.946
4618.6;1.35
4619.1;0.394
4619.6;1.262
4620.1;0.381
4620.6;0.994
4621.1;1.221
4621.6;2.205
4622.1;2.652
4622.6;0.971
4623.1;0.909
4623.6;0.706
4624.1;2.145
4624.6;1.966
4625.1;1.158
4625.6;1.942
4626.1;2.521
4626.6;3.462
4627.1;1.683
4627.6;0.91
4628.1;0.814
4628.6;1.384
4629.1;2.751
4629.6;1.488
4630.1;1.476
4630.6;1.296
4631.1;1.147
4631.6;0.837
4632.1;2.208
4632.6;1.72
4633.1;0.746
4633.6;1.708
4634.1;1.745
4634.6;0.431
4635.1;1.898
4635.6;1.08
4636.1;1.397
4636.6;1.249
4637.1;1.786
4637.6;3.588
4638.1;0.625
4638.6;0.993
4639.1;0.56
4639.6;0.505
4640.1;1.156
4640.6;0.511
4641.1;0.96
4641.6;2.714
4642.1;0.987
4642.6;2.109
4643.1;2.017
4643.6;0.867
4644.1;1.211
4644.6;2.041
4645.1;2.914
4645.6;4.92
4646.1;3.464
4646.6;3.682
4647.1;2.933
4647.6;2.943
4648.1;2.786
4648.6;3.839
4649.1;5.389
4649.6;5.363
4650.1;4.468
4650.6;4.188
4651.1;3.403
4651.6;2.954
4652.1;2.282
4652.6;4.06
4653.1;5.778
4653.6;5.078
4654.1;1.753
4654.6;2.013
4655.1;2.116
4655.6;3.143
4656.1;3.486
4656.6;4.465
4657.1;3.101
4657.6;2.22
4658.1;2.371
4658.6;1.706
4659.1;2.077
4659.6;3.054
4660.1;2.646
4660.6;3.557
4661.1;3.687
4661.6;3.184
4662.1;3.106
4662.6;2.004
4663.1;3.699
4663.6;3.551
4664.1;2.838
4664.6;2.028
4665.1;2.912
4665.6;3.3
4666.1;3.4
4666.6;5.846
4667.1;6.736
4667.6;5.584
4668.1;4.073
4668.6;2.538
4669.1;4.655
4669.6;2.28
4670.1;3.2
4670.6;3.555
4671.1;3.326
4671.6;2.46
4672.1;2.082
4672.6;1.022
4673.1;2.672
4673.6;4.552
4674.1;5.001
4674.6;1.747
4675.1;1.759
4675.6;3.292
4676.1;2.39
4676.6;1.053
4677.1;1.109
4677.6;3.606
4678.1;2.695
4678.6;1.493
4679.1;1.058
4679.6;0.444
4680.1;1.682
4680.6;1.721
4681.1;1.044
4681.6;0.784
4682.1;1.297
4682.6;2.924
4683.1;2.214
4683.6;3.058
4684.1;3.037
4684.6;3.178
4685.1;2.632
4685.6;1.31
4686.1;2.478
4686.6;3.416
4687.1;2.883
4687.6;2.677
4688.1;3.289
4688.6;2.919
4689.1;0.259
4689.6;0.489
4690.1;1.235
4690.6;0.814
4691.1;1.71
4691.6;2.852
4692.1;1.337
4692.6;1.236
4693.1;0.269
4693.6;0.788
4694.1;1.151
4694.6;1.003
4695.1;0.179
4695.6;2.377
4696.1;0.469
4696.6;1.177
4697.1;1.084
4697.6;0.882
4698.1;1.052
4698.6;0.65
4699.1;1.285
4699.6;1.955
4700.1;0.529
4700.6;0.595
4701.1;0.36
4701.6;0.946
4702.1;1.075
4702.6;0.771
4703.1;0.193
4703.6;0.884
4704.1;1.331
4704.6;0.206
4705.1;1.261
4705.6;0.58
4706.1;1.659
4706.6;0.275
4707.1;0.895
4707.6;0.459
4708.1;0.983
4708.6;1.278
4709.1;2.803
4709.6;0.83
4710.1;1.495
4710.6;2.08
4711.1;0.678
4711.6;1.474
4712.1;2.975
4712.6;0.996
4713.1;0.632
4713.6;1.477
4714.1;3.355
4714.6;0.948
4715.1;1.663
4715.6;3.036
4716.1;1.807
4716.6;3.021
4717.1;0.154
4717.6;1.484
4718.1;2.598
4718.6;1.691
4719.1;1.31
4719.6;2.171
4720.1;2.243
4720.6;2.72
4721.1;1.139
4721.6;1.914
4722.1;0.963
4722.6;2.589
4723.1;1.587
4723.6;0.814
4724.1;1.375
4724.6;0.47
4725.1;2.158
4725.6;2.243
4726.1;0.645
4726.6;0.829
4727.1;2.347
4727.6;1.854
4728.1;2.44
4728.6;2.78
4729.1;0.816
4729.6;2.57
4730.1;1.779
4730.6;1.713
4731.1;2.633
4731.6;2.066
4732.1;1.407
4732.6;3.584
4733.1;1.98
4733.6;2.151
4734.1;2.556
4734.6;3.115
4735.1;2.083
4735.6;4.159
4736.1;2.263
4736.6;4.062
4737.1;2.627
4737.6;1.98
4738.1;2.229
4738.6;3.569
4739.1;0.857
4739.6;3.391
4740.1;1.665
4740.6;1.666
4741.1;3.361
4741.6;2.259
4742.1;2.323
4742.6;3.243
4743.1;2.503
4743.6;1.894
4744.1;2.309
4744.6;2.996
4745.1;1.918
4745.6;1.766
4746.1;1.747
4746.6;2.243
4747.1;3.519
4747.6;1.969
4748.1;1.298
4748.6;2.523
4749.1;2.469
4749.6;1.902
4750.1;3.186
4750.6;1.659
4751.1;2.666
4751.6;1.487
4752.1;2.459
4752.6;2.428
4753.1;3.636
4753.6;2.993
4754.1;2.7
4754.6;2.42
4755.1;2.268
4755.6;1.675
4756.1;2.084
4756.6;1.39
4757.1;1.43
4757.6;1.434
4758.1;2.469
4758.6;2.263
4759.1;2.504
4759.6;1.234
4760.1;3.054
4760.6;2.833
4761.1;4.701
4761.6;3.04
4762.1;3.625
4762.6;1.724
4763.1;3.975
4763.6;3.879
4764.1;2.902
4764.6;1.444
4765.1;1.806
4765.6;2.083
4766.1;3.318
4766.6;4.401
4767.1;2.42
4767.6;1.33
4768.1;3.907
4768.6;3.063
4769.1;3.943
4769.6;4.398
4770.1;1.087
4770.6;3.494
4771.1;3.389
4771.6;3.396
4772.1;2.329
4772.6;4.373
4773.1;0.257
4773.6;3.492
4774.1;2.147
4774.6;3.775
4775.1;1.222
4775.6;3.078
4776.1;1.452
4776.6;3.552
4777.1;2.343
4777.6;2.389
4778.1;1.339
4778.6;2.439
4779.1;1.531
4779.6;2.707
4780.1;2.092
4780.6;1.801
4781.1;1.441
4781.6;1.622
4782.1;1.575
4782.6;1.544
4783.1;1.58
4783.6;1.371
4784.1;0.19
4784.6;0.944
4785.1;1.957
4785.6;0.577
4786.1;1.728
4786.6;1.305
4787.1;2.032
4787.6;1.921
4788.1;0.861
4788.6;1.231
4789.1;2.707
4789.6;1.581
4790.1;2.01
4790.6;2.329
4791.1;2.081
4791.6;1.559
4792.1;2.344
4792.6;1.584
4793.1;1.5
4793.6;2.456
4794.1;1.896
4794.6;2.351
4795.1;3.16
4795.6;1.879
4796.1;2.04
4796.6;2.122
4797.1;1.836
4797.6;1.054
4798.1;2.296
4798.6;1.068
4799.1;1.428
4799.6;1.154
4800.1;2.839
4800.6;1.286
4801.1;1.946
4801.6;1.21
4802.1;1.64
4802.6;1.978
4803.1;1.349
4803.6;0.794
4804.1;0.479
4804.6;0.828
4805.1;0.815
4805.6;0.821
4806.1;1.78
4806.6;2.738
4807.1;1.224
4807.6;1.531
4808.1;1.723
4808.6;2.936
4809.1;2.28
4809.6;1.686
4810.1;2.412
4810.6;2.103
4811.1;0.942
4811.6;1.901
4812.1;1.779
4812.6;1.178
4813.1;3.564
4813.6;3.918
4814.1;2.314
4814.6;1.762
4815.1;2.553
4815.6;2.531
4816.1;2.09
4816.6;2.913
4817.1;0.146
4817.6;0.251
4818.1;0.655
4818.6;0.41
4819.1;2.663
4819.6;2.891
4820.1;2.545
4820.6;0.539
4821.1;2.014
4821.6;1.908
4822.1;4.772
4822.6;3.52
4823.1;1.702
4823.6;0.788
4824.1;2.11
4824.6;2.23
4825.1;2.304
4825.6;2.598
4826.1;1.808
4826.6;1.588
4827.1;1.461
4827.6;2.795
4828.1;1.009
4828.6;1.769
4829.1;2.806
4829.6;3.638
4830.1;2.892
4830.6;1.055
4831.1;0.593
4831.6;0.645
4832.1;1.276
4832.6;2.03
4833.1;3.993
4833.6;3.084
4834.1;2.417
4834.6;2.873
4835.1;1.063
4835.6;5.063
4836.1;4.258
4836.6;2.986
4837.1;1.773
4837.6;1.715
4838.1;1.94
4838.6;3.528
4839.1;4.601
4839.6;3.007
4840.1;2.877
4840.6;2.383
4841.1;1.608
4841.6;2.773
4842.1;4.077
4842.6;3.533
4843.1;4.571
4843.6;2.249
4844.1;0.666
4844.6;1.859
4845.1;2.9
4845.6;3.239
4846.1;3.917
4846.6;3.025
4847.1;0.886
4847.6;1.167
4848.1;1.617
4848.6;2.31
4849.1;3.818
4849.6;2.265
4850.1;2.505
4850.6;2.153
4851.1;1.225
4851.6;1.919
4852.1;2.559
4852.6;1.422
4853.1;2.047
4853.6;2.541
4854.1;0.397
4854.6;2.743
4855.1;2.799
4855.6;2.575
4856.1;1.85
4856.6;3.316
4857.1;1.359
4857.6;0.854
4858.1;1.58
4858.6;0.572
4859.1;3.847
4859.6;3.63
4860.1;2.203
4860.6;1.936
4861.1;1.204
4861.6;2.013
4862.1;1.842
4862.6;1.455
4863.1;0.788
4863.6;2.094
4864.1;0.121
4864.6;1.432
4865.1;2.6
4865.6;0.807
4866.1;1.692
4866.6;2.801
4867.1;2.308
4867.6;1.855
4868.1;0.32
4868.6;1.723
4869.1;1.967
4869.6;4.303
4870.1;2.473
4870.6;1.911
4871.1;2.048
4871.6;1.258
4872.1;2.41
4872.6;1.439
4873.1;0.941
4873.6;0.726
4874.1;2.112
4874.6;2.889
4875.1;1.048
4875.6;0.62
4876.1;0.934
4876.6;1.205
4877.1;1.927
4877.6;0.531
4878.1;1.72
4878.6;1.757
4879.1;0.815
4879.6;1.109
4880.1;0.525
4880.6;1.187
4881.1;0.593
4881.6;0.995
4882.1;1.131
4882.6;0.712
4883.1;2.311
4883.6;0.708
4884.1;0.484
4884.6;0.905
4885.1;0.949
4885.6;1.18
4886.1;0.299
4886.6;1.037
4887.1;1.652
4887.6;1.007
4888.1;2.386
4888.6;1.072
4889.1;0.553
4889.6;0.799
4890.1;1.785
4890.6;1.082
4891.1;1.596
4891.6;1.763
4892.1;2.545
4892.6;0.684
4893.1;1.051
4893.6;0.702
4894.1;1.168
4894.6;0.753
4895.1;2.875
4895.6;2.509
4896.1;2.742
4896.6;1.463
4897.1;2.964
4897.6;2.887
4898.1;2.184
4898.6;3.137
4899.1;3.172
4899.6;3.88
4900.1;2.756
4900.6;3.558
4901.1;2.095
4901.6;1.869
4902.1;2.173
4902.6;3.43
4903.1;0.864
4903.6;2.156
4904.1;3.519
4904.6;4.297
4905.1;2.447
4905.6;4.079
4906.1;3.693
4906.6;2.001
4907.1;2.905
4907.6;3.714
4908.1;1.289
4908.6;2.266
4909.1;2.7
4909.6;2.508
4910.1;1.902
4910.6;2.115
4911.1;3.301
4911.6;0.765
4912.1;2.349
4912.6;1.761
4913.1;2.752
4913.6;1.638
4914.1;4.713
4914.6;2.096
4915.1;1.78
4915.6;2.368
4916.1;1.471
4916.6;1.945
4917.1;0.891
4917.6;3.117
4918.1;0.957
4918.6;2.197
4919.1;2.723
4919.6;0.144
4920.1;2.424
4920.6;2.18
4921.1;2.377
4921.6;1.318
4922.1;1.869
4922.6;2.725
4923.1;2.222
4923.6;1.389
4924.1;1.568
4924.6;1.288
4925.1;0.677
4925.6;1.839
4926.1;1.654
4926.6;2.644
4927.1;1.292
4927.6;2.3
4928.1;0.588
4928.6;1.743
4929.1;2.508
4929.6;2.374
4930.1;3.356
4930.6;0.919
4931.1;1.294
4931.6;1.943
4932.1;1.483
4932.6;1.27
4933.1;0.997
4933.6;2.374
4934.1;0.574
4934.6;1.718
4935.1;0.172
4935.6;1.787
4936.1;2.081
4936.6;0.316
4937.1;1.593
4937.6;0.493
4938.1;1.283
4938.6;1.773
4939.1;1.226
4939.6;0.452
4940.1;0.096
4940.6;1.136
4941.1;1.937
4941.6;0.121
4942.1;1.491
4942.6;0.951
4943.1;1.991
4943.6;2.015
4944.1;0.703
4944.6;0.565
4945.1;1.573
4945.6;0.314
4946.1;1.47
4946.6;1.241
4947.1;0.586
4947.6;0.473
4948.1;0.507
4948.6;0.568
4949.1;1.3
4949.6;1.248
4950.1;0.919
4950.6;0.703
4951.1;0.221
4951.6;0.305
4952.1;0.999
4952.6;1.711
4953.1;0.768
4953.6;0.69
4954.1;0.868
4954.6;1.341
4955.1;0.766
4955.6;0.96
4956.1;0.151
4956.6;0.786
4957.1;0.75
4957.6;1.025
4958.1;0.17
4958.6;0.748
4959.1;1.222
4959.6;0.068
4960.1;0.932
4960.6;0.946
4961.1;0.84
4961.6;1.402
4962.1;0.786
4962.6;0.181
4963.1;0.884
4963.6;1.398
4964.1;0.227
4964.6;0.757
4965.1;0.544
4965.6;0.419
4966.1;0.707
4966.6;0.579
4967.1;0.786
4967.6;0.843
4968.1;1.061
4968.6;1.462
4969.1;0.204
4969.6;0.718
4970.1;1.086
4970.6;0.982
4971.1;1.171
4971.6;0.191
4972.1;1.254
4972.6;0.793
4973.1;0.6
4973.6;0.882
4974.1;0.64
4974.6;0.56
4975.1;0.778
4975.6;1.657
4976.1;0.505
4976.6;1.345
4977.1;0.814
4977.6;0.548
4978.1;2.176
4978.6;0.952
4979.1;0.387
4979.6;0.25
4980.1;1.606
4980.6;1.49
4981.1;0.626
4981.6;0.303
4982.1;1.109
4982.6;2.625
4983.1;2.451
4983.6;2.267
4984.1;1.706
4984.6;1.665
4985.1;1.681
4985.6;2.026
4986.1;1.581
4986.6;0.964
4987.1;1.023
4987.6;1.882
4988.1;1.478
4988.6;0.58
4989.1;2.212
4989.6;1.766
4990.1;3.23
4990.6;1.735
4991.1;0.378
4991.6;1.192
4992.1;0.889
4992.6;0.769
4993.1;1.235
4993.6;2.447
4994.1;1.135
4994.6;0.135
4995.1;1.542
4995.6;0.965
4996.1;0.786
4996.6;2.532
4997.1;3.615
4997.6;3.291
4998.1;0.984
4998.6;2.94
4999.1;2.441
4999.6;0.877
5000.1;2.312
5000.6;3.267
5001.1;2.585
5001.6;0.339
5002.1;0.524
5002.6;0.434
5003.1;2.324
5003.6;3.928
5004.1;2.414
5004.6;0.934
5005.1;0.641
5005.6;1.943
5006.1;2.253
5006.6;2.019
5007.1;1.067
5007.6;0.218
5008.1;2.0
5008.6;3.287
5009.1;3.083
5009.6;0.601
5010.1;0.596
5010.6;2.324
5011.1;2.498
5011.6;2.544
5012.1;0.848
5012.6;1.682
5013.1;0.834
5013.6;0.601
5014.1;1.744
5014.6;1.402
5015.1;3.707
5015.6;2.476
5016.1;4.243
5016.6;2.058
5017.1;4.029
5017.6;3.413
5018.1;3.299
5018.6;3.316
5019.1;1.978
5019.6;0.843
5020.1;1.208
5020.6;3.065
5021.1;1.362
5021.6;4.435
5022.1;1.857
5022.6;0.627
5023.1;2.77
5023.6;3.501
5024.1;3.876
5024.6;3.51
5025.1;2.774
5025.6;2.88
5026.1;1.094
5026.6;1.729
5027.1;1.63
5027.6;1.807
5028.1;2.904
5028.6;1.897
5029.1;0.636
5029.6;0.928
5030.1;1.989
5030.6;1.165
5031.1;2.755
5031.6;3.259
5032.1;3.778
5032.6;2.769
5033.1;2.126
5033.6;0.915
5034.1;2.366
5034.6;3.045
5035.1;3.715
5035.6;4.854
5036.1;3.793
5036.6;5.079
5037.1;3.894
5037.6;5.308
5038.1;5.395
5038.6;4.676
5039.1;5.626
5039.6;4.866
5040.1;4.854
5040.6;3.828
5041.1;4.519
5041.6;2.688
5042.1;3.322
5042.6;3.219
5043.1;1.451
5043.6;3.471
5044.1;4.675
5044.6;5.27
5045.1;5.046
5045.6;5.415
5046.1;4.51
5046.6;4.924
5047.1;4.474
5047.6;3.244
5048.1;3.443
5048.6;2.884
5049.1;0.508
5049.6;2.471
5050.1;1.544
5050.6;3.308
5051.1;4.224
5051.6;5.445
5052.1;3.409
5052.6;3.832
5053.1;3.913
5053.6;3.097
5054.1;3.28
5054.6;3.129
5055.1;1.577
5055.6;0.358
5056.1;0.793
5056.6;0.973
5057.1;1.962
5057.6;2.331
5058.1;2.852
5058.6;2.364
5059.1;2.277
5059.6;1.205
5060.1;2.456
5060.6;3.553
5061.1;2.442
5061.6;1.787
5062.1;1.688
5062.6;2.786
5063.1;1.704
5063.6;2.096
5064.1;2.537
5064.6;2.66
5065.1;2.981
5065.6;1.792
5066.1;2.91
5066.6;1.522
5067.1;2.302
5067.6;2.538
5068.1;2.176
5068.6;1.976
5069.1;1.442
5069.6;1.228
5070.1;0.859
5070.6;1.405
5071.1;2.34
5071.6;3.08
5072.1;3.443
5072.6;2.633
5073.1;2.046
5073.6;1.62
5074.1;1.563
5074.6;0.967
5075.1;3.334
5075.6;3.245
5076.1;3.238
5076.6;3.344
5077.1;2.303
5077.6;1.582
5078.1;1.007
5078.6;2.852
5079.1;2.429
5079.6;1.902
5080.1;2.909
5080.6;2.77
5081.1;1.404
5081.6;3.122
5082.1;3.446
5082.6;1.601
5083.1;0.642
5083.6;1.848
5084.1;1.832
5084.6;0.654
5085.1;2.894
5085.6;1.316
5086.1;0.324
5086.6;2.226
5087.1;4.231
5087.6;3.072
5088.1;1.023
5088.6;2.487
5089.1;1.412
5089.6;1.473
5090.1;3.125
5090.6;5.026
5091.1;3.212
5091.6;2.885
5092.1;3.039
5092.6;0.918
5093.1;0.693
5093.6;2.826
5094.1;4.072
5094.6;1.045
5095.1;2.662
5095.6;0.803
5096.1;1.058
5096.6;1.389
5097.1;3.105
5097.6;2.71
5098.1;0.852
5098.6;2.247
5099.1;1.713
5099.6;0.773
5100.1;0.775
5100.6;1.376
5101.1;5.733
5101.6;1.458
5102.1;1.29
5102.6;2.04
5103.1;1.835
5103.6;1.153
5104.1;0.852
5104.6;1.792
5105.1;2.209
5105.6;1.213
5106.1;2.726
5106.6;0.795
5107.1;0.387
5107.6;0.123
5108.1;1.727
5108.6;1.276
5109.1;2.669
5109.6;2.718
5110.1;2.325
5110.6;2.619
5111.1;0.357
5111.6;0.605
5112.1;0.901
5112.6;3.282
5113.1;2.092
5113.6;2.911
5114.1;3.374
5114.6;0.576
5115.1;1.945
5115.6;3.408
5116.1;1.222
5116.6;1.212
5117.1;1.593
5117.6;3.031
5118.1;3.459
5118.6;2.415
5119.1;4.229
5119.6;4.814
5120.1;0.61
5120.6;4.477
5121.1;1.011
5121.6;2.154
5122.1;0.249
5122.6;2.965
5123.1;2.269
5123.6;2.15
5124.1;3.833
5124.6;0.649
5125.1;4.882
5125.6;2.391
5126.1;2.819
5126.6;2.162
5127.1;1.765
5127.6;4.759
5128.1;1.963
5128.6;3.598
5129.1;3.199
5129.6;2.564
5130.1;0.891
5130.6;0.649
5131.1;3.752
5131.6;1.349
5132.1;1.086
5132.6;2.575
5133.1;3.07
5133.6;0.959
5134.1;1.99
5134.6;3.711
5135.1;1.686
5135.6;1.982
5136.1;2.132
5136.6;1.54
5137.1;0.903
5137.6;3.409
5138.1;2.159
5138.6;2.558
5139.1;0.585
5139.6;2.063
5140.1;1.182
5140.6;2.444
5141.1;2.528
5141.6;1.304
5142.1;1.391
5142.6;1.142
5143.1;1.554
5143.6;0.946
5144.1;1.934
5144.6;2.9
5145.1;1.221
5145.6;1.369
5146.1;2.111
5146.6;1.222
5147.1;0.381
5147.6;3.434
5148.1;2.02
5148.6;1.129
5149.1;1.478
5149.6;1.269
5150.1;1.037
5150.6;0.162
5151.1;2.416
5151.6;0.734
5152.1;1.515
5152.6;1.485
5153.1;1.833
5153.6;0.869
5154.1;2.547
5154.6;1.747
5155.1;3.182
5155.6;1.846
5156.1;1.793
5156.6;0.785
5157.1;1.257
5157.6;1.222
5158.1;2.423
5158.6;3.13
5159.1;0.72
5159.6;1.493
5160.1;1.118
5160.6;0.848
5161.1;3.198
5161.6;4.407
5162.1;2.93
5162.6;2.301
5163.1;1.15
5163.6;0.71
5164.1;0.904
5164.6;2.336
5165.1;2.009
5165.6;3.966
5166.1;0.242
5166.6;0.324
5167.1;0.991
5167.6;1.174
5168.1;2.181
5168.6;3.289
5169.1;2.373
5169.6;2.185
5170.1;1.467
5170.6;1.748
5171.1;1.647
5171.6;1.501
5172.1;2.185
5172.6;2.05
5173.1;2.214
5173.6;0.797
5174.1;1.619
5174.6;0.331
5175.1;1.305
5175.6;1.042
5176.1;3.248
5176.6;1.692
5177.1;1.841
5177.6;0.887
5178.1;1.885
5178.6;0.541
5179.1;1.887
5179.6;2.554
5180.1;0.779
5180.6;1.987
5181.1;0.935
5181.6;1.618
5182.1;0.608
5182.6;1.696
5183.1;2.52
5183.6;1.802
5184.1;1.531
5184.6;0.555
5185.1;1.102
5185.6;0.731
5186.1;1.495
5186.6;1.68
5187.1;1.166
5187.6;0.691
5188.1;2.131
5188.6;0.78
5189.1;0.799
5189.6;2.538
5190.1;1.065
5190.6;2.327
5191.1;1.176
5191.6;0.852
5192.1;1.737
5192.6;1.581
5193.1;0.932
5193.6;1.965
5194.1;2.907
5194.6;0.581
5195.1;0.738
5195.6;0.244
5196.1;1.502
5196.6;0.829
5197.1;2.672
5197.6;1.206
5198.1;1.401
5198.6;0.615
5199.1;1.538
5199.6;0.374
5200.1;1.419
5200.6;1.926
5201.1;0.958
5201.6;2.023
5202.1;1.235
5202.6;0.71
5203.1;1.335
5203.6;1.741
5204.1;0.939
5204.6;1.879
5205.1;0.837
5205.6;1.34
5206.1;1.353
5206.6;1.374
5207.1;1.021
5207.6;1.363
5208.1;2.39
5208.6;1.478
5209.1;1.2
5209.6;1.913
5210.1;0.615
5210.6;1.926
5211.1;1.728
5211.6;1.665
5212.1;0.702
5212.6;1.954
5213.1;0.749
5213.6;1.119
5214.1;0.582
5214.6;1.701
5215.1;0.479
5215.6;1.949
5216.1;1.157
5216.6;1.926
5217.1;3.032
5217.6;0.546
5218.1;0.199
5218.6;0.456
5219.1;0.974
5219.6;0.984
5220.1;1.499
5220.6;1.035
5221.1;0.491
5221.6;1.755
5222.1;2.967
5222.6;0.952
5223.1;3.025
5223.6;1.202
5224.1;1.537
5224.6;2.6
5225.1;0.953
5225.6;0.814
5226.1;1.715
5226.6;2.947
5227.1;1.689
5227.6;3.876
5228.1;3.619
5228.6;2.886
5229.1;5.125
5229.6;2.026
5230.1;2.828
5230.6;4.374
5231.1;1.799
5231.6;3.508
5232.1;5.277
5232.6;3.245
5233.1;2.286
5233.6;3.938
5234.1;2.621
5234.6;1.291
5235.1;4.791
5235.6;4.272
5236.1;4.412
5236.6;5.95
5237.1;2.69
5237.6;3.438
5238.1;3.323
5238.6;3.07
5239.1;4.235
5239.6;7.455
5240.1;6.469
5240.6;5.446
5241.1;3.879
5241.6;2.709
5242.1;0.945
5242.6;6.094
5243.1;6.623
5243.6;7.998
5244.1;10.614
5244.6;5.946
5245.1;6.474
5245.6;4.351
5246.1;4.893
5246.6;7.102
5247.1;10.98
5247.6;11.286
5248.1;11.44
5248.6;9.07
5249.1;4.612
5249.6;4.381
5250.1;5.476
5250.6;7.011
5251.1;11.93
5251.6;12.379
5252.1;9.645
5252.6;9.563
5253.1;6.766
5253.6;5.473
5254.1;6.399
5254.6;6.868
5255.1;7.007
5255.6;8.311
5256.1;5.276
5256.6;7.018
5257.1;5.256
5257.6;1.033
5258.1;1.859
5258.6;5.678
5259.1;5.072
5259.6;6.671
5260.1;7.656
5260.6;4.741
5261.1;3.866
5261.6;1.691
5262.1;3.035
5262.6;0.745
5263.1;3.799
5263.6;4.141
5264.1;4.484
5264.6;2.193
5265.1;2.733
5265.6;4.24
5266.1;2.705
5266.6;3.639
5267.1;6.805
5267.6;8.086
5268.1;3.416
5268.6;3.823
5269.1;5.012
5269.6;6.134
5270.1;1.72
5270.6;6.524
5271.1;6.33
5271.6;4.892
5272.1;3.218
5272.6;6.047
5273.1;6.117
5273.6;4.815
5274.1;5.919
5274.6;6.258
5275.1;6.53
5275.6;2.562
5276.1;3.958
5276.6;4.003
5277.1;2.049
5277.6;3.611
5278.1;6.658
5278.6;2.889
5279.1;0.86
5279.6;2.807
5280.1;2.852
5280.6;1.205
5281.1;3.252
5281.6;4.608
5282.1;2.96
5282.6;2.925
5283.1;1.9
5283.6;0.709
5284.1;0.705
5284.6;1.853
5285.1;2.588
5285.6;2.145
5286.1;0.714
5286.6;0.915
5287.1;0.405
5287.6;0.402
5288.1;1.88
5288.6;2.927
5289.1;1.464
5289.6;0.86
5290.1;0.366
5290.6;0.667
5291.1;0.186
5291.6;0.652
5292.1;0.743
5292.6;0.993
5293.1;0.537
5293.6;1.611
5294.1;0.9
5294.6;0.234
5295.1;0.699
5295.6;0.779
5296.1;0.054
5296.6;0.106
5297.1;1.825
5297.6;1.363
5298.1;0.436
5298.6;1.094
5299.1;1.959
5299.6;0.624
5300.1;2.094
5300.6;2.054
5301.1;2.149
5301.6;1.69
5302.1;0.549
5302.6;0.552
5303.1;1.306
5303.6;1.432
5304.1;1.799
5304.6;1.922
5305.1;1.167
5305.6;0.766
5306.1;0.616
5306.6;0.484
5307.1;1.217
5307.6;2.596
5308.1;2.005
5308.6;1.883
5309.1;0.298
5309.6;0.268
5310.1;1.227
5310.6;1.427
5311.1;1.937
5311.6;0.862
5312.1;0.201
5312.6;1.609
5313.1;0.53
5313.6;0.651
5314.1;2.055
5314.6;1.67
5315.1;1.9
5315.6;0.633
5316.1;0.488
5316.6;1.093
5317.1;1.406
5317.6;1.432
5318.1;0.331
5318.6;0.427
5319.1;1.234
5319.6;1.226
5320.1;0.573
5320.6;1.378
5321.1;1.528
5321.6;2.132
5322.1;1.47
5322.6;1.234
5323.1;0.509
5323.6;1.059
5324.1;0.821
5324.6;0.299
5325.1;1.321
5325.6;0.472
5326.1;0.431
5326.6;1.214
5327.1;0.78
5327.6;0.612
5328.1;1.318
5328.6;1.762
5329.1;0.902
5329.6;1.059
5330.1;1.822
5330.6;0.681
5331.1;1.027
5331.6;1.283
5332.1;1.36
5332.6;0.724
5333.1;4.073
5333.6;0.946
5334.1;1.576
5334.6;0.936
5335.1;1.698
5335.6;1.345
5336.1;1.247
5336.6;1.393
5337.1;1.103
5337.6;1.276
5338.1;1.982
5338.6;1.942
5339.1;1.842
5339.6;0.732
5340.1;1.252
5340.6;0.727
5341.1;0.783
5341.6;1.262
5342.1;1.34
5342.6;0.77
5343.1;1.06
5343.6;1.16
5344.1;0.884
5344.6;1.411
5345.1;1.37
5345.6;0.956
5346.1;0.457
5346.6;1.362
5347.1;0.584
5347.6;0.452
5348.1;1.711
5348.6;1.921
5349.1;0.524
5349.6;1.178
5350.1;0.963
5350.6;0.88
5351.1;0.581
5351.6;1.707
5352.1;0.331
5352.6;0.713
5353.1;0.501
5353.6;1.663
5354.1;1.02
5354.6;1.008
5355.1;0.981
5355.6;0.668
5356.1;1.084
5356.6;1.776
5357.1;0.72
5357.6;0.716
5358.1;0.997
5358.6;1.54
5359.1;0.264
5359.6;1.493
5360.1;2.137
5360.6;1.359
5361.1;1.218
5361.6;0.928
5362.1;1.859
5362.6;0.954
5363.1;0.513
5363.6;0.207
5364.1;0.711
5364.6;1.334
5365.1;0.915
5365.6;1.072
5366.1;0.73
5366.6;1.901
5367.1;1.251
5367.6;1.872
5368.1;1.46
5368.6;0.48
5369.1;1.324
5369.6;1.048
5370.1;1.863
5370.6;0.597
5371.1;1.508
5371.6;0.618
5372.1;0.554
5372.6;1.252
5373.1;1.405
5373.6;1.604
5374.1;0.916
5374.6;1.144
5375.1;0.655
5375.6;2.236
5376.1;1.93
5376.6;1.042
5377.1;0.708
5377.6;1.568
5378.1;2.144
5378.6;0.98
5379.1;1.798
5379.6;1.172
5380.1;1.614
5380.6;1.407
5381.1;0.338
5381.6;1.202
5382.1;1.496
5382.6;0.095
5383.1;1.61
5383.6;1.223
5384.1;1.548
5384.6;1.188
5385.1;1.171
5385.6;0.387
5386.1;1.801
5386.6;1.441
5387.1;0.972
5387.6;0.987
5388.1;0.884
5388.6;0.718
5389.1;2.011
5389.6;1.295
5390.1;0.926
5390.6;0.331
5391.1;0.213
5391.6;0.672
5392.1;1.209
5392.6;0.841
5393.1;0.713
5393.6;1.118
5394.1;0.417
5394.6;1.027
5395.1;1.725
5395.6;0.871
5396.1;0.264
5396.6;0.495
5397.1;0.464
5397.6;0.515
5398.1;1.186
5398.6;0.827
5399.1;1.139
5399.6;1.217
5400.1;0.373
5400.6;0.645
5401.1;0.658
5401.6;0.736
5402.1;0.857
5402.6;1.018
5403.1;1.105
5403.6;0.615
5404.1;1.367
5404.6;1.093
5405.1;0.947
5405.6;1.87
5406.1;1.565
5406.6;1.14
5407.1;0.916
5407.6;1.487
5408.1;0.87
5408.6;1.135
5409.1;0.82
5409.6;0.767
5410.1;0.976
5410.6;0.967
5411.1;0.546
5411.6;2.351
5412.1;2.084
5412.6;2.894
5413.1;2.174
5413.6;2.574
5414.1;2.483
5414.6;0.97
5415.1;2.908
5415.6;1.855
5416.1;1.647
5416.6;2.677
5417.1;0.54
5417.6;0.775
5418.1;1.084
5418.6;2.475
5419.1;1.216
5419.6;3.208
5420.1;2.648
5420.6;1.687
5421.1;3.171
5421.6;1.077
5422.1;2.323
5422.6;2.145
5423.1;0.327
5423.6;1.277
5424.1;0.789
5424.6;0.716
5425.1;0.738
5425.6;1.603
5426.1;0.624
5426.6;2.058
5427.1;2.131
5427.6;0.819
5428.1;3.129
5428.6;1.788
5429.1;2.689
5429.6;2.146
5430.1;2.074
5430.6;2.971
5431.1;1.817
5431.6;0.883
5432.1;1.403
5432.6;2.099
5433.1;1.891
5433.6;2.74
5434.1;1.282
5434.6;2.78
5435.1;1.14
5435.6;2.239
5436.1;0.76
5436.6;2.181
5437.1;0.217
5437.6;1.921
5438.1;1.542
5438.6;2.633
5439.1;2.658
5439.6;1.686
5440.1;3.567
5440.6;3.886
5441.1;1.38
5441.6;4.66
5442.1;2.682
5442.6;2.686
5443.1;0.45
5443.6;4.612
5444.1;3.965
5444.6;5.062
5445.1;5.181
5445.6;4.647
5446.1;6.783
5446.6;7.19
5447.1;5.71
5447.6;4.166
5448.1;5.409
5448.6;6.36
5449.1;2.28
5449.6;2.541
5450.1;1.225
5450.6;3.187
5451.1;3.056
5451.6;1.746
5452.1;2.012
5452.6;1.454
5453.1;2.096
5453.6;0.529
5454.1;2.113
5454.6;2.271
5455.1;2.056
5455.6;1.652
5456.1;2.066
5456.6;4.776
5457.1;3.469
5457.6;1.823
5458.1;7.832
5458.6;8.625
5459.1;2.547
5459.6;3.105
5460.1;2.688
5460.6;7.103
5461.1;9.024
5461.6;7.34
5462.1;4.111
5462.6;7.174
5463.1;7.122
5463.6;4.82
5464.1;3.082
5464.6;1.301
5465.1;3.447
5465.6;9.06
5466.1;7.123
5466.6;3.602
5467.1;2.743
5467.6;1.243
5468.1;1.963
5468.6;1.409
5469.1;1.453
5469.6;3.957
5470.1;3.618
5470.6;0.673
5471.1;0.624
5471.6;3.873
5472.1;3.092
5472.6;1.346
5473.1;0.992
5473.6;3.236
5474.1;4.597
5474.6;4.159
5475.1;3.92
5475.6;4.825
5476.1;3.978
5476.6;3.521
5477.1;4.768
5477.6;1.916
5478.1;0.856
5478.6;5.109
5479.1;5.733
5479.6;1.212
5480.1;2.732
5480.6;2.815
5481.1;1.607
5481.6;4.103
5482.1;3.007
5482.6;0.089
5483.1;2.986
5483.6;1.764
5484.1;2.026
5484.6;2.799
5485.1;2.047
5485.6;0.463
5486.1;1.498
5486.6;2.298
5487.1;3.067
5487.6;2.559
5488.1;0.997
5488.6;0.64
5489.1;1.241
5489.6;2.528
5490.1;5.572
5490.6;1.534
5491.1;1.17
5491.6;0.266
5492.1;3.434
5492.6;2.287
5493.1;2.14
5493.6;1.946
5494.1;1.741
5494.6;2.245
5495.1;1.811
5495.6;1.388
5496.1;1.404
5496.6;2.164
5497.1;1.491
5497.6;2.196
5498.1;0.174
5498.6;1.519
5499.1;1.082
5499.6;0.606
5500.1;1.058
5500.6;2.407
5501.1;1.78
5501.6;2.087
5502.1;1.539
5502.6;0.791
5503.1;0.272
5503.6;1.734
5504.1;1.05
5504.6;2.266
5505.1;1.904
5505.6;1.791
5506.1;2.665
5506.6;1.443
5507.1;6.924
5507.6;1.014
5508.1;1.037
5508.6;1.712
5509.1;1.12
5509.6;1.727
5510.1;0.259
5510.6;0.748
5511.1;1.151
5511.6;1.031
5512.1;1.578
5512.6;1.732
5513.1;0.743
5513.6;1.056
5514.1;0.502
5514.6;0.12
5515.1;1.119
5515.6;0.905
5516.1;1.232
5516.6;0.53
5517.1;0.297
5517.6;1.764
5518.1;1.524
5518.6;1.623
5519.1;1.039
5519.6;0.909
5520.1;0.923
5520.6;0.884
5521.1;0.359
5521.6;1.698
5522.1;0.333
5522.6;0.701
5523.1;0.076
5523.6;1.034
5524.1;0.454
5524.6;0.737
5525.1;0.753
5525.6;0.43
5526.1;1.271
5526.6;1.307
5527.1;0.593
5527.6;0.969
5528.1;0.53
5528.6;0.372
5529.1;0.407
5529.6;1.059
5530.1;1.097
5530.6;0.771
5531.1;0.218
5531.6;0.524
5532.1;1.069
5532.6;1.16
5533.1;0.747
5533.6;1.411
5534.1;0.967
5534.6;0.401
5535.1;1.162
5535.6;1.059
5536.1;0.573
5536.6;0.18
5537.1;1.093
5537.6;1.052
5538.1;1.296
5538.6;0.751
5539.1;1.255
5539.6;0.771
5540.1;0.975
5540.6;0.615
5541.1;1.614
5541.6;1.089
5542.1;1.836
5542.6;1.518
5543.1;0.77
5543.6;0.99
5544.1;0.821
5544.6;0.436
5545.1;1.594
5545.6;1.903
5546.1;0.818
5546.6;0.971
5547.1;0.322
5547.6;1.267
5548.1;0.475
5548.6;1.031
5549.1;1.234
5549.6;0.14
5550.1;0.146
5550.6;0.861
5551.1;1.229
5551.6;1.09
5552.1;0.959
5552.6;0.949
5553.1;0.657
5553.6;0.639
5554.1;1.364
5554.6;1.363
5555.1;1.309
5555.6;0.956
5556.1;1.881
5556.6;1.198
5557.1;1.322
5557.6;1.333
5558.1;1.051
5558.6;0.907
5559.1;1.632
5559.6;1.256
5560.1;0.465
5560.6;0.383
5561.1;1.029
5561.6;1.566
5562.1;0.925
5562.6;0.955
5563.1;0.731
5563.6;0.945
5564.1;1.152
5564.6;2.575
5565.1;7.168
5565.6;0.749
5566.1;2.111
5566.6;0.631
5567.1;1.852
5567.6;0.638
5568.1;0.87
5568.6;0.872
5569.1;1.953
5569.6;0.596
5570.1;0.713
5570.6;0.982
5571.1;1.421
5571.6;0.956
5572.1;0.392
5572.6;0.648
5573.1;0.991
5573.6;1.153
5574.1;1.282
5574.6;1.635
5575.1;0.916
5575.6;1.049
5576.1;0.613
5576.6;0.582
5577.1;0.631
5577.6;0.877
5578.1;0.775
5578.6;0.433
5579.1;0.353
5579.6;0.367
5580.1;0.867
5580.6;1.157
5581.1;0.246
5581.6;0.26
5582.1;0.448
5582.6;0.827
5583.1;0.821
5583.6;0.385
5584.1;0.471
5584.6;0.418
5585.1;0.786
5585.6;0.547
5586.1;0.468
5586.6;1.386
5587.1;1.586
5587.6;1.427
5588.1;0.369
5588.6;0.337
5589.1;0.802
5589.6;0.305
5590.1;0.489
5590.6;0.396
5591.1;0.245
5591.6;1.835
5592.1;0.56
5592.6;0.542
5593.1;1.055
5593.6;1.733
5594.1;1.13
5594.6;0.38
5595.1;0.471
5595.6;0.601
5596.1;0.345
5596.6;1.081
5597.1;0.746
5597.6;0.145
5598.1;1.052
5598.6;0.558
5599.1;0.272
5599.6;1.09
5600.1;0.446
5600.6;0.653
5601.1;0.863
5601.6;1.364
5602.1;0.498
5602.6;0.357
5603.1;0.466
5603.6;0.433
5604.1;1.213
5604.6;0.726
5605.1;0.635
5605.6;0.875
5606.1;0.719
5606.6;0.549
5607.1;0.753
5607.6;1.417
5608.1;0.435
5608.6;0.168
5609.1;0.411
5609.6;0.421
5610.1;1.168
5610.6;0.352
5611.1;0.979
5611.6;1.193
5612.1;1.314
5612.6;0.457
5613.1;0.95
5613.6;0.994
5614.1;2.186
5614.6;1.556
5615.1;0.384
5615.6;1.353
5616.1;0.864
5616.6;0.372
5617.1;1.205
5617.6;0.708
5618.1;0.728
5618.6;0.827
5619.1;1.145
5619.6;1.801
5620.1;0.599
5620.6;0.269
5621.1;0.916
5621.6;1.551
5622.1;1.359
5622.6;1.22
5623.1;4.353
5623.6;1.374
5624.1;0.801
5624.6;1.409
5625.1;1.66
5625.6;1.07
5626.1;1.159
5626.6;1.221
5627.1;3.545
5627.6;1.88
5628.1;2.011
5628.6;1.805
5629.1;2.894
5629.6;2.117
5630.1;2.449
5630.6;2.072
5631.1;3.524
5631.6;2.702
5632.1;1.387
5632.6;1.581
5633.1;1.824
5633.6;1.252
5634.1;1.793
5634.6;2.817
5635.1;3.087
5635.6;0.375
5636.1;1.909
5636.6;1.717
5637.1;1.337
5637.6;2.583
5638.1;3.749
5638.6;1.864
5639.1;1.269
5639.6;3.844
5640.1;5.325
5640.6;3.657
5641.1;2.595
5641.6;4.316
5642.1;5.027
5642.6;4.593
5643.1;3.096
5643.6;4.415
5644.1;4.379
5644.6;3.554
5645.1;5.415
5645.6;5.297
5646.1;3.294
5646.6;2.692
5647.1;5.46
5647.6;7.937
5648.1;6.188
5648.6;4.772
5649.1;6.615
5649.6;8.99
5650.1;5.434
5650.6;5.258
5651.1;10.149
5651.6;9.467
5652.1;5.505
5652.6;9.715
5653.1;12.037
5653.6;6.39
5654.1;0.665
5654.6;9.218
5655.1;10.643
5655.6;4.16
5656.1;3.841
5656.6;9.468
5657.1;8.773
5657.6;2.122
5658.1;5.725
5658.6;8.925
5659.1;5.609
5659.6;2.547
5660.1;8.115
5660.6;7.023
5661.1;4.291
5661.6;7.115
5662.1;7.902
5662.6;5.435
5663.1;5.403
5663.6;8.377
5664.1;6.978
5664.6;5.8
5665.1;5.326
5665.6;7.877
5666.1;2.753
5666.6;3.638
5667.1;2.094
5667.6;3.602
5668.1;1.581
5668.6;4.081
5669.1;2.775
5669.6;3.867
5670.1;1.322
5670.6;4.371
5671.1;2.238
5671.6;4.082
5672.1;2.891
5672.6;2.989
5673.1;4.221
5673.6;1.35
5674.1;3.272
5674.6;0.473
5675.1;3.329
5675.6;0.686
5676.1;3.112
5676.6;1.069
5677.1;3.262
5677.6;1.883
5678.1;2.456
5678.6;1.834
5679.1;3.917
5679.6;4.534
5680.1;1.67
5680.6;3.82
5681.1;1.261
5681.6;4.958
5682.1;0.798
5682.6;3.025
5683.1;0.493
5683.6;4.125
5684.1;1.572
5684.6;2.949
5685.1;2.907
5685.6;3.352
5686.1;1.728
5686.6;2.092
5687.1;2.004
5687.6;3.0
5688.1;2.976
5688.6;0.968
5689.1;2.337
5689.6;1.317
5690.1;1.199
5690.6;1.538
5691.1;2.03
5691.6;1.72
5692.1;2.494
5692.6;2.513
5693.1;1.542
5693.6;3.422
5694.1;1.545
5694.6;2.528
5695.1;1.132
5695.6;2.819
5696.1;1.743
5696.6;3.572
5697.1;0.755
5697.6;1.741
5698.1;0.483
5698.6;2.629
5699.1;1.015
5699.6;2.394
5700.1;1.568
5700.6;3.364
5701.1;3.176
5701.6;4.187
5702.1;4.389
5702.6;2.854
5703.1;4.688
5703.6;2.8
5704.1;5.11
5704.6;3.977
5705.1;3.289
5705.6;3.509
5706.1;2.991
5706.6;3.496
5707.1;2.09
5707.6;2.583
5708.1;1.552
5708.6;1.82
5709.1;2.638
5709.6;3.03
5710.1;1.631
5710.6;3.421
5711.1;1.58
5711.6;3.331
5712.1;1.893
5712.6;3.35
5713.1;1.946
5713.6;2.26
5714.1;2.466
5714.6;1.369
5715.1;2.722
5715.6;2.64
5716.1;2.382
5716.6;2.206
5717.1;1.286
5717.6;2.327
5718.1;2.927
5718.6;2.803
5719.1;0.864
5719.6;1.922
5720.1;1.348
5720.6;2.7
5721.1;2.892
5721.6;2.463
5722.1;1.088
5722.6;3.622
5723.1;1.261
5723.6;3.039
5724.1;1.654
5724.6;1.208
5725.1;2.017
5725.6;2.754
5726.1;2.153
5726.6;0.715
5727.1;2.534
5727.6;1.281
5728.1;2.308
5728.6;2.078
5729.1;2.608
5729.6;2.773
5730.1;3.102
5730.6;0.842
5731.1;2.547
5731.6;1.587
5732.1;3.377
5732.6;0.853
5733.1;2.099
5733.6;2.067
5734.1;3.037
5734.6;3.688
5735.1;1.238
5735.6;2.839
5736.1;2.359
5736.6;2.864
5737.1;2.211
5737.6;2.033
5738.1;1.18
5738.6;1.88
5739.1;1.496
5739.6;1.752
5740.1;0.661
5740.6;2.776
5741.1;0.73
5741.6;1.905
5742.1;1.768
5742.6;1.389
5743.1;2.502
5743.6;2.087
5744.1;0.67
5744.6;1.427
5745.1;1.866
5745.6;2.141
5746.1;0.531
5746.6;0.974
5747.1;1.122
5747.6;1.741
5748.1;1.467
5748.6;0.611
5749.1;2.17
5749.6;0.643
5750.1;0.161
5750.6;1.11
5751.1;1.025
5751.6;1.403
5752.1;0.986
5752.6;0.795
5753.1;0.549
5753.6;1.389
5754.1;2.313
5754.6;0.561
5755.1;1.064
5755.6;0.21
5756.1;1.747
5756.6;1.426
5757.1;0.49
5757.6;0.506
5758.1;0.515
5758.6;1.134
5759.1;1.103
5759.6;1.002
5760.1;1.068
5760.6;0.683
5761.1;1.408
5761.6;1.153
5762.1;1.34
5762.6;1.139
5763.1;0.19
5763.6;1.158
5764.1;0.398
5764.6;1.001
5765.1;0.97
5765.6;0.617
5766.1;0.273
5766.6;0.284
5767.1;0.926
5767.6;1.951
5768.1;0.521
5768.6;1.067
5769.1;1.029
5769.6;1.697
5770.1;0.604
5770.6;0.753
5771.1;0.649
5771.6;0.563
5772.1;1.343
5772.6;0.718
5773.1;1.666
5773.6;1.674
5774.1;0.964
5774.6;1.203
5775.1;0.222
5775.6;0.984
5776.1;1.352
5776.6;0.532
5777.1;1.366
5777.6;0.895
5778.1;0.625
5778.6;0.731
5779.1;0.648
5779.6;0.44
5780.1;0.32
5780.6;0.487
5781.1;0.438
5781.6;0.89
5782.1;1.099
5782.6;1.359
5783.1;0.429
5783.6;0.748
5784.1;1.088
5784.6;0.924
5785.1;0.688
5785.6;0.146
5786.1;0.412
5786.6;1.522
5787.1;1.236
5787.6;0.486
5788.1;0.409
5788.6;1.095
5789.1;1.73
5789.6;0.567
5790.1;0.277
5790.6;0.466
5791.1;1.57
5791.6;0.592
5792.1;0.699
5792.6;1.618
5793.1;1.19
5793.6;0.688
5794.1;1.041
5794.6;1.33
5795.1;1.078
5795.6;0.476
5796.1;0.984
5796.6;1.643
5797.1;1.504
5797.6;1.056
5798.1;0.39
5798.6;0.929
5799.1;2.19
5799.6;1.31
5800.1;0.611
5800.6;1.094
5801.1;2.04
5801.6;1.058
5802.1;0.566
5802.6;0.766
5803.1;0.682
5803.6;2.39
5804.1;1.551
5804.6;1.141
5805.1;1.31
5805.6;0.879
5806.1;1.441
5806.6;0.933
5807.1;1.605
5807.6;1.474
5808.1;0.906
5808.6;2.101
5809.1;1.559
5809.6;1.05
5810.1;0.683
5810.6;2.167
5811.1;2.104
5811.6;0.284
5812.1;0.983
5812.6;2.408
5813.1;1.6
5813.6;1.097
5814.1;2.401
5814.6;2.05
5815.1;0.444
5815.6;1.389
5816.1;2.428
5816.6;0.851
5817.1;1.711
5817.6;1.692
5818.1;1.729
5818.6;1.049
5819.1;2.177
5819.6;1.115
5820.1;0.651
5820.6;1.46
5821.1;2.094
5821.6;0.776
5822.1;1.283
5822.6;1.208
5823.1;1.579
5823.6;0.207
5824.1;1.175
5824.6;1.637
5825.1;0.693
5825.6;0.448
5826.1;2.124
5826.6;0.973
5827.1;1.234
5827.6;0.857
5828.1;0.902
5828.6;0.883
5829.1;2.048
5829.6;2.012
5830.1;0.624
5830.6;1.354
5831.1;1.19
5831.6;1.282
5832.1;1.701
5832.6;2.491
5833.1;0.698
5833.6;0.561
5834.1;1.105
5834.6;1.386
5835.1;1.158
5835.6;0.776
5836.1;0.844
5836.6;0.823
5837.1;0.914
5837.6;0.841
5838.1;1.045
5838.6;1.3
5839.1;0.296
5839.6;1.919
5840.1;1.731
5840.6;0.178
5841.1;1.896
5841.6;0.625
5842.1;1.593
5842.6;1.593
5843.1;1.846
5843.6;1.445
5844.1;0.199
5844.6;1.208
5845.1;1.761
5845.6;1.546
5846.1;1.5
5846.6;1.285
5847.1;2.23
5847.6;0.557
5848.1;1.305
5848.6;2.615
5849.1;1.027
5849.6;1.407
5850.1;1.478
5850.6;2.27
5851.1;0.522
5851.6;0.743
5852.1;0.746
5852.6;0.572
5853.1;1.543
5853.6;0.88
5854.1;1.331
5854.6;0.711
5855.1;0.324
5855.6;0.87
5856.1;1.448
5856.6;1.428
5857.1;0.948
5857.6;0.836
5858.1;1.337
5858.6;0.61
5859.1;1.281
5859.6;0.777
5860.1;0.469
5860.6;1.099
5861.1;1.522
5861.6;0.794
5862.1;0.672
5862.6;1.779
5863.1;0.955
5863.6;0.851
5864.1;1.943
5864.6;2.661
5865.1;1.107
5865.6;1.425
5866.1;1.845
5866.6;0.244
5867.1;0.607
5867.6;2.689
5868.1;1.7
5868.6;0.518
5869.1;0.762
5869.6;1.759
5870.1;0.749
5870.6;2.646
5871.1;3.165
5871.6;1.865
5872.1;1.146
5872.6;2.047
5873.1;0.829
5873.6;0.69
5874.1;1.852
5874.6;1.568
5875.1;0.359
5875.6;0.606
5876.1;0.201
5876.6;1.446
5877.1;1.281
5877.6;1.83
5878.1;1.496
5878.6;0.601
5879.1;1.47
5879.6;0.184
5880.1;0.491
5880.6;1.436
5881.1;2.84
5881.6;0.73
5882.1;1.027
5882.6;0.165
5883.1;0.786
5883.6;1.846
5884.1;3.152
5884.6;1.254
5885.1;1.787
5885.6;1.582
5886.1;1.284
5886.6;2.563
5887.1;1.879
5887.6;0.159
5888.1;1.383
5888.6;1.345
5889.1;1.416
5889.6;1.157
5890.1;2.37
5890.6;0.824
5891.1;2.368
5891.6;1.63
5892.1;1.164
5892.6;2.385
5893.1;0.294
5893.6;2.294
5894.1;1.137
5894.6;1.904
5895.1;1.219
5895.6;0.299
5896.1;1.002
5896.6;1.885
5897.1;1.612
5897.6;2.531
5898.1;0.547
5898.6;2.044
5899.1;1.073
5899.6;1.847
5900.1;1.284
5900.6;0.913
5901.1;1.441
5901.6;1.415
5902.1;1.901
5902.6;0.976
5903.1;1.464
5903.6;0.692
5904.1;0.774
5904.6;1.633
5905.1;1.269
5905.6;1.009
5906.1;0.866
5906.6;0.156
5907.1;1.178
5907.6;1.032
5908.1;1.283
5908.6;2.205
5909.1;0.797
5909.6;1.915
5910.1;1.16
5910.6;1.806
5911.1;0.519
5911.6;1.246
5912.1;1.344
5912.6;1.61
5913.1;2.799
5913.6;1.382
5914.1;0.724
5914.6;0.898
5915.1;0.944
5915.6;0.582
5916.1;1.072
5916.6;0.42
5917.1;1.253
5917.6;0.24
5918.1;1.666
5918.6;1.586
5919.1;0.845
5919.6;0.695
5920.1;0.977
5920.6;0.807
5921.1;0.213
5921.6;0.662
5922.1;1.113
5922.6;1.356
5923.1;2.208
5923.6;0.761
5924.1;0.994
5924.6;1.964
5925.1;0.218
5925.6;1.125
5926.1;0.93
5926.6;1.469
5927.1;0.872
5927.6;1.168
5928.1;1.033
5928.6;1.761
5929.1;3.521
5929.6;2.233
5930.1;1.873
5930.6;2.506
5931.1;2.069
5931.6;2.584
5932.1;3.406
5932.6;2.713
5933.1;1.488
5933.6;2.393
5934.1;1.726
5934.6;1.936
5935.1;2.854
5935.6;1.954
5936.1;1.965
5936.6;2.544
5937.1;2.547
5937.6;3.412
5938.1;2.669
5938.6;2.322
5939.1;1.549
5939.6;2.073
5940.1;1.949
5940.6;1.129
5941.1;1.488
5941.6;0.596
5942.1;1.045
5942.6;0.145
5943.1;1.172
5943.6;1.05
5944.1;0.648
5944.6;1.433
5945.1;0.328
5945.6;0.436
5946.1;1.232
5946.6;1.412
5947.1;0.669
5947.6;0.783
5948.1;1.19
5948.6;2.871
5949.1;1.598
5949.6;0.397
5950.1;1.87
5950.6;1.818
5951.1;1.347
5951.6;1.074
5952.1;1.311
5952.6;1.11
5953.1;2.288
5953.6;1.681
5954.1;1.538
5954.6;1.279
5955.1;0.795
5955.6;1.458
5956.1;2.278
5956.6;1.667
5957.1;1.357
5957.6;1.36
5958.1;1.756
5958.6;1.533
5959.1;2.281
5959.6;1.55
5960.1;1.891
5960.6;1.798
5961.1;1.72
5961.6;1.023
5962.1;1.175
5962.6;1.844
5963.1;1.388
5963.6;1.064
5964.1;1.884
5964.6;1.889
5965.1;1.741
5965.6;1.282
5966.1;1.438
5966.6;1.5
5967.1;1.649
5967.6;0.51
5968.1;1.143
5968.6;0.673
5969.1;1.352
5969.6;1.268
5970.1;0.763
5970.6;1.694
5971.1;0.578
5971.6;1.705
5972.1;0.769
5972.6;0.472
5973.1;0.993
5973.6;0.167
5974.1;1.135
5974.6;0.871
5975.1;0.662
5975.6;0.546
5976.1;1.183
5976.6;1.006
5977.1;1.503
5977.6;1.408
5978.1;0.459
5978.6;0.933
5979.1;1.152
5979.6;0.646
5980.1;1.463
5980.6;0.736
5981.1;0.909
5981.6;1.713
5982.1;1.815
5982.6;1.114
5983.1;0.772
5983.6;0.482
5984.1;1.121
5984.6;1.9
5985.1;1.982
5985.6;0.829
5986.1;1.006
5986.6;1.039
5987.1;1.727
5987.6;1.958
5988.1;1.05
5988.6;1.279
5989.1;0.51
5989.6;1.226
5990.1;1.773
5990.6;0.301
5991.1;1.362
5991.6;0.665
5992.1;1.567
5992.6;1.462
5993.1;1.015
5993.6;1.05
5994.1;0.796
5994.6;1.547
5995.1;2.881
5995.6;1.397
5996.1;1.09
5996.6;0.376
5997.1;0.752
5997.6;0.913
5998.1;1.178
5998.6;1.695
5999.1;0.971
5999.6;1.448
6000.1;1.08
6000.6;1.047
6001.1;1.423
6001.6;0.939
6002.1;0.42
6002.6;1.391
6003.1;1.19
6003.6;1.298
6004.1;0.686
6004.6;0.287
6005.1;0.785
6005.6;1.669
6006.1;1.631
6006.6;0.524
6007.1;0.415
6007.6;0.423
6008.1;0.405
6008.6;0.977
6009.1;1.373
6009.6;0.317
6010.1;1.072
6010.6;0.24
6011.1;1.043
6011.6;1.433
6012.1;0.757
6012.6;0.441
6013.1;1.011
6013.6;0.248
6014.1;1.142
6014.6;1.2
6015.1;1.698
6015.6;0.752
6016.1;0.119
6016.6;0.805
6017.1;0.895
6017.6;1.441
6018.1;1.317
6018.6;1.793
6019.1;0.906
6019.6;1.141
6020.1;0.464
6020.6;0.218
6021.1;1.359
6021.6;2.005
6022.1;1.142
6022.6;0.434
6023.1;0.67
6023.6;0.311
6024.1;0.782
6024.6;2.375
6025.1;1.417
6025.6;0.27
6026.1;0.805
6026.6;1.83
6027.1;0.391
6027.6;0.383
6028.1;1.595
6028.6;1.517
6029.1;1.646
6029.6;0.458
6030.1;0.361
6030.6;0.78
6031.1;0.274
6031.6;1.551
6032.1;0.75
6032.6;1.405
6033.1;0.231
6033.6;0.618
6034.1;1.071
6034.6;1.24
6035.1;1.012
6035.6;1.522
6036.1;3.147
6036.6;1.886
6037.1;2.11
6037.6;1.295
6038.1;1.802
6038.6;1.614
6039.1;2.366
6039.6;2.324
6040.1;2.748
6040.6;2.0
6041.1;1.781
6041.6;1.963
6042.1;2.464
6042.6;2.165
6043.1;3.713
6043.6;4.138
6044.1;3.115
6044.6;1.759
6045.1;2.959
6045.6;3.198
6046.1;2.149
6046.6;2.256
6047.1;3.028
6047.6;0.888
6048.1;2.037
6048.6;2.022
6049.1;1.71
6049.6;1.421
6050.1;2.864
6050.6;2.516
6051.1;1.027
6051.6;0.861
6052.1;1.524
6052.6;1.065
6053.1;1.4
6053.6;2.384
6054.1;1.826
6054.6;0.595
6055.1;1.518
6055.6;1.561
6056.1;0.106
6056.6;1.158
6057.1;2.036
6057.6;1.403
6058.1;0.749
6058.6;0.837
6059.1;0.437
6059.6;0.404
6060.1;1.684
6060.6;1.866
6061.1;0.679
6061.6;1.257
6062.1;1.931
6062.6;1.506
6063.1;0.664
6063.6;1.506
6064.1;1.906
6064.6;1.382
6065.1;0.649
6065.6;1.724
6066.1;1.22
6066.6;0.718
6067.1;1.081
6067.6;1.916
6068.1;1.974
6068.6;0.935
6069.1;1.501
6069.6;0.474
6070.1;0.341
6070.6;0.552
6071.1;1.228
6071.6;1.58
6072.1;0.576
6072.6;0.53
6073.1;1.003
6073.6;1.495
6074.1;0.873
6074.6;0.034
6075.1;0.922
6075.6;0.242
6076.1;0.879
6076.6;0.704
6077.1;0.551
6077.6;1.059
6078.1;0.394
6078.6;1.219
6079.1;0.682
6079.6;0.346
6080.1;0.631
6080.6;0.758
6081.1;0.816
6081.6;0.792
6082.1;0.125
6082.6;0.892
6083.1;0.252
6083.6;1.265
6084.1;0.542
6084.6;0.753
6085.1;1.421
6085.6;0.217
6086.1;1.717
6086.6;1.526
6087.1;0.082
6087.6;0.771
6088.1;0.812
6088.6;0.348
6089.1;1.333
6089.6;1.744
6090.1;0.569
6090.6;1.813
6091.1;1.209
6091.6;1.158
6092.1;1.511
6092.6;0.636
6093.1;1.506
6093.6;1.257
6094.1;0.295
6094.6;1.085
6095.1;1.073
6095.6;0.302
6096.1;0.5
6096.6;0.716
6097.1;0.326
6097.6;1.423
6098.1;1.55
6098.6;2.117
6099.1;1.302
6099.6;1.593
6100.1;0.772
6100.6;1.13
6101.1;0.499
6101.6;0.231
6102.1;0.319
6102.6;1.407
6103.1;1.428
6103.6;1.758
6104.1;2.561
6104.6;2.558
6105.1;3.136
6105.6;2.597
6106.1;2.706
6106.6;2.642
6107.1;2.58
6107.6;1.773
6108.1;1.728
6108.6;0.971
6109.1;0.576
6109.6;0.647
6110.1;1.405
6110.6;1.279
6111.1;2.199
6111.6;1.679
6112.1;2.21
6112.6;1.266
6113.1;1.031
6113.6;0.783
6114.1;1.067
6114.6;1.084
6115.1;1.117
6115.6;1.158
6116.1;1.114
6116.6;0.444
6117.1;0.929
6117.6;0.162
6118.1;1.061
6118.6;2.69
6119.1;0.925
6119.6;1.306
6120.1;0.727
6120.6;1.909
6121.1;2.92
6121.6;0.713
6122.1;0.891
6122.6;2.355
6123.1;2.949
6123.6;2.595
6124.1;1.239
6124.6;1.054
6125.1;0.92
6125.6;1.528
6126.1;1.511
6126.6;1.95
6127.1;0.568
6127.6;0.965
6128.1;1.597
6128.6;1.893
6129.1;1.203
6129.6;1.166
6130.1;0.891
6130.6;1.831
6131.1;0.923
6131.6;0.401
6132.1;2.165
6132.6;0.519
6133.1;0.574
6133.6;1.296
6134.1;1.676
6134.6;1.123
6135.1;1.059
6135.6;0.641
6136.1;0.485
6136.6;1.101
6137.1;2.288
6137.6;2.113
6138.1;0.994
6138.6;0.988
6139.1;1.513
6139.6;1.469
6140.1;1.332
6140.6;1.742
6141.1;2.179
6141.6;1.692
6142.1;1.416
6142.6;1.772
6143.1;2.79
6143.6;1.963
6144.1;1.025
6144.6;3.464
6145.1;0.334
6145.6;1.691
6146.1;1.644
6146.6;1.153
6147.1;2.134
6147.6;1.082
6148.1;0.893
6148.6;0.521
6149.1;1.385
6149.6;1.325
6150.1;1.914
6150.6;2.012
6151.1;1.766
6151.6;1.875
6152.1;0.516
6152.6;2.851
6153.1;1.781
6153.6;1.733
6154.1;0.903
6154.6;0.952
6155.1;0.673
6155.6;0.277
6156.1;1.83
6156.6;0.578
6157.1;1.492
6157.6;1.587
6158.1;1.313
6158.6;1.14
6159.1;1.705
6159.6;1.549
6160.1;1.285
6160.6;1.572
6161.1;2.18
6161.6;0.906
6162.1;0.308
6162.6;1.209
6163.1;1.631
6163.6;2.671
6164.1;1.04
6164.6;0.599
6165.1;0.517
6165.6;0.838
6166.1;1.434
6166.6;1.842
6167.1;1.531
6167.6;0.902
6168.1;1.076
6168.6;0.503
6169.1;1.176
6169.6;2.632
6170.1;1.931
6170.6;1.816
6171.1;1.602
6171.6;0.382
6172.1;1.669
6172.6;1.462
6173.1;0.474
6173.6;1.084
6174.1;1.69
6174.6;1.063
6175.1;1.344
6175.6;1.529
6176.1;0.947
6176.6;0.888
6177.1;1.672
6177.6;1.368
6178.1;1.495
6178.6;2.266
6179.1;2.011
6179.6;1.912
6180.1;0.409
6180.6;1.215
6181.1;0.94
6181.6;1.282
6182.1;1.191
6182.6;2.444
6183.1;0.809
6183.6;0.557
6184.1;0.601
6184.6;0.867
6185.1;1.16
6185.6;1.958
6186.1;1.338
6186.6;0.394
6187.1;0.87
6187.6;1.302
6188.1;0.947
6188.6;1.061
6189.1;0.527
6189.6;0.725
6190.1;0.937
6190.6;1.73
6191.1;0.402
6191.6;0.891
6192.1;0.63
6192.6;0.495
6193.1;0.703
6193.6;1.196
6194.1;0.972
6194.6;0.82
6195.1;1.061
6195.6;0.231
6196.1;1.051
6196.6;0.77
6197.1;0.504
6197.6;1.466
6198.1;0.254
6198.6;1.342
6199.1;1.083
6199.6;1.042
6200.1;0.37
6200.6;1.006
6201.1;0.879
6201.6;0.864
6202.1;0.363
6202.6;1.45
6203.1;1.177
6203.6;0.976
6204.1;0.692
6204.6;1.392
6205.1;0.818
6205.6;0.607
6206.1;0.337
6206.6;0.725
6207.1;0.612
6207.6;1.054
6208.1;0.889
6208.6;1.338
6209.1;0.76
6209.6;1.204
6210.1;0.493
6210.6;0.246
6211.1;0.489
6211.6;0.872
6212.1;0.739
6212.6;0.687
6213.1;0.576
6213.6;0.831
6214.1;1.724
6214.6;0.281
6215.1;1.015
6215.6;0.596
6216.1;1.088
6216.6;0.735
6217.1;0.768
6217.6;1.349
6218.1;1.371
6218.6;1.364
6219.1;1.326
6219.6;1.056
6220.1;1.467
6220.6;1.319
6221.1;1.286
6221.6;1.527
6222.1;0.799
6222.6;1.35
6223.1;0.753
6223.6;1.413
6224.1;0.824
6224.6;0.159
6225.1;0.554
6225.6;0.426
6226.1;1.528
6226.6;1.768
6227.1;0.185
6227.6;0.869
6228.1;1.958
6228.6;1.561
6229.1;1.639
6229.6;1.01
6230.1;1.632
6230.6;1.007
6231.1;2.567
6231.6;0.18
6232.1;0.595
6232.6;3.692
6233.1;1.539
6233.6;1.904
6234.1;2.822
6234.6;3.537
6235.1;1.145
6235.6;3.41
6236.1;3.613
6236.6;3.439
6237.1;3.414
6237.6;4.46
6238.1;3.02
6238.6;3.476
6239.1;3.508
6239.6;3.933
6240.1;4.665
6240.6;4.638
6241.1;4.808
6241.6;3.891
6242.1;5.894
6242.6;4.428
6243.1;4.445
6243.6;4.329
6244.1;6.721
6244.6;4.467
6245.1;5.441
6245.6;4.77
6246.1;6.223
6246.6;4.567
6247.1;5.509
6247.6;4.615
6248.1;5.496
6248.6;4.921
6249.1;4.542
6249.6;4.258
6250.1;4.088
6250.6;3.619
6251.1;5.153
6251.6;5.929
6252.1;3.9
6252.6;3.525
6253.1;3.786
6253.6;4.6
6254.1;2.861
6254.6;3.087
6255.1;3.514
6255.6;4.411
6256.1;2.924
6256.6;3.232
6257.1;3.776
6257.6;2.105
6258.1;1.588
6258.6;3.116
6259.1;3.956
6259.6;1.756
6260.1;2.634
6260.6;4.761
6261.1;1.78
6261.6;0.413
6262.1;1.967
6262.6;0.743
6263.1;0.379
6263.6;1.434
6264.1;2.29
6264.6;1.743
6265.1;0.202
6265.6;0.377
6266.1;1.411
6266.6;1.213
6267.1;1.49
6267.6;1.302
6268.1;0.712
6268.6;0.831
6269.1;1.442
6269.6;2.908
6270.1;2.365
6270.6;0.33
6271.1;0.878
6271.6;1.832
6272.1;1.871
6272.6;2.232
6273.1;2.407
6273.6;1.009
6274.1;1.908
6274.6;2.112
6275.1;1.415
6275.6;1.896
6276.1;3.117
6276.6;3.723
6277.1;1.71
6277.6;1.137
6278.1;2.775
6278.6;1.065
6279.1;1.113
6279.6;2.516
6280.1;3.138
6280.6;0.809
6281.1;1.42
6281.6;2.803
6282.1;1.028
6282.6;1.035
6283.1;2.996
6283.6;2.371
6284.1;0.417
6284.6;1.904
6285.1;2.545
6285.6;2.74
6286.1;1.995
6286.6;3.094
6287.1;1.093
6287.6;0.644
6288.1;1.874
6288.6;1.932
6289.1;2.192
6289.6;1.527
6290.1;2.668
6290.6;0.375
6291.1;1.242
6291.6;1.992
6292.1;1.202
6292.6;3.834
6293.1;2.637
6293.6;3.149
6294.1;2.191
6294.6;0.982
6295.1;2.796
6295.6;1.367
6296.1;1.574
6296.6;0.096
6297.1;1.79
6297.6;1.224
6298.1;2.206
6298.6;3.604
6299.1;1.888
6299.6;3.175
6300.1;1.495
6300.6;2.653
6301.1;2.775
6301.6;2.671
6302.1;3.008
6302.6;0.378
6303.1;0.449
6303.6;1.558
6304.1;1.106
6304.6;1.815
6305.1;3.512
6305.6;3.615
6306.1;2.799
6306.6;1.203
6307.1;0.551
6307.6;1.816
6308.1;2.479
6308.6;2.426
6309.1;2.684
6309.6;1.548
6310.1;0.819
6310.6;0.739
6311.1;1.615
6311.6;1.743
6312.1;4.709
6312.6;3.901
6313.1;3.724
6313.6;3.053
6314.1;1.825
6314.6;3.119
6315.1;2.066
6315.6;3.07
6316.1;2.022
6316.6;2.663
6317.1;1.872
6317.6;2.407
6318.1;3.055
6318.6;3.784
6319.1;3.981
6319.6;3.753
6320.1;3.317
6320.6;2.258
6321.1;2.76
6321.6;1.848
6322.1;2.705
6322.6;3.438
6323.1;2.657
6323.6;2.884
6324.1;1.802
6324.6;1.935
6325.1;1.19
6325.6;2.339
6326.1;3.186
6326.6;2.906
6327.1;3.358
6327.6;2.783
6328.1;2.497
6328.6;2.921
6329.1;3.012
6329.6;3.463
6330.1;3.262
6330.6;2.414
6331.1;2.181
6331.6;1.178
6332.1;1.786
6332.6;1.468
6333.1;2.642
6333.6;2.163
6334.1;2.182
6334.6;1.056
6335.1;1.614
6335.6;0.935
6336.1;1.983
6336.6;1.644
6337.1;2.049
6337.6;2.394
6338.1;0.822
6338.6;0.893
6339.1;1.75
6339.6;0.045
6340.1;1.202
6340.6;0.722
6341.1;0.416
6341.6;1.397
6342.1;0.95
6342.6;0.951
6343.1;1.622
6343.6;0.817
6344.1;2.228
6344.6;1.61
6345.1;1.358
6345.6;0.98
6346.1;0.501
6346.6;1.059
6347.1;0.619
6347.6;0.784
6348.1;1.511
6348.6;0.491
6349.1;1.633
6349.6;1.919
6350.1;0.996
6350.6;2.532
6351.1;2.434
6351.6;1.807
6352.1;1.603
6352.6;0.577
6353.1;2.914
6353.6;0.641
6354.1;3.35
6354.6;0.655
6355.1;2.551
6355.6;0.986
6356.1;2.975
6356.6;2.849
6357.1;2.016
6357.6;4.219
6358.1;0.989
6358.6;3.994
6359.1;1.791
6359.6;3.816
6360.1;3.616
6360.6;3.0
6361.1;3.955
6361.6;0.642
6362.1;2.733
6362.6;1.052
6363.1;2.727
6363.6;0.9
6364.1;3.556
6364.6;2.683
6365.1;2.349
6365.6;3.662
6366.1;2.491
6366.6;3.456
6367.1;2.698
6367.6;1.827
6368.1;3.31
6368.6;1.232
6369.1;0.431
6369.6;1.519
6370.1;2.497
6370.6;2.005
6371.1;2.672
6371.6;1.827
6372.1;2.649
6372.6;1.744
6373.1;3.001
6373.6;2.548
6374.1;0.721
6374.6;1.854
6375.1;1.268
6375.6;0.614
6376.1;0.744
6376.6;4.995
6377.1;1.284
6377.6;2.017
6378.1;2.343
6378.6;1.771
6379.1;2.569
6379.6;2.359
6380.1;2.345
6380.6;2.41
6381.1;1.57
6381.6;1.191
6382.1;1.091
6382.6;0.544
6383.1;1.01
6383.6;0.993
6384.1;1.069
6384.6;0.775
6385.1;2.648
6385.6;2.727
6386.1;3.889
6386.6;4.011
6387.1;3.735
6387.6;2.973
6388.1;2.656
6388.6;1.636
6389.1;1.5
6389.6;1.784
6390.1;1.27
6390.6;1.55
6391.1;2.135
6391.6;1.085
6392.1;1.606
6392.6;2.232
6393.1;2.139
6393.6;1.601
6394.1;3.346
6394.6;1.101
6395.1;2.175
6395.6;0.865
6396.1;0.878
6396.6;0.281
6397.1;1.311
6397.6;1.301
6398.1;0.822
6398.6;2.855
6399.1;1.196
6399.6;1.286
6400.1;1.506
6400.6;0.348
6401.1;1.202
6401.6;1.281
6402.1;0.655
6402.6;1.508
6403.1;1.369
6403.6;1.292
6404.1;0.913
6404.6;1.953
6405.1;1.804
6405.6;2.74
6406.1;2.881
6406.6;0.8
6407.1;3.118
6407.6;0.764
6408.1;1.234
6408.6;0.236
6409.1;3.469
6409.6;1.331
6410.1;1.335
6410.6;1.33
6411.1;1.398
6411.6;1.145
6412.1;2.588
6412.6;2.061
6413.1;1.399
6413.6;3.306
6414.1;0.996
6414.6;2.206
6415.1;0.978
6415.6;0.795
6416.1;0.417
6416.6;2.684
6417.1;2.2
6417.6;3.459
6418.1;3.688
6418.6;1.603
6419.1;1.493
6419.6;0.122
6420.1;1.669
6420.6;2.039
6421.1;3.843
6421.6;3.491
6422.1;3.115
6422.6;1.611
6423.1;2.745
6423.6;1.062
6424.1;2.845
6424.6;3.359
6425.1;4.629
6425.6;3.284
6426.1;3.824
6426.6;3.562
6427.1;1.216
6427.6;1.851
6428.1;3.914
6428.6;4.132
6429.1;1.749
6429.6;4.052
6430.1;3.798
6430.6;5.083
6431.1;0.38
6431.6;3.96
6432.1;3.427
6432.6;3.227
6433.1;2.154
6433.6;4.019
6434.1;3.974
6434.6;3.148
6435.1;3.809
6435.6;3.421
6436.1;3.962
6436.6;1.667
6437.1;5.753
6437.6;2.983
6438.1;2.229
6438.6;1.622
6439.1;5.393
6439.6;4.564
6440.1;2.678
6440.6;3.884
6441.1;4.281
6441.6;2.925
6442.1;1.662
6442.6;3.894
6443.1;3.178
6443.6;2.469
6444.1;2.785
6444.6;5.037
6445.1;2.777
6445.6;2.689
6446.1;4.011
6446.6;5.171
6447.1;3.65
6447.6;4.209
6448.1;5.716
6448.6;3.909
6449.1;1.108
6449.6;4.135
6450.1;5.422
6450.6;3.014
6451.1;4.423
6451.6;5.624
6452.1;4.422
6452.6;1.134
6453.1;3.861
6453.6;3.444
6454.1;2.554
6454.6;4.21
6455.1;6.308
6455.6;3.645
6456.1;2.453
6456.6;2.683
6457.1;2.577
6457.6;1.728
6458.1;3.411
6458.6;4.805
6459.1;4.471
6459.6;3.24
6460.1;2.102
6460.6;3.581
6461.1;0.849
6461.6;2.89
6462.1;3.825
6462.6;2.755
6463.1;1.099
6463.6;4.174
6464.1;2.736
6464.6;0.202
6465.1;3.357
6465.6;3.724
6466.1;2.304
6466.6;1.386
6467.1;4.689
6467.6;3.389
6468.1;1.346
6468.6;3.538
6469.1;4.799
6469.6;1.947
6470.1;1.502
6470.6;3.514
6471.1;3.784
6471.6;1.169
6472.1;2.716
6472.6;3.482
6473.1;2.342
6473.6;1.216
6474.1;2.31
6474.6;3.01
6475.1;0.916
6475.6;1.547
6476.1;1.904
6476.6;1.892
6477.1;2.542
6477.6;1.343
6478.1;0.648
6478.6;1.919
6479.1;2.116
6479.6;3.089
6480.1;0.593
6480.6;1.675
6481.1;2.285
6481.6;1.25
6482.1;1.548
6482.6;2.694
6483.1;2.909
6483.6;0.485
6484.1;0.774
6484.6;2.339
6485.1;1.202
6485.6;1.251
6486.1;2.532
6486.6;1.461
6487.1;0.51
6487.6;1.662
6488.1;1.911
6488.6;0.997
6489.1;1.219
6489.6;2.253
6490.1;1.701
6490.6;0.25
6491.1;1.931
6491.6;2.336
6492.1;1.281
6492.6;0.469
6493.1;2.431
6493.6;2.16
6494.1;1.192
6494.6;0.57
6495.1;0.862
6495.6;0.789
6496.1;0.292
6496.6;0.503
6497.1;1.958
6497.6;1.308
6498.1;0.858
6498.6;0.373
6499.1;0.943
6499.6;0.82
6500.1;0.63
6500.6;0.766
6501.1;1.259
6501.6;1.389
6502.1;0.817
6502.6;0.386
6503.1;0.165
6503.6;0.928
6504.1;0.076
6504.6;0.466
6505.1;1.239
6505.6;0.809
6506.1;0.6
6506.6;0.813
6507.1;0.355
6507.6;0.24
6508.1;0.526
6508.6;0.919
6509.1;0.844
6509.6;0.629
6510.1;0.509
6510.6;0.315
6511.1;0.565
6511.6;0.302
6512.1;1.302
6512.6;0.414
6513.1;1.416
6513.6;0.914
6514.1;0.719
6514.6;1.417
6515.1;0.541
6515.6;0.482
6516.1;0.152
6516.6;0.71
6517.1;0.147
6517.6;0.613
6518.1;0.45
6518.6;0.257
6519.1;0.993
6519.6;0.503
6520.1;0.69
6520.6;0.37
6521.1;0.501
6521.6;0.908
6522.1;0.1
6522.6;0.657
6523.1;0.211
6523.6;1.1
6524.1;0.387
6524.6;0.522
6525.1;0.743
6525.6;0.976
6526.1;0.873
6526.6;0.47
6527.1;0.408
6527.6;0.68
6528.1;0.254
6528.6;0.834
6529.1;0.546
6529.6;0.486
6530.1;0.42
6530.6;0.39
6531.1;0.16
6531.6;0.618
6532.1;1.324
6532.6;0.248
6533.1;0.865
6533.6;0.937
6534.1;0.449
6534.6;0.63
6535.1;0.968
6535.6;0.566
6536.1;0.322
6536.6;0.419
6537.1;0.462
6537.6;0.363
6538.1;1.021
6538.6;1.269
6539.1;1.284
6539.6;0.648
6540.1;1.119
6540.6;1.019
6541.1;0.015
6541.6;0.774
6542.1;0.699
6542.6;0.755
6543.1;0.267
6543.6;1.402
6544.1;0.595
6544.6;0.282
6545.1;0.219
6545.6;0.992
6546.1;1.053
6546.6;1.485
6547.1;0.578
6547.6;0.587
6548.1;0.808
6548.6;0.65
6549.1;1.117
6549.6;1.209
6550.1;1.497
6550.6;1.707
6551.1;0.484
6551.6;0.753
6552.1;1.009
6552.6;0.756
6553.1;1.376
6553.6;0.471
6554.1;1.423
6554.6;1.019
6555.1;1.521
6555.6;0.33
6556.1;1.084
6556.6;0.561
6557.1;1.187
6557.6;0.517
6558.1;1.435
6558.6;0.776
6559.1;1.178
6559.6;0.518
6560.1;1.265
6560.6;1.781
6561.1;0.52
6561.6;0.289
6562.1;0.914
6562.6;1.139
6563.1;1.141
6563.6;1.248
6564.1;1.302
6564.6;1.289
6565.1;1.019
6565.6;0.777
6566.1;0.56
6566.6;2.071
6567.1;1.274
6567.6;1.615
6568.1;1.56
6568.6;0.35
6569.1;1.451
6569.6;0.543
6570.1;0.953
6570.6;1.383
6571.1;1.437
6571.6;0.934
6572.1;0.848
6572.6;1.429
6573.1;0.595
6573.6;1.478
6574.1;1.43
6574.6;0.774
6575.1;0.745
6575.6;1.361
6576.1;0.734
6576.6;1.684
6577.1;0.776
6577.6;0.963
6578.1;0.93
6578.6;0.136
6579.1;1.446
6579.6;0.497
6580.1;1.747
6580.6;0.31
6581.1;1.62
6581.6;0.71
6582.1;0.671
6582.6;1.997
6583.1;1.246
6583.6;1.41
6584.1;0.55
6584.6;1.296
6585.1;1.369
6585.6;1.512
6586.1;1.58
6586.6;0.577
6587.1;1.29
6587.6;1.033
6588.1;0.915
6588.6;0.669
6589.1;2.433
6589.6;1.262
6590.1;1.015
6590.6;0.989
6591.1;1.082
6591.6;0.686
6592.1;0.539
6592.6;1.549
6593.1;0.171
6593.6;0.8
6594.1;0.699
6594.6;0.905
6595.1;1.106
6595.6;1.699
6596.1;1.295
6596.6;0.573
6597.1;1.653
6597.6;1.551
6598.1;2.046
6598.6;0.838
6599.1;1.91
6599.6;0.283
6600.1;0.729
6600.6;0.76
6601.1;0.349
6601.6;1.369
6602.1;0.272
6602.6;1.694
6603.1;1.749
6603.6;1.551
6604.1;1.634
6604.6;1.164
6605.1;1.116
6605.6;0.962
6606.1;0.431
6606.6;0.98
6607.1;0.239
6607.6;0.507
6608.1;0.186
6608.6;1.669
6609.1;1.138
6609.6;1.474
6610.1;1.164
6610.6;1.304
6611.1;0.995
6611.6;1.27
6612.1;0.101
6612.6;0.117
6613.1;1.313
6613.6;1.201
6614.1;0.266
6614.6;0.575
6615.2;1.049
6615.7;1.444
6616.2;0.829
6616.7;0.4
6617.2;1.611
6617.7;2.427
6618.2;1.583
6618.7;0.869
6619.2;0.366
6619.7;0.426
6620.2;0.868
6620.7;0.819
6621.2;1.271
6621.7;0.452
6622.2;0.609
6622.7;0.57
6623.2;1.035
6623.7;0.716
6624.2;0.376
6624.7;0.434
6625.2;0.477
6625.7;0.916
6626.2;0.624
6626.7;0.578
6627.2;1.15
6627.7;1.115
6628.2;1.17
6628.7;0.663
6629.2;0.811
6629.7;1.564
6630.2;1.114
6630.7;0.286
6631.2;0.597
6631.7;2.344
6632.2;0.967
6632.7;0.922
6633.2;1.073
6633.7;0.68
6634.2;1.522
6634.7;1.63
6635.2;1.182
6635.7;0.227
6636.2;1.882
6636.7;0.495
6637.2;1.59
6637.7;1.313
6638.2;0.961
6638.7;0.516
6639.2;0.947
6639.7;0.468
6640.2;1.043
6640.7;1.328
6641.2;0.314
6641.7;0.644
6642.2;1.17
6642.7;0.319
6643.2;2.413
6643.7;0.299
6644.2;0.37
6644.7;0.385
6645.2;1.908
6645.7;1.003
6646.2;0.53
6646.7;1.422
6647.2;0.601
6647.7;0.267
6648.2;1.908
6648.7;1.606
6649.2;1.135
6649.7;1.986
6650.2;0.688
6650.7;0.581
6651.2;1.049
6651.7;2.989
6652.2;0.664
6652.7;1.555
6653.2;1.343
6653.7;2.211
6654.2;0.433
6654.7;1.454
6655.2;1.756
6655.7;2.168
6656.2;0.507
6656.7;2.862
6657.2;1.672
6657.7;0.805
6658.2;1.224
6658.7;2.05
6659.2;2.023
6659.7;0.46
6660.2;2.553
6660.7;0.408
6661.2;3.157
6661.7;1.634
6662.2;2.425
6662.7;1.478
6663.2;2.891
6663.7;1.428
6664.2;2.437
6664.7;1.658
6665.2;2.0
6665.7;1.503
6666.2;0.189
6666.7;2.258
6667.2;2.709
6667.7;0.836
6668.2;1.593
6668.7;1.095
6669.2;1.247
6669.7;1.037
6670.2;1.229
6670.7;0.913
6671.2;0.361
6671.7;0.11
6672.2;1.63
6672.7;1.216
6673.2;0.668
6673.7;0.691
6674.2;2.162
6674.7;1.22
6675.2;2.612
6675.7;2.615
6676.2;1.644
6676.7;4.145
6677.2;1.196
6677.7;3.573
6678.2;2.059
6678.7;2.551
6679.2;1.485
6679.7;2.57
6680.2;1.678
6680.7;2.115
6681.2;1.999
6681.7;2.209
6682.2;2.594
6682.7;1.841
6683.2;3.113
6683.7;0.899
6684.2;2.841
6684.7;1.016
6685.2;2.534
6685.7;0.542
6686.2;1.813
6686.7;0.789
6687.2;1.581
6687.7;0.841
6688.2;1.009
6688.7;0.788
6689.2;1.14
6689.7;0.406
6690.2;0.994
6690.7;1.418
6691.2;1.462
6691.7;1.868
6692.2;1.778
6692.7;2.174
6693.2;0.986
6693.7;2.086
6694.2;0.659
6694.7;2.607
6695.2;1.241
6695.7;0.945
6696.2;1.264
6696.7;1.599
6697.2;1.918
6697.7;1.329
6698.2;1.954
6698.7;0.264
6699.2;1.929
6699.7;1.239
6700.2;1.128
6700.7;0.704
6701.2;1.086
6701.7;0.575
6702.2;1.584
6702.7;1.007
6703.2;1.009
6703.7;1.73
6704.2;0.424
6704.7;1.129
6705.2;0.987
6705.7;1.769
6706.2;1.493
6706.7;0.704
6707.2;0.363
6707.7;0.88
6708.2;1.577
6708.7;0.914
6709.2;0.594
6709.7;0.143
6710.2;0.584
6710.7;0.86
6711.2;0.687
6711.7;0.554
6712.2;0.725
6712.7;0.273
6713.2;1.303
6713.7;0.6
6714.2;0.892
6714.7;0.538
6715.2;0.146
6715.7;0.424
6716.2;1.141
6716.7;1.023
6717.2;0.611
6717.7;0.576
6718.2;0.625
6718.7;0.505
6719.2;1.261
6719.7;1.019
6720.2;0.556
6720.7;0.041
6721.2;0.719
6721.7;0.718
6722.2;1.295
6722.7;0.546
6723.2;0.147
6723.7;0.503
6724.2;0.561
6724.7;0.973
6725.2;1.241
6725.7;0.881
6726.2;0.162
6726.7;0.51
6727.2;0.502
6727.7;0.703
6728.2;0.955
6728.7;0.508
6729.2;0.368
6729.7;0.39
6730.2;0.131
6730.7;0.238
6731.2;0.946
6731.7;0.59
6732.2;0.446
6732.7;0.378
6733.2;1.014
6733.7;0.591
6734.2;0.921
6734.7;0.839
6735.2;0.659
6735.7;0.184
6736.2;0.266
6736.7;0.818
6737.2;0.921
6737.7;0.86
6738.2;1.353
6738.7;0.814
6739.2;0.794
6739.7;0.625
6740.2;0.964
6740.7;0.621
6741.2;0.99
6741.7;0.771
6742.2;0.558
6742.7;0.333
6743.2;0.498
6743.7;0.544
6744.2;0.96
6744.7;0.595
6745.2;0.006
6745.7;0.907
6746.2;0.724
6746.7;0.673
6747.2;0.975
6747.7;1.869
6748.2;0.435
6748.7;0.898
6749.2;0.665
6749.7;0.471
6750.2;0.226
6750.7;0.769
6751.2;1.201
6751.7;1.277
6752.2;0.463
6752.7;0.134
6753.2;0.58
6753.7;0.522
6754.2;0.476
6754.7;0.962
6755.2;1.085
6755.7;1.2
6756.2;0.265
6756.7;0.372
6757.2;0.127
6757.7;1.115
6758.2;0.211
6758.7;0.628
6759.2;0.439
6759.7;0.236
6760.2;1.092
6760.7;0.253
6761.2;0.966
6761.7;0.571
6762.2;0.346
6762.7;0.736
6763.2;0.232
6763.7;0.19
6764.2;0.47
6764.7;0.664
6765.2;0.62
6765.7;0.42
6766.2;0.273
6766.7;0.246
6767.2;0.715
6767.7;0.7
6768.2;0.442
6768.7;0.619
6769.2;0.338
6769.7;0.885
6770.2;0.552
6770.7;0.608
6771.2;0.67
6771.7;0.639
6772.2;1.076
6772.7;0.284
6773.2;0.398
6773.7;0.777
6774.2;0.076
6774.7;0.461
6775.2;0.995
6775.7;0.29
6776.2;0.538
6776.7;0.228
6777.2;0.62
6777.7;1.107
6778.2;1.352
6778.7;0.528
6779.2;0.492
6779.7;1.096
6780.2;1.24
6780.7;1.064
6781.2;0.871
6781.7;0.214
6782.2;1.404
6782.7;1.089
6783.2;1.087
6783.7;0.661
6784.2;0.224
6784.7;0.817
6785.2;0.186
6785.7;0.635
6786.2;0.806
6786.7;0.681
6787.2;0.319
6787.7;0.093
6788.2;0.657
6788.7;0.812
6789.2;0.598
6789.7;0.153
6790.2;0.346
6790.7;0.894
6791.2;0.516
6791.7;0.636
6792.2;0.247
6792.7;0.708
6793.2;0.404
6793.7;1.028
6794.2;0.226
6794.7;0.647
6795.2;0.107
6795.7;0.631
6796.2;0.303
6796.7;0.725
6797.2;0.599
6797.7;1.248
6798.2;1.033
6798.7;0.516
6799.2;0.301
6799.7;1.158
6800.2;1.315
6800.7;0.412
6801.2;1.261
6801.7;1.274
6802.2;1.337
6802.7;0.274
6803.2;1.018
6803.7;0.473
6804.2;0.624
6804.7;0.437
6805.2;1.301
6805.7;1.017
6806.2;0.289
6806.7;0.338
6807.2;0.922
6807.7;0.34
6808.2;1.854
6808.7;1.154
6809.2;1.117
6809.7;1.354
6810.2;1.14
6810.7;0.604
6811.2;0.516
6811.7;0.347
6812.2;0.474
6812.7;1.388
6813.2;0.047
6813.7;0.543
6814.2;1.033
6814.7;0.698
6815.2;1.501
6815.7;1.246
6816.2;1.055
6816.7;1.092
6817.2;0.82
6817.7;0.946
6818.2;0.704
6818.7;0.82
6819.2;0.773
6819.7;1.143
6820.2;0.879
6820.7;0.862
6821.2;0.378
6821.7;1.537
6822.2;0.975
6822.7;0.374
6823.2;0.537
6823.7;0.793
6824.2;1.131
6824.7;1.808
6825.2;0.92
6825.7;0.24
6826.2;0.902
6826.7;1.002
6827.2;1.123
6827.7;0.322
6828.2;0.407
6828.7;0.308
6829.2;0.841
6829.7;0.61
6830.2;1.039
6830.7;1.629
6831.2;0.584
6831.7;0.658
6832.2;0.701
6832.7;0.338
6833.2;0.547
6833.7;0.631
6834.2;0.587
6834.7;0.865
6835.2;1.425
6835.7;1.633
6836.2;0.474
6836.7;0.77
6837.2;1.169
6837.7;1.641
6838.2;0.979
6838.7;0.211
6839.2;1.349
6839.7;1.141
6840.2;0.521
6840.7;1.608
6841.2;0.972
6841.7;0.711
6842.2;1.531
6842.7;2.509
6843.2;0.32
6843.7;0.725
6844.2;0.171
6844.7;0.302
6845.2;1.189
6845.7;1.928
6846.2;0.698
6846.7;1.001
6847.2;0.893
6847.7;1.298
6848.2;1.423
6848.7;2.456
6849.2;1.585
6849.7;0.974
6850.2;0.395
6850.7;0.401
6851.2;1.013
6851.7;1.642
6852.2;0.732
6852.7;2.122
6853.2;1.333
6853.7;1.022
6854.2;1.327
6854.7;0.949
6855.2;1.468
6855.7;1.715
6856.2;0.446
6856.7;1.169
6857.2;0.687
6857.7;0.334
6858.2;2.117
6858.7;2.34
6859.2;1.032
6859.7;0.828
6860.2;1.103
6860.7;1.198
6861.2;1.299
6861.7;2.612
6862.2;1.679
6862.7;2.111
6863.2;0.998
6863.7;1.554
6864.2;0.793
6864.7;2.528
6865.2;0.561
6865.7;1.712
6866.2;0.793
6866.7;0.909
6867.2;0.393
6867.7;0.958
6868.2;1.295
6868.7;1.735
6869.2;2.058
6869.7;1.872
6870.2;1.732
6870.7;1.024
6871.2;2.188
6871.7;1.557
6872.2;1.978
6872.7;1.375
6873.2;1.586
6873.7;0.808
6874.2;0.635
6874.7;1.863
6875.2;0.898
6875.7;1.234
6876.2;1.149
6876.7;1.534
6877.2;1.779
6877.7;0.624
6878.2;1.725
6878.7;0.928
6879.2;1.403
6879.7;0.189
6880.2;0.591
6880.7;0.56
6881.2;1.514
6881.7;1.143
6882.2;2.541
6882.7;1.235
6883.2;0.553
6883.7;0.386
6884.2;2.211
6884.7;1.324
6885.2;1.946
6885.7;2.207
6886.2;1.244
6886.7;0.529
6887.2;1.603
6887.7;0.157
6888.2;2.499
6888.7;0.989
6889.2;1.692
6889.7;2.1
6890.2;1.053
6890.7;0.834
6891.2;1.865
6891.7;0.458
6892.2;0.398
6892.7;0.905
6893.2;0.276
6893.7;1.103
6894.2;1.351
6894.7;1.154
6895.2;0.987
6895.7;2.378
6896.2;1.866
6896.7;0.341
6897.2;0.496
6897.7;2.099
6898.2;2.153
6898.7;1.115
6899.2;1.676
6899.7;0.322
6900.2;0.539
6900.7;1.37
6901.2;1.52
6901.7;1.106
6902.2;0.53
6902.7;0.583
6903.2;1.127
6903.7;1.218
6904.2;0.644
6904.7;0.476
6905.2;0.591
6905.7;0.125
6906.2;0.751
6906.7;0.651
6907.2;0.424
6907.7;0.703
6908.2;0.471
6908.7;0.701
6909.2;0.876
6909.7;0.322
6910.2;0.239
6910.7;0.429
6911.2;0.728
6911.7;0.214
6912.2;0.744
6912.7;0.955
6913.2;0.695
6913.7;1.556
6914.2;1.203
6914.7;0.934
6915.2;0.452
6915.7;0.525
6916.2;1.987
6916.7;0.387
6917.2;1.085
6917.7;1.549
6918.2;0.882
6918.7;1.207
6919.2;0.63
6919.7;0.724
6920.2;1.177
6920.7;1.588
6921.2;0.771
6921.7;0.45
6922.2;1.095
6922.7;1.164
6923.2;0.835
6923.7;1.573
6924.2;1.674
6924.7;1.309
6925.2;1.202
6925.7;0.318
6926.2;2.262
6926.7;2.263
6927.2;1.264
6927.7;1.024
6928.2;0.888
6928.7;2.22
6929.2;1.779
6929.7;1.889
6930.2;3.351
6930.7;1.48
6931.2;1.152
6931.7;0.458
6932.2;1.056
6932.7;3.551
6933.2;1.521
6933.7;0.931
6934.2;1.013
6934.7;0.55
6935.2;1.591
6935.7;0.486
6936.2;1.268
6936.7;1.465
6937.2;2.003
6937.7;1.796
6938.2;0.583
6938.7;1.473
6939.2;1.47
6939.7;0.67
6940.2;1.772
6940.7;0.58
6941.2;1.327
6941.7;0.302
6942.2;1.101
6942.7;2.308
6943.2;1.045
6943.7;0.965
6944.2;0.643
6944.7;1.964
6945.2;0.898
6945.7;0.564
6946.2;1.652
6946.7;0.39
6947.2;2.561
6947.7;1.247
6948.2;0.635
6948.7;1.823
6949.2;0.626
6949.7;0.854
6950.2;0.251
6950.7;2.041
6951.2;1.44
6951.7;0.85
6952.2;0.097
6952.7;0.516
6953.2;1.831
6953.7;1.145
6954.2;1.172
6954.7;0.714
6955.2;0.423
6955.7;1.003
6956.2;0.736
6956.7;0.829
6957.2;0.382
6957.7;1.721
6958.2;1.561
6958.7;0.386
6959.2;0.701
6959.7;0.926
6960.2;0.52
6960.7;0.789
6961.2;0.968
6961.7;0.21
6962.2;1.796
6962.7;0.546
6963.2;0.295
6963.7;0.712
6964.2;0.925
6964.7;0.839
6965.2;0.362
6965.7;0.442
6966.2;1.361
6966.7;1.288
6967.2;0.555
6967.7;1.495
6968.2;0.675
6968.7;0.772
6969.2;0.827
6969.7;0.529
6970.2;0.454
6970.7;0.82
6971.2;1.703
6971.7;0.795
6972.2;0.67
6972.7;0.085
6973.2;0.611
6973.7;0.481
6974.2;0.208
6974.7;0.589
6975.2;0.356
6975.7;1.566
6976.2;0.727
6976.7;0.783
6977.2;0.844
6977.7;0.126
6978.2;0.438
6978.7;0.56
6979.2;0.35
6979.7;0.556
6980.2;0.571
6980.7;1.463
6981.2;1.443
6981.7;1.133
6982.2;0.834
6982.7;1.916
6983.2;1.053
6983.7;1.149
6984.2;1.343
6984.7;0.898
6985.2;0.567
6985.7;1.01
6986.2;1.021
6986.7;1.425
6987.2;1.502
6987.7;1.491
6988.2;1.292
6988.7;1.123
6989.2;0.726
6989.7;1.493
6990.2;1.082
6990.7;0.966
6991.2;0.109
6991.7;0.42
6992.2;0.636
6992.7;0.763
6993.2;0.867
6993.7;1.815
6994.2;1.521
6994.7;0.489
6995.2;0.723
6995.7;0.325
6996.2;0.069
6996.7;0.698
6997.2;1.635
6997.7;1.061
6998.2;0.852
6998.7;0.73
6999.2;0.736
6999.7;0.915
7000.2;1.397
7000.7;1.208
7001.2;1.106
7001.7;1.437
7002.2;0.555
7002.7;1.731
7003.2;2.187
7003.7;1.863
7004.2;1.505
7004.7;0.935
7005.2;0.916
7005.7;0.431
7006.2;1.276
7006.7;1.02
7007.2;3.687
7007.7;1.922
7008.2;2.035
7008.7;3.109
7009.2;1.306
7009.7;2.36
7010.2;1.303
7010.7;0.875
7011.2;0.951
7011.7;0.837
7012.2;0.895
7012.7;1.077
7013.2;2.968
7013.7;1.389
7014.2;2.747
7014.7;1.418
7015.2;1.169
7015.7;1.818
7016.2;1.911
7016.7;0.774
7017.2;0.818
7017.7;1.003
7018.2;0.903
7018.7;1.264
7019.2;1.221
7019.7;1.735
7020.2;1.845
7020.7;1.254
7021.2;0.865
7021.7;0.324
7022.2;1.401
7022.7;0.276
7023.2;2.552
7023.7;1.289
7024.2;0.677
7024.7;1.078
7025.2;1.07
7025.7;1.038
7026.2;0.578
7026.7;1.824
7027.2;0.291
7027.7;1.599
7028.2;0.577
7028.7;0.354
7029.2;1.613
7029.7;0.318
7030.2;0.585
7030.7;0.804
7031.2;1.811
7031.7;0.838
7032.2;0.731
7032.7;1.413
7033.2;0.404
7033.7;2.534
7034.2;0.432
7034.7;0.794
7035.2;1.88
7035.7;0.651
7036.2;0.626
7036.7;1.827
7037.2;1.622
7037.7;0.299
7038.2;1.617
7038.7;0.559
7039.2;0.437
7039.7;1.13
7040.2;1.104
7040.7;0.663
7041.2;0.781
7041.7;0.89
7042.2;0.815
7042.7;1.126
7043.2;0.644
7043.7;1.435
7044.2;1.501
7044.7;0.198
7045.2;1.095
7045.7;0.321
7046.2;0.993
7046.7;0.93
7047.2;2.477
7047.7;1.133
7048.2;1.338
7048.7;1.453
7049.2;0.822
7049.7;1.694
7050.2;0.546
7050.7;1.067
7051.2;0.958
7051.7;0.851
7052.2;1.128
7052.7;1.175
7053.2;1.773
7053.7;0.535
7054.2;1.296
7054.7;0.635
7055.2;0.46
7055.7;0.371
7056.2;0.623
7056.7;1.131
7057.2;1.294
7057.7;0.573
7058.2;0.624
7058.7;1.092
7059.2;0.765
7059.7;1.156
7060.2;0.909
7060.7;0.198
7061.2;0.317
7061.7;0.301
7062.2;0.312
7062.7;0.497
7063.2;1.701
7063.7;0.462
7064.2;0.538
7064.7;0.577
7065.2;0.257
7065.7;1.249
7066.2;0.677
7066.7;0.457
7067.2;0.257
7067.7;0.484
7068.2;1.249
7068.7;0.319
7069.2;0.773
7069.7;0.492
7070.2;0.619
7070.7;0.355
7071.2;0.718
7071.7;0.302
7072.2;1.712
7072.7;0.776
7073.2;0.91
7073.7;0.232
7074.2;0.53
7074.7;0.38
7075.2;1.31
7075.7;0.393
7076.2;0.232
7076.7;0.87
7077.2;0.687
7077.7;1.318
7078.2;0.461
7078.7;1.194
7079.2;0.697
7079.7;0.442
7080.2;0.367
7080.7;0.358
7081.2;0.863
7081.7;0.981
7082.2;0.262
7082.7;0.884
7083.2;0.392
7083.7;1.089
7084.2;0.972
7084.7;0.934
7085.2;1.054
7085.7;0.468
7086.2;0.742
7086.7;0.834
7087.2;0.931
7087.7;0.513
7088.2;0.618
7088.7;1.171
7089.2;0.648
7089.7;0.162
7090.2;0.746
7090.7;1.09
7091.2;0.577
7091.7;0.572
7092.2;0.598
7092.7;0.633
7093.2;1.119
7093.7;1.387
7094.2;0.842
7094.7;1.178
7095.2;0.942
7095.7;1.79
7096.2;1.056
7096.7;0.684
7097.2;1.262
7097.7;1.44
7098.2;1.868
7098.7;1.094
7099.2;1.294
7099.7;0.879
7100.2;1.037
7100.7;1.222
7101.2;1.0
7101.7;0.851
7102.2;0.914
7102.7;1.724
7103.2;1.849
7103.7;0.604
7104.2;1.619
7104.7;1.163
7105.2;0.8
7105.7;1.041
7106.2;1.798
7106.7;2.042
7107.2;1.178
7107.7;1.054
7108.2;1.546
7108.7;1.279
7109.2;1.683
7109.7;2.22
7110.2;1.638
7110.7;1.702
7111.2;0.603
7111.7;0.937
7112.2;1.071
7112.7;0.863
7113.2;1.363
7113.7;1.637
7114.2;0.959
7114.7;1.468
7115.2;0.802
7115.7;0.346
7116.2;1.248
7116.7;1.843
7117.2;2.03
7117.7;0.574
7118.2;1.056
7118.7;0.895
7119.2;0.949
7119.7;1.115
7120.2;1.032
7120.7;1.252
7121.2;1.412
7121.7;2.012
7122.2;0.531
7122.7;1.149
7123.2;1.24
7123.7;0.965
7124.2;0.813
7124.7;0.75
7125.2;0.683
7125.7;0.948
7126.2;0.838
7126.7;0.286
7127.2;0.575
7127.7;0.559
7128.2;0.729
7128.7;1.013
7129.2;1.051
7129.7;0.88
7130.2;0.865
7130.7;1.383
7131.2;0.895
7131.7;0.562
7132.2;0.951
7132.7;0.473
7133.2;0.921
7133.7;1.029
7134.2;0.817
7134.7;0.711
7135.2;1.286
7135.7;0.708
7136.2;1.899
7136.7;1.572
7137.2;0.203
7137.7;0.511
7138.2;1.007
7138.7;0.975
7139.2;1.202
7139.7;0.924
7140.2;0.796
7140.7;1.275
7141.2;1.319
7141.7;0.517
7142.2;0.806
7142.7;1.397
7143.2;0.227
7143.7;1.404
7144.2;1.342
7144.7;0.662
7145.2;0.894
7145.7;1.134
7146.2;0.479
7146.7;1.495
7147.2;1.349
7147.7;0.932
7148.2;1.553
7148.7;1.166
7149.2;0.686
7149.7;1.912
7150.2;1.256
7150.7;0.141
7151.2;0.807
7151.7;1.048
7152.2;0.793
7152.7;1.55
7153.2;0.884
7153.7;0.315
7154.2;1.537
7154.7;1.246
7155.2;0.927
7155.7;0.922
7156.2;0.856
7156.7;0.41
7157.2;1.437
7157.7;0.632
7158.2;0.838
7158.7;0.969
7159.2;0.951
7159.7;0.57
7160.2;1.021
7160.7;1.192
7161.2;0.512
7161.7;1.621
7162.2;0.831
7162.7;0.86
7163.2;0.469
7163.7;1.408
7164.2;0.864
7164.7;1.287
7165.2;0.996
7165.7;0.91
7166.2;1.242
7166.7;1.165
7167.2;0.831
7167.7;0.777
7168.2;0.207
7168.7;0.944
7169.2;0.756
7169.7;1.559
7170.2;1.066
7170.7;0.919
7171.2;0.749
7171.7;1.162
7172.2;1.116
7172.7;1.08
7173.2;0.784
7173.7;0.949
7174.2;1.583
7174.7;1.061
7175.2;0.93
7175.7;0.275
7176.2;0.694
7176.7;0.622
7177.2;1.646
7177.7;1.066
7178.2;0.956
7178.7;0.949
7179.2;0.673
7179.7;1.314
7180.2;1.613
7180.7;1.59
7181.2;0.928
7181.7;1.627
7182.2;0.425
7182.7;1.317
7183.2;1.937
7183.7;0.604
7184.2;0.735
7184.7;1.278
7185.2;1.07
7185.7;1.009
7186.2;1.087
7186.7;0.28
7187.2;0.528
7187.7;1.373
7188.2;0.407
7188.7;1.096
7189.2;1.396
7189.7;0.341
7190.2;1.643
7190.7;0.57
7191.2;0.949
7191.7;0.496
7192.2;1.645
7192.7;0.488
7193.2;0.742
7193.7;0.784
7194.2;1.158
7194.7;0.377
7195.2;0.821
7195.7;0.061
7196.2;1.64
7196.7;0.946
7197.2;0.949
7197.7;0.196
7198.2;0.636
7198.7;0.901
7199.2;1.302
7199.7;0.766
7200.2;0.83
7200.7;0.564
7201.2;1.224
7201.7;0.454
7202.2;0.293
7202.7;0.622
7203.2;0.717
7203.7;1.514
7204.2;0.294
7204.7;0.837
7205.2;1.088
7205.7;0.845
7206.2;1.227
7206.7;0.676
7207.2;0.861
7207.7;0.388
7208.2;0.936
7208.7;0.135
7209.2;0.583
7209.7;0.998
7210.2;0.768
7210.7;1.228
7211.2;0.763
7211.7;1.344
7212.2;2.079
7212.7;1.392
7213.2;0.811
7213.7;0.783
7214.2;0.907
7214.7;0.862
7215.2;0.43
7215.7;0.964
7216.2;0.783
7216.7;2.089
7217.2;0.797
7217.7;0.787
7218.2;0.544
7218.7;0.544
7219.2;1.154
7219.7;1.264
7220.2;1.544
7220.7;1.305
7221.2;1.044
7221.7;0.645
7222.2;0.49
7222.7;0.33
7223.2;0.464
7223.7;0.396
7224.2;1.176
7224.7;0.737
7225.2;0.775
7225.7;0.861
7226.2;0.673
7226.7;1.608
7227.2;1.314
7227.7;0.65
7228.2;1.012
7228.7;0.57
7229.2;0.499
7229.7;0.469
7230.2;0.704
7230.7;0.433
7231.2;1.105
7231.7;0.884
7232.2;0.156
7232.7;0.331
7233.2;0.621
7233.7;0.409
7234.2;0.783
7234.7;1.261
7235.2;0.461
7235.7;1.992
7236.2;1.073
7236.7;0.501
7237.2;0.733
7237.7;0.351
7238.2;0.423
7238.7;0.143
7239.2;0.831
7239.7;0.732
7240.2;0.584
7240.7;1.158
7241.2;0.677
7241.7;1.611
7242.2;1.49
7242.7;0.6
7243.2;0.99
7243.7;0.707
7244.2;0.436
7244.7;1.045
7245.2;0.517
7245.7;0.38
7246.2;0.558
7246.7;0.62
7247.2;0.428
7247.7;0.507
7248.2;0.67
7248.7;0.672
7249.2;0.655
7249.7;0.662
7250.2;0.176
7250.7;1.486
7251.2;1.268
7251.7;0.635
7252.2;0.379
7252.7;1.004
7253.2;0.964
7253.7;0.267
7254.2;0.848
7254.7;0.751
7255.2;0.921
7255.7;0.695
7256.2;0.394
7256.7;0.494
7257.2;0.879
7257.7;0.488
7258.2;0.124
7258.7;0.801
7259.2;0.837
7259.7;0.779
7260.2;0.811
7260.7;0.856
7261.2;0.327
7261.7;1.013
7262.2;0.673
7262.7;0.823
7263.2;1.493
7263.7;0.536
7264.2;1.745
7264.7;1.76
7265.2;0.693
7265.7;1.638
7266.2;1.042
7266.7;0.552
7267.2;0.217
7267.7;1.612
7268.2;0.418
7268.7;1.726
7269.2;1.043
7269.7;0.57
7270.2;1.814
7270.7;0.591
7271.2;1.556
7271.7;1.505
7272.2;1.958
7272.7;0.461
7273.2;1.169
7273.7;0.838
7274.2;0.969
7274.7;0.74
7275.2;1.645
7275.7;1.216
7276.2;0.803
7276.7;0.998
7277.2;0.745
7277.7;1.374
7278.2;0.775
7278.7;0.92
7279.2;1.099
7279.7;0.65
7280.2;0.823
7280.7;0.757
7281.2;1.244
7281.7;1.604
7282.2;2.388
7282.7;1.777
7283.2;1.493
7283.7;2.273
7284.2;2.169
7284.7;1.582
7285.2;2.267
7285.7;0.915
7286.2;0.217
7286.7;1.262
7287.2;0.547
7287.7;2.621
7288.2;1.917
7288.7;3.033
7289.2;2.46
7289.7;2.349
7290.2;2.879
7290.7;2.281
7291.2;4.036
7291.7;2.26
7292.2;2.973
7292.7;1.837
7293.2;0.9
7293.7;2.381
7294.2;1.338
7294.7;2.382
7295.2;2.004
7295.7;2.651
7296.2;0.847
7296.7;1.445
7297.2;1.881
7297.7;1.391
7298.2;3.006
7298.7;2.77
7299.2;1.661
7299.7;1.568
7300.2;1.536
7300.7;1.502
7301.2;2.584
7301.7;2.015
7302.2;1.785
7302.7;2.01
7303.2;1.253
7303.7;1.799
7304.2;2.014
7304.7;1.638
7305.2;1.814
7305.7;1.599
7306.2;0.689
7306.7;1.179
7307.2;1.474
7307.7;1.321
7308.2;1.644
7308.7;1.949
7309.2;1.721
7309.7;1.182
7310.2;2.302
7310.7;1.879
7311.2;2.069
7311.7;2.031
7312.2;0.877
7312.7;0.902
7313.2;0.771
7313.7;0.438
7314.2;1.576
7314.7;1.884
7315.2;1.09
7315.7;0.488
7316.2;0.631
7316.7;0.619
7317.2;1.152
7317.7;2.495
7318.2;1.333
7318.7;1.398
7319.2;0.765
7319.7;0.416
7320.2;0.22
7320.7;1.171
7321.2;0.493
7321.7;1.327
7322.2;1.39
7322.7;0.647
7323.2;0.454
7323.7;1.299
7324.2;1.249
7324.7;1.015
7325.2;0.911
7325.7;0.111
7326.2;0.499
7326.7;0.476
7327.2;0.781
7327.7;2.305
7328.2;1.598
7328.7;0.818
7329.2;1.031
7329.7;0.749
7330.2;0.625
7330.7;0.464
7331.2;0.36
7331.7;0.844
7332.2;0.757
7332.7;0.419
7333.2;0.371
7333.7;0.428
7334.2;1.08
7334.7;0.861
7335.2;0.766
7335.7;0.511
7336.2;0.542
7336.7;0.868
7337.2;0.671
7337.7;0.532
7338.2;0.485
7338.7;0.648
7339.2;0.861
7339.7;0.256
7340.2;0.62
7340.7;0.795
7341.2;0.019
7341.7;1.273
7342.2;0.846
7342.7;0.079
7343.2;1.11
7343.7;0.611
7344.2;0.64
7344.7;0.486
7345.2;0.63
7345.7;0.536
7346.2;0.569
7346.7;0.465
7347.2;0.178
7347.7;0.366
7348.2;0.409
7348.7;0.569
7349.2;0.839
7349.7;0.288
7350.2;0.318
7350.7;0.216
7351.2;0.666
7351.7;0.47
7352.2;0.692
7352.7;0.058
7353.2;0.746
7353.7;0.918
7354.2;0.953
7354.7;0.49
7355.2;0.739
7355.7;0.683
7356.2;0.618
7356.7;0.988
7357.2;0.316
7357.7;0.123
7358.2;0.525
7358.7;1.414
7359.2;0.34
7359.7;1.098
7360.2;0.733
7360.7;0.875
7361.2;0.837
7361.7;0.614
7362.2;0.473
7362.7;0.528
7363.2;0.509
7363.7;0.147
7364.2;0.288
7364.7;0.389
7365.2;0.536
7365.7;1.06
7366.2;0.971
7366.7;0.557
7367.2;0.052
7367.7;0.338
7368.2;0.343
7368.7;1.522
7369.2;0.758
7369.7;1.3
7370.2;0.781
7370.7;0.383
7371.2;0.293
7371.7;0.422
7372.2;0.717
7372.7;0.757
7373.2;0.665
7373.7;0.191
7374.2;0.681
7374.7;0.528
7375.2;0.53
7375.7;0.784
7376.2;0.642
7376.7;0.252
7377.2;0.188
7377.7;0.478
7378.2;0.986
7378.7;0.966
7379.2;0.628
7379.7;0.784
7380.2;0.354
7380.7;0.316
7381.2;1.07
7381.7;0.371
7382.2;0.324
7382.7;0.6
7383.2;0.666
7383.7;0.146
7384.2;0.482
7384.7;0.748
7385.2;1.037
7385.7;0.482
7386.2;0.366
7386.7;0.122
7387.2;0.248
7387.7;0.856
7388.2;0.84
7388.7;0.228
7389.2;0.236
7389.7;0.72
7390.2;0.387
7390.7;0.268
7391.2;0.183
7391.7;0.57
7392.2;0.403
7392.7;0.531
7393.2;0.474
7393.7;0.713
7394.2;1.15
7394.7;0.655
7395.2;0.436
7395.7;0.576
7396.2;0.668
7396.7;0.639
7397.2;0.293
7397.7;0.193
7398.2;0.246
7398.7;0.64
7399.2;0.255
7399.7;0.823
7400.2;0.44
7400.7;0.18
7401.2;0.803
7401.7;0.532
7402.2;0.231
7402.7;0.869
7403.2;0.328
7403.7;0.117
7404.2;0.544
7404.7;0.401
7405.2;0.041
7405.7;1.329
7406.2;0.444
7406.7;0.319
7407.2;0.422
7407.7;0.163
7408.2;0.436
7408.7;0.455
7409.2;0.619
7409.7;0.279
7410.2;0.302
7410.7;0.718
7411.2;0.231
7411.7;1.199
7412.2;0.333
7412.7;0.56
7413.2;0.279
7413.7;0.744
7414.2;0.195
7414.7;1.343
7415.2;0.44
7415.7;0.672
7416.2;0.874
7416.7;0.225
7417.2;0.329
7417.7;0.174
7418.2;1.083
7418.7;0.332
7419.2;0.821
7419.7;0.124
7420.2;0.61
7420.7;0.969
7421.2;0.471
7421.7;0.77
7422.2;0.433
7422.7;0.203
7423.2;1.02
7423.7;0.735
7424.2;0.333
7424.7;0.717
7425.2;0.275
7425.7;0.56
7426.2;0.91
7426.7;0.568
7427.2;0.824
7427.7;1.057
7428.2;1.153
7428.7;0.06
7429.2;0.321
7429.7;0.264
7430.2;0.655
7430.7;1.027
7431.2;0.475
7431.7;0.526
7432.2;0.378
7432.7;0.311
7433.2;0.086
7433.7;0.292
7434.2;2.06
7434.7;0.766
7435.2;0.403
7435.7;0.683
7436.2;0.332
7436.7;0.374
7437.2;0.49
7437.7;0.827
7438.2;1.151
7438.7;1.034
7439.2;0.886
7439.7;0.848
7440.2;1.174
7440.7;0.807
7441.2;1.014
7441.7;0.265
7442.2;0.35
7442.7;0.391
7443.2;0.861
7443.7;0.985
7444.2;1.556
7444.7;0.901
7445.2;0.889
7445.7;0.981
7446.2;0.42
7446.7;0.362
7447.2;0.627
7447.7;1.23
7448.2;0.397
7448.7;0.24
7449.2;0.731
7449.7;0.747
7450.2;0.818
7450.7;0.378
7451.2;0.561
7451.7;0.828
7452.2;1.093
7452.7;0.782
7453.2;0.503
7453.7;0.417
7454.2;0.341
7454.7;0.863
7455.2;0.495
7455.7;0.787
7456.2;0.498
7456.7;0.267
7457.2;0.657
7457.7;1.156
7458.2;0.964
7458.7;0.765
7459.2;0.211
7459.7;0.409
7460.2;0.26
7460.7;1.248
7461.2;1.297
7461.7;0.906
7462.2;0.609
7462.7;0.661
7463.2;1.491
7463.7;1.128
7464.2;0.292
7464.7;0.478
7465.2;0.588
7465.7;0.344
7466.2;0.57
7466.7;0.471
7467.2;0.729
7467.7;0.861
7468.2;0.332
7468.7;0.556
7469.2;0.54
7469.7;0.88
7470.2;0.421
7470.7;1.087
7471.2;0.338
7471.7;0.623
7472.2;0.554
7472.7;0.76
7473.2;0.544
7473.7;0.423
7474.2;1.158
7474.7;0.845
7475.2;0.583
7475.7;0.746
7476.2;1.35
7476.7;0.269
7477.2;0.457
7477.7;0.24
7478.2;0.686
7478.7;0.726
7479.2;0.38
7479.7;0.295
7480.2;0.884
7480.7;0.569
7481.2;1.048
7481.7;0.35
7482.2;0.221
7482.7;0.536
7483.2;0.535
7483.7;0.151
7484.2;0.26
7484.7;0.513
7485.2;0.822
7485.7;0.914
7486.2;0.866
7486.7;1.099
7487.2;0.644
7487.7;1.109
7488.2;1.209
7488.7;1.294
7489.2;1.015
7489.7;0.39
7490.2;0.593
7490.7;0.457
7491.2;0.197
7491.7;0.666
7492.2;1.161
7492.7;1.064
7493.2;0.923
7493.7;0.483
7494.2;0.644
7494.7;1.582
7495.2;1.646
7495.7;0.538
7496.2;0.56
7496.7;1.206
7497.2;1.313
7497.7;0.456
7498.2;1.072
7498.7;0.739
7499.2;0.535
7499.7;1.574
7500.2;1.997
7500.7;1.541
7501.2;1.157
7501.7;1.483
7502.2;1.618
7502.7;1.422
7503.2;1.088
7503.7;0.195
7504.2;0.559
7504.7;0.364
7505.2;0.135
7505.7;1.013
7506.2;1.525
7506.7;1.572
7507.2;1.4
7507.7;1.774
7508.2;2.243
7508.7;2.061
7509.2;1.916
7509.7;1.095
7510.2;0.728
7510.7;1.035
7511.2;1.388
7511.7;0.577
7512.2;1.074
7512.7;1.399
7513.2;1.27
7513.7;0.726
7514.2;1.173
7514.7;1.325
7515.2;0.904
7515.7;1.273
7516.2;1.501
7516.7;1.195
7517.2;0.709
7517.7;2.062
7518.2;0.896
7518.7;0.894
7519.2;0.734
7519.7;1.561
7520.2;0.712
7520.7;0.629
7521.2;1.533
7521.7;0.99
7522.2;1.042
7522.7;1.335
7523.2;1.664
7523.7;0.92
7524.2;1.85
7524.7;1.404
7525.2;1.148
7525.7;0.865
7526.2;0.769
7526.7;1.536
7527.2;1.67
7527.7;2.398
7528.2;1.295
7528.7;0.94
7529.2;0.219
7529.7;0.92
7530.2;1.261
7530.7;1.251
7531.2;1.757
7531.7;0.837
7532.2;1.641
7532.7;0.53
7533.2;0.826
7533.7;1.075
7534.2;1.716
7534.7;0.109
7535.2;0.749
7535.7;1.433
7536.2;1.727
7536.7;1.553
7537.2;0.513
7537.7;0.702
7538.2;0.248
7538.7;1.394
7539.2;0.492
7539.7;1.389
7540.2;0.647
7540.7;1.253
7541.2;0.334
7541.7;0.696
7542.2;0.43
7542.7;0.23
7543.2;0.519
7543.7;0.599
7544.2;0.588
7544.7;0.15
7545.2;0.477
7545.7;0.165
7546.2;0.617
7546.7;0.319
7547.2;0.341
7547.7;0.453
7548.2;0.79
7548.7;1.359
7549.2;1.311
7549.7;1.108
7550.2;0.476
7550.7;0.521
7551.2;0.487
7551.7;0.357
7552.2;0.462
7552.7;0.67
7553.2;1.141
7553.7;0.944
7554.2;0.478
7554.7;1.152
7555.2;0.968
7555.7;1.188
7556.2;0.471
7556.7;0.426
7557.2;0.593
7557.7;0.51
7558.2;0.292
7558.7;0.87
7559.2;1.445
7559.7;0.926
7560.2;0.862
7560.7;0.469
7561.2;0.63
7561.7;0.461
7562.2;0.82
7562.7;0.765
7563.2;0.373
7563.7;0.535
7564.2;1.089
7564.7;1.152
7565.2;0.548
7565.7;0.384
7566.2;0.317
7566.7;0.764
7567.2;0.272
7567.7;0.238
7568.2;1.151
7568.7;1.009
7569.2;0.615
7569.7;0.084
7570.2;0.098
7570.7;0.771
7571.2;0.685
7571.7;0.325
7572.2;0.413
7572.7;0.268
7573.2;0.625
7573.7;0.705
7574.2;0.599
7574.7;0.648
7575.2;0.659
7575.7;0.635
7576.2;0.352
7576.7;0.902
7577.2;0.963
7577.7;1.099
7578.2;0.075
7578.7;0.432
7579.2;0.859
7579.7;0.251
7580.2;0.247
7580.7;0.476
7581.2;0.814
7581.7;0.553
7582.2;0.851
7582.7;0.703
7583.2;0.732
7583.7;0.534
7584.2;0.553
7584.7;0.583
7585.2;0.147
7585.7;0.731
7586.2;0.695
7586.7;0.573
7587.2;0.596
7587.7;1.388
7588.2;0.999
7588.7;0.543
7589.2;0.685
7589.7;1.013
7590.2;0.638
7590.7;0.664
7591.2;0.969
7591.7;0.826
7592.2;0.373
7592.7;0.291
7593.2;0.81
7593.7;0.463
7594.2;1.315
7594.7;0.713
7595.2;1.041
7595.7;0.084
7596.2;0.884
7596.7;1.354
7597.2;0.822
7597.7;0.303
7598.2;0.273
7598.7;0.693
7599.2;0.796
7599.7;0.704
7600.2;0.948
7600.7;0.462
7601.2;1.135
7601.7;1.113
7602.2;0.607
7602.7;0.717
7603.2;1.035
7603.7;1.62
7604.2;1.258
7604.7;0.741
7605.2;0.719
7605.7;0.708
7606.2;0.382
7606.7;0.424
7607.2;0.837
7607.7;1.662
7608.2;0.45
7608.7;0.751
7609.2;0.635
7609.7;0.672
7610.2;0.541
7610.7;1.289
7611.2;1.164
7611.7;0.715
7612.2;0.61
7612.7;0.706
7613.2;0.603
7613.7;0.34
7614.2;0.311
7614.7;0.766
7615.2;0.833
7615.7;0.291
7616.2;0.443
7616.7;0.883
7617.2;0.928
7617.7;0.331
7618.2;0.407
7618.7;0.626
7619.2;0.765
7619.7;0.293
7620.2;0.361
7620.7;0.529
7621.2;1.09
7621.7;1.049
7622.2;0.216
7622.7;0.221
7623.2;0.357
7623.7;0.879
7624.2;1.234
7624.7;0.817
7625.2;0.4
7625.7;0.376
7626.2;0.448
7626.7;0.55
7627.2;0.934
7627.7;0.588
7628.2;0.941
7628.7;0.649
7629.2;0.523
7629.7;0.651
7630.2;0.563
7630.7;0.21
7631.2;0.344
7631.7;0.575
7632.2;0.168
7632.7;0.926
7633.2;0.044
7633.7;0.79
7634.2;0.722
7634.7;0.612
7635.2;0.262
7635.7;0.395
7636.2;0.429
7636.7;0.161
7637.2;0.392
7637.7;0.785
7638.2;0.192
7638.7;0.234
7639.2;0.062
7639.7;0.229
7640.2;0.751
7640.7;0.704
7641.2;0.308
7641.7;0.348
7642.2;0.743
7642.7;0.396
7643.2;0.915
7643.7;0.356
7644.2;0.313
7644.7;0.472
7645.2;0.718
7645.7;0.572
7646.2;0.492
7646.7;0.536
7647.2;0.635
7647.7;0.345
7648.2;0.464
7648.7;0.567
7649.2;0.16
7649.7;0.138
7650.2;0.359
7650.7;0.703
7651.2;0.781
7651.7;0.427
7652.2;0.405
7652.7;0.447
7653.2;0.752
7653.7;0.645
7654.2;0.09
7654.7;0.679
7655.2;1.201
7655.7;0.818
7656.2;0.434
7656.7;0.562
7657.2;0.457
7657.7;0.256
7658.2;0.685
7658.7;0.764
7659.2;0.744
7659.7;0.176
7660.2;0.856
7660.7;0.264
7661.2;0.587
7661.7;0.664
7662.2;0.78
7662.7;0.559
7663.2;0.444
7663.7;0.562
7664.2;0.619
7664.7;0.223
7665.2;0.628
7665.7;0.361
7666.2;0.503
7666.7;0.371
7667.2;0.193
7667.7;0.182
7668.2;0.078
7668.7;1.035
7669.2;0.71
7669.7;0.983
7670.2;0.062
7670.7;0.586
7671.2;0.84
7671.7;0.642
7672.2;0.395
7672.7;1.045
7673.2;0.01
7673.7;0.636
7674.2;0.337
7674.7;0.566
7675.2;0.255
7675.7;0.619
7676.2;0.408
7676.7;0.728
7677.2;0.848
7677.7;0.74
7678.2;0.476
7678.7;0.39
7679.2;0.308
7679.7;0.855
7680.2;1.134
7680.7;0.598
7681.2;1.581
7681.7;0.895
7682.2;1.715
7682.7;0.497
7683.2;1.596
7683.7;1.524
7684.2;1.816
7684.7;1.409
7685.2;1.262
7685.7;1.845
7686.2;0.478
7686.7;0.183
7687.2;0.502
7687.7;0.959
7688.2;0.741
7688.7;1.031
7689.2;0.851
7689.7;0.306
7690.2;1.021
7690.7;0.534
7691.2;1.271
7691.7;0.22
7692.2;0.541
7692.7;1.332
7693.2;0.17
7693.7;0.327
7694.2;0.699
7694.7;0.636
7695.2;0.802
7695.7;0.348
7696.2;0.661
7696.7;0.382
7697.2;1.275
7697.7;1.311
7698.2;0.505
7698.7;0.458
7699.2;1.544
7699.7;0.526
7700.2;1.555
7700.7;0.618
7701.2;0.857
7701.7;1.228
7702.2;1.348
7702.7;0.96
7703.2;0.733
7703.7;0.838
7704.2;1.088
7704.7;0.941
7705.2;0.612
7705.7;1.725
7706.2;1.836
7706.7;0.665
7707.2;1.24
7707.7;1.777
7708.2;1.291
7708.7;1.036
7709.2;1.37
7709.7;0.148
7710.2;0.387
7710.7;1.397
7711.2;0.917
7711.7;0.406
7712.2;0.742
7712.7;1.981
7713.2;0.822
7713.7;1.149
7714.2;1.647
7714.7;2.543
7715.2;1.753
7715.7;2.013
7716.2;1.344
7716.7;1.768
7717.2;0.356
7717.7;2.363
7718.2;1.444
7718.7;1.295
7719.2;1.459
7719.7;2.353
7720.2;2.265
7720.7;2.116
7721.2;2.78
7721.7;2.456
7722.2;2.951
7722.7;2.032
7723.2;2.809
7723.7;1.486
7724.2;1.559
7724.7;1.074
7725.2;2.536
7725.7;1.185
7726.2;1.544
7726.7;0.897
7727.2;1.396
7727.7;1.139
7728.2;1.876
7728.7;1.178
7729.2;1.918
7729.7;0.86
7730.2;1.186
7730.7;0.301
7731.2;1.402
7731.7;0.853
7732.2;0.882
7732.7;0.963
7733.2;0.33
7733.7;0.857
7734.2;1.499
7734.7;0.948
7735.2;0.874
7735.7;0.662
7736.2;0.31
7736.7;1.083
7737.2;1.131
7737.7;0.475
7738.2;0.274
7738.7;2.409
7739.2;0.663
7739.7;1.32
7740.2;1.925
7740.7;1.35
7741.2;1.133
7741.7;1.105
7742.2;1.558
7742.7;1.121
7743.2;1.021
7743.7;3.12
7744.2;1.736
7744.7;0.212
7745.2;1.304
7745.7;1.358
7746.2;1.605
7746.7;1.034
7747.2;2.974
7747.7;0.816
7748.2;1.504
7748.7;1.065
7749.2;0.707
7749.7;0.362
7750.2;2.68
7750.7;2.011
7751.2;0.683
7751.7;0.55
7752.2;1.79
7752.7;1.646
7753.2;1.446
7753.7;2.817
7754.2;2.234
7754.7;1.835
7755.2;1.891
7755.7;2.14
7756.2;1.956
7756.7;2.528
7757.2;3.335
7757.7;3.017
7758.2;1.583
7758.7;1.914
7759.2;1.736
7759.7;1.321
7760.2;1.302
7760.7;2.182
7761.2;1.817
7761.7;1.009
7762.2;1.233
7762.7;1.279
7763.2;1.825
7763.7;1.041
7764.2;0.328
7764.7;1.139
7765.2;2.625
7765.7;1.719
7766.2;1.213
7766.7;1.983
7767.2;1.989
7767.7;1.416
7768.2;2.259
7768.7;2.204
7769.2;1.71
7769.7;0.104
7770.2;1.104
7770.7;3.067
7771.2;2.916
7771.7;2.575
7772.2;1.459
7772.7;2.051
7773.2;2.311
7773.7;1.551
7774.2;0.553
7774.7;0.956
7775.2;2.584
7775.7;2.28
7776.2;2.058
7776.7;1.36
7777.2;2.211
7777.7;1.546
7778.2;2.093
7778.7;1.385
7779.2;0.534
7779.7;0.82
7780.2;0.768
7780.7;0.849
7781.2;1.511
7781.7;3.548
7782.2;2.142
7782.7;2.593
7783.2;2.214
7783.7;1.186
7784.2;1.836
7784.7;0.338
7785.2;1.203
7785.7;1.843
7786.2;1.702
7786.7;1.828
7787.2;1.14
7787.7;0.296
7788.2;1.057
7788.7;0.892
7789.2;1.099
7789.7;2.275
7790.2;2.706
7790.7;1.903
7791.2;1.077
7791.7;0.368
7792.2;1.259
7792.7;0.347
7793.2;1.053
7793.7;1.014
7794.2;1.745
7794.7;1.369
7795.2;0.279
7795.7;0.83
7796.2;0.779
7796.7;0.438
7797.2;1.091
7797.7;1.73
7798.2;1.21
7798.7;0.567
7799.2;0.519
7799.7;1.121
7800.2;0.557
7800.7;1.367
7801.2;1.668
7801.7;2.622
7802.2;1.772
7802.7;0.982
7803.2;0.158
7803.7;0.512
7804.2;0.605
7804.7;1.492
7805.2;0.923
7805.7;1.495
7806.2;1.715
7806.7;1.033
7807.2;0.372
7807.7;0.354
7808.2;0.508
7808.7;0.555
7809.2;1.662
7809.7;1.674
7810.2;1.201
7810.7;1.525
7811.2;0.425
7811.7;0.832
7812.2;0.755
7812.7;0.267
7813.2;0.593
7813.7;1.895
7814.2;0.592
7814.7;0.498
7815.2;0.39
7815.7;1.008
7816.2;0.255
7816.7;0.931
7817.2;1.096
7817.7;0.846
7818.2;1.071
7818.7;0.445
7819.2;0.37
7819.7;0.81
7820.2;0.459
7820.7;1.103
7821.2;0.891
7821.7;0.508
7822.2;0.586
7822.7;0.263
7823.2;0.48
7823.7;0.309
7824.2;0.708
7824.7;0.394
7825.2;1.054
7825.7;0.219
7826.2;0.217
7826.7;0.505
7827.2;1.053
7827.7;0.421
7828.2;0.751
7828.7;0.781
7829.2;0.264
7829.7;1.095
7830.2;0.487
7830.7;0.653
7831.2;0.323
7831.7;1.147
7832.2;0.609
7832.7;0.879
7833.2;1.165
7833.7;0.43
7834.2;1.413
7834.7;0.534
7835.2;0.337
7835.7;0.756
7836.2;0.852
7836.7;0.786
7837.2;0.98
7837.7;0.391
7838.2;0.743
7838.7;0.055
7839.2;0.319
7839.7;0.435
7840.2;0.832
7840.7;0.641
7841.2;1.224
7841.7;0.594
7842.2;0.393
7842.7;0.661
7843.2;0.186
7843.7;0.285
7844.2;0.8
7844.7;1.179
7845.2;0.089
7845.7;0.598
7846.2;0.532
7846.7;1.179
7847.2;0.813
7847.7;0.394
7848.2;0.688
7848.7;0.966
7849.2;0.77
7849.7;0.753
7850.2;0.584
7850.7;0.638
7851.2;0.833
7851.7;0.432
7852.2;1.234
7852.7;0.436
7853.2;0.914
7853.7;0.51
7854.2;1.395
7854.7;1.289
7855.2;0.65
7855.7;0.588
7856.2;0.837
7856.7;0.914
7857.2;0.653
7857.7;0.71
7858.2;0.452
7858.7;0.748
7859.2;0.192
7859.7;0.53
7860.2;0.517
7860.7;0.259
7861.2;0.409
7861.7;1.331
7862.2;0.556
7862.7;1.224
7863.2;0.295
7863.7;0.908
7864.2;0.321
7864.7;1.309
7865.2;0.082
7865.7;0.443
7866.2;0.9
7866.7;0.034
7867.2;0.952
7867.7;0.906
7868.2;0.447
7868.7;0.685
7869.2;0.652
7869.7;0.634
7870.2;1.195
7870.7;1.634
7871.2;0.548
7871.7;0.825
7872.2;0.472
7872.7;0.62
7873.2;0.37
7873.7;0.655
7874.2;0.278
7874.7;1.16
7875.2;1.061
7875.7;0.514
7876.2;0.183
7876.7;0.765
7877.2;0.401
7877.7;0.768
7878.2;0.858
7878.7;0.095
7879.2;0.722
7879.7;0.474
7880.2;0.572
7880.7;0.633
7881.2;1.195
7881.7;0.321
7882.2;2.089
7882.7;1.215
7883.2;0.405
7883.7;1.669
7884.2;0.518
7884.7;0.415
7885.2;0.75
7885.7;0.693
7886.2;0.774
7886.7;0.273
7887.2;1.082
7887.7;0.672
7888.2;1.18
7888.7;0.443
7889.2;0.337
7889.7;1.747
7890.2;0.117
7890.7;0.832
7891.2;0.331
7891.7;0.677
7892.2;0.358
7892.7;1.222
7893.2;0.601
7893.7;0.113
7894.2;0.834
7894.7;1.073
7895.2;0.49
7895.7;0.603
7896.2;0.97
7896.7;1.352
7897.2;1.042
7897.7;0.658
7898.2;0.47
7898.7;1.414
7899.2;0.152
7899.7;1.408
7900.2;0.957
7900.7;0.318
7901.2;0.771
7901.7;0.632
7902.2;0.363
7902.7;0.387
7903.2;1.078
7903.7;0.102
7904.2;0.701
7904.7;0.878
7905.2;0.883
7905.7;0.727
7906.2;0.453
7906.7;0.947
7907.2;0.582
7907.7;0.811
7908.2;0.825
7908.7;0.589
7909.2;0.37
7909.7;0.433
7910.2;1.531
7910.7;0.432
7911.2;0.34
7911.7;0.381
7912.2;0.566
7912.7;0.262
7913.2;0.76
7913.7;1.282
7914.2;0.548
7914.7;0.883
7915.2;1.375
7915.7;0.799
7916.2;0.398
7916.7;0.223
7917.2;1.181
7917.7;0.684
7918.2;0.501
7918.7;0.22
7919.2;0.291
7919.7;0.509
7920.2;0.901
7920.7;1.048
7921.2;0.893
7921.7;0.396
7922.2;1.067
7922.7;1.833
7923.2;1.059
7923.7;0.615
7924.2;1.093
7924.7;1.409
7925.2;0.938
7925.7;0.145
7926.2;0.715
7926.7;1.552
7927.2;1.42
7927.7;0.444
7928.2;0.492
7928.7;1.092
7929.2;1.457
7929.7;0.893
7930.2;1.135
7930.7;1.743
7931.2;1.106
7931.7;1.291
7932.2;0.941
7932.7;2.26
7933.2;1.579
7933.7;0.801
7934.2;0.249
7934.7;1.327
7935.2;1.491
7935.7;0.92
7936.2;0.852
7936.7;0.648
7937.2;0.872
7937.7;0.817
7938.2;0.467
7938.7;0.596
7939.2;1.198
7939.7;0.722
7940.2;0.978
7940.7;1.337
7941.2;0.856
7941.7;1.083
7942.2;0.708
7942.7;0.931
7943.2;1.68
7943.7;1.223
7944.2;0.234
7944.7;0.407
7945.2;1.379
7945.7;1.368
7946.2;1.523
7946.7;1.033
7947.2;0.614
7947.7;1.539
7948.2;0.949
7948.7;1.422
7949.2;0.215
7949.7;0.758
7950.2;0.287
7950.7;2.606
7951.2;2.105
7951.7;1.198
7952.2;0.967
7952.7;1.624
7953.2;3.03
7953.7;2.846
7954.2;1.774
7954.7;0.665
7955.2;1.149
7955.7;2.631
7956.2;2.177
7956.7;2.596
7957.2;2.288
7957.7;2.177
7958.2;2.206
7958.7;2.09
7959.2;3.215
7959.7;1.118
7960.2;0.655
7960.7;1.016
7961.2;2.633
7961.7;2.101
7962.2;1.515
7962.7;0.799
7963.2;1.154
7963.7;2.973
7964.2;2.86
7964.7;0.88
7965.2;1.206
7965.7;1.378
7966.2;2.201
7966.7;1.367
7967.2;1.894
7967.7;0.814
7968.2;0.306
7968.7;1.712
7969.2;3.416
7969.7;3.257
7970.2;3.627
7970.7;2.351
7971.2;2.947
7971.7;4.204
7972.2;5.476
7972.7;5.221
7973.2;2.336
7973.7;2.774
7974.2;4.978
7974.7;5.735
7975.2;4.42
7975.7;1.916
7976.2;2.479
7976.7;4.094
7977.2;5.482
7977.7;5.005
7978.2;2.729
7978.7;2.669
7979.2;3.594
7979.7;4.443
7980.2;3.776
7980.7;2.83
7981.2;2.2
7981.7;3.439
7982.2;4.161
7982.7;3.501
7983.2;3.138
7983.7;2.582
7984.2;3.613
7984.7;3.782
7985.2;3.484
7985.7;2.979
7986.2;1.487
7986.7;1.933
7987.2;2.746
7987.7;2.757
7988.2;2.795
7988.7;1.784
7989.2;1.88
7989.7;2.791
7990.2;3.466
7990.7;3.463
7991.2;2.127
7991.7;1.908
7992.2;2.821
7992.7;3.162
7993.2;4.219
7993.7;1.785
7994.2;1.543
7994.7;1.704
7995.2;3.406
7995.7;4.411
7996.2;1.645
7996.7;1.348
7997.2;2.007
7997.7;3.522
7998.2;3.409
7998.7;1.46
7999.2;1.468
7999.7;1.15
8000.2;3.4
8000.7;2.23
8001.2;1.162
8001.7;1.583
8002.2;0.786
8002.7;2.466
8003.2;2.512
8003.7;2.316
8004.2;1.586
8004.7;0.673
8005.2;1.766
8005.7;1.911
8006.2;1.636
8006.7;1.075
8007.2;0.333
8007.7;0.901
8008.2;0.563
8008.7;1.68
8009.2;1.545
8009.7;0.719
8010.2;0.824
8010.7;0.965
8011.2;1.413
8011.7;0.952
8012.2;0.376
8012.7;0.404
8013.2;0.724
8013.7;1.557
8014.2;0.366
8014.7;1.079
8015.2;1.483
8015.7;1.323
8016.2;1.576
8016.7;0.557
8017.2;0.48
8017.7;0.326
8018.2;1.096
8018.7;0.569
8019.2;0.391
8019.7;0.779
8020.2;0.399
8020.7;1.053
8021.2;0.709
8021.7;0.657
8022.2;1.33
8022.7;0.621
8023.2;0.767
8023.7;0.551
8024.2;1.011
8024.7;0.784
8025.2;0.802
8025.7;0.489
8026.2;0.213
8026.7;0.951
8027.2;0.115
8027.7;1.03
8028.2;0.828
8028.7;0.534
8029.2;0.427
8029.7;0.465
8030.2;0.199
8030.7;0.671
8031.2;1.005
8031.7;0.49
8032.2;0.687
8032.7;0.136
8033.2;0.905
8033.7;0.497
8034.2;0.592
8034.7;0.866
8035.2;0.213
8035.7;1.618
8036.2;0.723
8036.7;0.853
8037.2;1.714
8037.7;1.248
8038.2;1.604
8038.7;0.928
8039.2;0.21
8039.7;0.875
8040.2;1.248
8040.7;0.441
8041.2;0.592
8041.7;1.173
8042.2;0.804
8042.7;1.45
8043.2;0.767
8043.7;0.88
8044.2;1.595
8044.7;1.272
8045.2;1.935
8045.7;0.439
8046.2;0.127
8046.7;1.197
8047.2;1.336
8047.7;1.171
8048.2;0.768
8048.7;0.523
8049.2;0.904
8049.7;1.519
8050.2;0.252
8050.7;0.538
8051.2;1.756
8051.7;0.912
8052.2;1.202
8052.7;0.278
8053.2;0.378
8053.7;0.597
8054.2;1.037
8054.7;0.618
8055.2;0.344
8055.7;0.598
8056.2;0.934
8056.7;0.554
8057.2;0.497
8057.7;0.442
8058.2;0.757
8058.7;0.704
8059.2;0.717
8059.7;0.52
8060.2;0.125
8060.7;0.829
8061.2;0.516
8061.7;0.845
8062.2;0.428
8062.7;0.301
8063.2;1.036
8063.7;0.479
8064.2;0.443
8064.7;1.245
8065.2;0.214
8065.7;0.818
8066.2;0.414
8066.7;0.534
8067.2;0.732
8067.7;0.648
8068.2;0.55
8068.7;0.991
8069.2;0.684
8069.7;0.387
8070.2;0.28
8070.7;0.524
8071.2;0.478
8071.7;0.409
8072.2;0.799
8072.7;0.151
8073.2;0.535
8073.7;0.554
8074.2;0.921
8074.7;0.733
8075.2;0.305
8075.7;0.739
8076.2;0.213
8076.7;0.924
8077.2;0.455
8077.7;0.573
8078.2;1.107
8078.7;0.255
8079.2;0.285
8079.7;0.953
8080.2;0.932
8080.7;1.434
8081.2;0.401
8081.7;0.611
8082.2;0.289
8082.7;1.036
8083.2;1.207
8083.7;0.638
8084.2;0.685
8084.7;0.604
8085.2;1.317
8085.7;1.821
8086.2;0.999
8086.7;0.859
8087.2;0.239
8087.7;1.49
8088.2;1.818
8088.7;1.334
8089.2;1.033
8089.7;0.641
8090.2;1.682
8090.7;1.728
8091.2;1.7
8091.7;0.778
8092.2;0.314
8092.7;1.29
8093.2;1.22
8093.7;1.782
8094.2;1.594
8094.7;1.247
8095.2;0.697
8095.7;0.932
8096.2;1.019
8096.7;0.82
8097.2;1.312
8097.7;0.5
8098.2;1.382
8098.7;0.888
8099.2;0.986
8099.7;0.716
8100.2;0.751
8100.7;0.79
8101.2;1.274
8101.7;0.899
8102.2;0.794
8102.7;0.47
8103.2;0.703
8103.7;0.278
8104.2;0.61
8104.7;0.949
8105.2;0.639
8105.7;0.325
8106.2;0.379
8106.7;1.105
8107.2;0.977
8107.7;0.603
8108.2;0.358
8108.7;0.947
8109.2;0.414
8109.7;1.321
8110.2;0.62
8110.7;0.257
8111.2;0.341
8111.7;1.165
8112.2;0.417
8112.7;0.803
8113.2;0.49
8113.7;0.848
8114.2;0.946
8114.7;0.726
8115.2;0.32
8115.7;0.365
8116.2;1.205
8116.7;0.783
8117.2;0.683
8117.7;0.499
8118.2;0.584
8118.7;1.582
8119.2;0.841
8119.7;0.663
8120.2;0.688
8120.7;0.926
8121.2;1.088
8121.7;0.56
8122.2;0.577
8122.7;0.491
8123.2;1.003
8123.7;0.211
8124.2;0.598
8124.7;0.909
8125.2;0.455
8125.7;0.152
8126.2;0.578
8126.7;0.606
8127.2;0.753
8127.7;1.025
8128.2;0.314
8128.7;0.066
8129.2;0.308
8129.7;1.116
8130.2;0.757
8130.7;0.221
8131.2;0.396
8131.7;0.356
8132.2;0.706
8132.7;0.157
8133.2;0.513
8133.7;0.436
8134.2;0.944
8134.7;0.485
8135.2;0.584
8135.7;0.558
8136.2;0.415
8136.7;0.414
8137.2;0.396
8137.7;0.577
8138.2;0.856
8138.7;0.233
8139.2;0.658
8139.7;0.604
8140.2;0.544
8140.7;0.744
8141.2;0.735
8141.7;0.572
8142.2;0.406
8142.7;1.382
8143.2;0.6
8143.7;0.689
8144.2;0.667
8144.7;1.117
8145.2;0.255
8145.7;0.961
8146.2;0.843
8146.7;0.282
8147.2;0.749
8147.7;0.832
8148.2;0.593
8148.7;0.399
8149.2;0.783
8149.7;0.158
8150.2;0.291
8150.7;0.612
8151.2;0.185
8151.7;0.357
8152.2;0.575
8152.7;0.739
8153.2;0.469
8153.7;0.318
8154.2;1.31
8154.7;0.712
8155.2;0.34
8155.7;0.851
8156.2;0.574
8156.7;0.67
8157.2;0.423
8157.7;0.922
8158.2;0.975
8158.7;0.985
8159.2;0.708
8159.7;0.963
8160.2;0.835
8160.7;0.695
8161.2;0.768
8161.7;1.676
8162.2;1.338
8162.7;1.281
8163.2;1.818
8163.7;1.159
8164.2;1.089
8164.7;1.322
8165.2;1.116
8165.7;1.339
8166.2;2.106
8166.7;2.153
8167.2;0.959
8167.7;1.188
8168.2;2.178
8168.7;1.636
8169.2;1.381
8169.7;1.943
8170.2;2.514
8170.7;1.355
8171.2;1.759
8171.7;2.245
8172.2;1.144
8172.7;0.642
8173.2;1.61
8173.7;2.52
8174.2;0.926
8174.7;1.212
8175.2;1.61
8175.7;1.611
8176.2;0.278
8176.7;2.079
8177.2;0.9
8177.7;1.187
8178.2;0.835
8178.7;1.669
8179.2;0.544
8179.7;0.935
8180.2;1.226
8180.7;0.714
8181.2;0.94
8181.7;1.071
8182.2;1.426
8182.7;0.529
8183.2;1.18
8183.7;0.564
8184.2;1.802
8184.7;0.466
8185.2;1.731
8185.7;0.745
8186.2;0.815
8186.7;0.105
8187.2;1.175
8187.7;1.141
8188.2;1.021
8188.7;0.777
8189.2;1.203
8189.7;1.015
8190.2;1.722
8190.7;1.396
8191.2;1.526
8191.7;1.021
8192.2;1.327
8192.7;1.988
8193.2;0.457
8193.7;0.763
8194.2;0.701
8194.7;1.659
8195.2;1.041
8195.7;1.198
8196.2;0.587
8196.7;1.179
8197.2;1.311
8197.7;2.241
8198.2;0.875
8198.7;1.099
8199.2;0.469
8199.7;2.301
8200.2;1.881
8200.7;1.459
8201.2;1.003
8201.7;1.232
8202.2;1.733
8202.7;1.721
8203.2;1.645
8203.7;0.975
8204.2;0.575
8204.7;1.234
8205.2;2.588
8205.7;1.846
8206.2;1.674
8206.7;0.908
8207.2;1.085
8207.7;1.716
8208.2;2.549
8208.7;2.467
8209.2;0.876
8209.7;0.148
8210.2;2.345
8210.7;3.289
8211.2;2.71
8211.7;1.982
8212.2;1.192
8212.7;1.694
8213.2;2.385
8213.7;3.068
8214.2;1.641
8214.7;0.537
8215.2;1.878
8215.7;3.408
8216.2;2.91
8216.7;2.931
8217.2;1.293
8217.7;2.01
8218.2;2.485
8218.7;2.955
8219.2;2.284
8219.7;0.957
8220.2;1.376
8220.7;2.863
8221.2;2.722
8221.7;2.829
8222.2;2.37
8222.7;0.482
8223.2;1.763
8223.7;3.745
8224.2;2.769
8224.7;1.471
8225.2;1.479
8225.7;2.147
8226.2;3.046
8226.7;1.621
8227.2;2.062
8227.7;1.264
8228.2;0.429
8228.7;2.007
8229.2;3.001
8229.7;3.385
8230.2;2.219
8230.7;0.272
8231.2;1.101
8231.7;1.611
8232.2;3.301
8232.7;1.19
8233.2;0.891
8233.7;0.133
8234.2;1.724
8234.7;3.082
8235.2;2.394
8235.7;1.136
8236.2;0.245
8236.7;1.692
8237.2;2.903
8237.7;1.531
8238.2;1.548
8238.7;1.116
8239.2;1.885
8239.7;1.601
8240.2;1.12
8240.7;2.057
8241.2;0.952
8241.7;1.481
8242.2;1.309
8242.7;2.391
8243.2;2.572
8243.7;1.864
8244.2;1.004
8244.7;0.556
8245.2;1.541
8245.7;2.5
8246.2;1.033
8246.7;0.682
8247.2;0.753
8247.7;1.736
8248.2;2.431
8248.7;1.918
8249.2;1.227
8249.7;0.15
8250.2;1.209
8250.7;1.737
8251.2;1.716
8251.7;0.965
8252.2;0.273
8252.7;1.005
8253.2;1.311
8253.7;1.042
8254.2;0.448
8254.7;0.429
8255.2;1.057
8255.7;1.247
8256.2;0.876
8256.7;0.584
8257.2;0.537
8257.7;0.938
8258.2;1.173
8258.7;0.825
8259.2;0.381
8259.7;0.41
8260.2;0.955
8260.7;1.206
8261.2;1.175
8261.7;0.439
8262.2;0.869
8262.7;1.631
8263.2;1.021
8263.7;1.114
8264.2;1.169
8264.7;0.331
8265.2;1.701
8265.7;1.05
8266.2;0.791
8266.7;0.243
8267.2;0.885
8267.7;0.665
8268.2;0.787
8268.7;0.686
8269.2;0.253
8269.7;1.122
8270.2;0.549
8270.7;1.096
8271.2;1.429
8271.7;0.933
8272.2;0.098
8272.7;0.317
8273.2;0.3
8273.7;0.939
8274.2;0.985
8274.7;0.449
8275.2;1.37
8275.7;1.623
8276.2;1.409
8276.7;0.837
8277.2;0.287
8277.7;0.242
8278.2;1.339
8278.7;1.0
8279.2;0.774
8279.7;0.674
8280.2;1.314
8280.7;0.625
8281.2;0.731
8281.7;0.379
8282.2;0.469
8282.7;0.722
8283.2;1.356
8283.7;1.388
8284.2;1.113
8284.7;1.136
8285.2;0.201
8285.7;0.518
8286.2;0.169
8286.7;0.849
8287.2;0.225
8287.7;0.624
8288.2;0.41
8288.7;0.209
8289.2;0.751
8289.7;0.581
8290.2;1.637
8290.7;1.325
8291.2;0.961
8291.7;1.087
8292.2;0.283
8292.7;0.233
8293.2;0.332
8293.7;0.782
8294.2;0.548
8294.7;0.899
8295.2;0.508
8295.7;0.658
8296.2;0.875
8296.7;0.733
8297.2;1.562
8297.7;1.593
8298.2;1.855
8298.7;1.431
8299.2;0.309
8299.7;0.205
8300.2;0.757
8300.7;0.447
8301.2;0.682
8301.7;1.761
8302.2;1.655
8302.7;1.398
8303.2;0.962
8303.7;0.652
8304.2;0.725
8304.7;0.497
8305.2;1.151
8305.7;0.549
8306.2;0.422
8306.7;0.161
8307.2;0.227
8307.7;1.057
8308.2;1.329
8308.7;1.737
8309.2;1.201
8309.7;0.965
8310.2;0.922
8310.7;0.175
8311.2;0.979
8311.7;1.46
8312.2;1.821
8312.7;0.881
8313.2;0.332
8313.7;0.879
8314.2;0.651
8314.7;0.612
8315.2;0.904
8315.7;0.964
8316.2;0.768
8316.7;0.356
8317.2;0.429
8317.7;0.886
8318.2;0.816
8318.7;0.667
8319.2;0.697
8319.7;0.521
8320.2;0.643
8320.7;0.525
8321.2;0.673
8321.7;1.104
8322.2;1.237
8322.7;1.071
8323.2;0.524
8323.7;0.733
8324.2;0.722
8324.7;0.08
8325.2;0.43
8325.7;1.169
8326.2;1.05
8326.7;0.119
8327.2;0.825
8327.7;1.374
8328.2;0.808
8328.7;0.985
8329.2;1.098
8329.7;1.015
8330.2;0.31
8330.7;0.135
8331.2;0.462
8331.7;0.855
8332.2;0.504
8332.7;0.184
8333.2;0.347
8333.7;0.64
8334.2;1.017
8334.7;0.762
8335.2;0.503
8335.7;0.588
8336.2;0.031
8336.7;0.523
8337.2;0.183
8337.7;0.431
8338.2;0.144
8338.7;0.392
8339.2;0.207
8339.7;0.921
8340.2;0.57
8340.7;0.096
8341.2;0.548
8341.7;0.254
8342.2;0.419
8342.7;0.354
8343.2;0.176
8343.7;0.706
8344.2;0.119
8344.7;0.123
8345.2;0.211
8345.7;0.789
8346.2;0.668
8346.7;0.463
8347.2;0.281
8347.7;0.29
8348.2;0.369
8348.7;0.974
8349.2;0.373
8349.7;0.497
8350.2;0.374
8350.7;0.357
8351.2;0.699
8351.7;0.383
8352.2;0.385
8352.7;0.664
8353.2;0.814
8353.7;0.833
8354.2;0.655
8354.7;0.421
8355.2;0.827
8355.7;1.172
8356.2;0.368
8356.7;0.106
8357.2;0.815
8357.7;0.824
8358.2;0.461
8358.7;0.336
8359.2;0.401
8359.7;1.089
8360.2;0.458
8360.7;0.693
8361.2;0.943
8361.7;0.687
8362.2;0.611
8362.7;0.886
8363.2;0.224
8363.7;0.126
8364.2;1.379
8364.7;0.326
8365.2;0.3
8365.7;0.469
8366.2;0.715
8366.7;0.748
8367.2;0.114
8367.7;1.419
8368.2;0.102
8368.7;0.81
8369.2;1.317
8369.7;0.387
8370.2;0.82
8370.7;0.193
8371.2;1.17
8371.7;0.863
8372.2;0.376
8372.7;0.593
8373.2;0.358
8373.7;1.29
8374.2;0.855
8374.7;0.74
8375.2;0.731
8375.7;0.395
8376.2;1.282
8376.7;0.638
8377.2;0.987
8377.7;1.386
8378.2;0.379
8378.7;0.639
8379.2;0.301
8379.7;1.33
8380.2;1.441
8380.7;1.117
8381.2;1.29
8381.7;0.347
8382.2;1.434
8382.7;1.291
8383.2;1.544
8383.7;0.557
8384.2;0.231
8384.7;1.616
8385.2;0.403
8385.7;0.418
8386.2;1.051
8386.7;1.094
8387.2;1.229
8387.7;0.519
8388.2;0.847
8388.7;0.277
8389.2;0.416
8389.7;0.705
8390.2;0.728
8390.7;0.414
8391.2;1.223
8391.7;0.249
8392.2;0.271
8392.7;0.087
8393.2;0.955
8393.7;0.829
8394.2;0.065
8394.7;0.493
8395.2;0.302
8395.7;0.482
8396.2;0.543
8396.7;0.393
8397.2;0.602
8397.7;0.228
8398.2;0.132
8398.7;0.327
8399.2;0.252
8399.7;0.814
8400.2;0.478
8400.7;0.427
8401.2;0.17
8401.7;0.915
8402.2;1.287
8402.7;0.578
8403.2;0.351
8403.7;0.389
8404.2;1.327
8404.7;0.512
8405.2;0.309
8405.7;1.144
8406.2;0.24
8406.7;0.428
8407.2;0.596
8407.7;0.701
8408.2;0.506
8408.7;0.762
8409.2;0.524
8409.7;0.489
8410.2;0.626
8410.7;0.797
8411.2;0.422
8411.7;0.208
8412.2;0.679
8412.7;0.882
8413.2;0.524
8413.7;0.432
8414.2;0.886
8414.7;1.376
8415.2;0.87
8415.7;0.958
8416.2;0.738
8416.7;0.961
8417.2;1.683
8417.7;1.24
8418.2;1.388
8418.7;2.195
8419.2;2.153
8419.7;2.011
8420.2;1.906
8420.7;2.32
8421.2;1.315
8421.7;1.321
8422.2;1.887
8422.7;1.59
8423.2;0.974
8423.7;1.122
8424.2;1.631
8424.7;1.41
8425.2;1.3
8425.7;2.241
8426.2;2.231
8426.7;2.007
8427.2;2.238
8427.7;2.662
8428.2;3.098
8428.7;2.61
8429.2;2.796
8429.7;2.814
8430.2;2.08
8430.7;1.28
8431.2;1.392
8431.7;1.897
8432.2;1.295
8432.7;1.146
8433.2;0.811
8433.7;0.846
8434.2;0.411
8434.7;0.291
8435.2;0.57
8435.7;0.478
8436.2;0.601
8436.7;0.657
8437.2;0.678
8437.7;1.042
8438.2;1.146
8438.7;0.75
8439.2;0.534
8439.7;0.731
8440.2;1.213
8440.7;0.807
8441.2;0.351
8441.7;0.306
8442.2;0.631
8442.7;0.589
8443.2;0.785
8443.7;1.006
8444.2;0.865
8444.7;0.582
8445.2;0.311
8445.7;0.401
8446.2;0.066
8446.7;0.39
8447.2;0.685
8447.7;1.15
8448.2;1.45
8448.7;0.688
8449.2;0.453
8449.7;0.794
8450.2;0.769
8450.7;1.242
8451.2;1.236
8451.7;1.352
8452.2;0.626
8452.7;0.383
8453.2;0.815
8453.7;0.363
8454.2;0.136
8454.7;0.088
8455.2;1.28
8455.7;0.899
8456.2;0.402
8456.7;0.534
8457.2;0.633
8457.7;0.964
8458.2;1.169
8458.7;0.255
8459.2;0.734
8459.7;1.161
8460.2;1.145
8460.7;1.047
8461.2;1.415
8461.7;1.775
8462.2;0.809
8462.7;0.519
8463.2;0.914
8463.7;0.569
8464.2;1.376
8464.7;1.605
8465.2;1.497
8465.7;0.787
8466.2;1.134
8466.7;1.482
8467.2;0.564
8467.7;0.411
8468.2;0.737
8468.7;1.464
8469.2;1.595
8469.7;0.933
8470.2;0.835
8470.7;1.216
8471.2;1.644
8471.7;2.418
8472.2;1.479
8472.7;0.971
8473.2;1.754
8473.7;2.141
8474.2;1.837
8474.7;1.917
8475.2;2.306
8475.7;1.894
8476.2;1.485
8476.7;1.5
8477.2;1.345
8477.7;1.156
8478.2;1.133
8478.7;1.014
8479.2;1.597
8479.7;1.44
8480.2;0.568
8480.7;0.028
8481.2;0.373
8481.7;1.209
8482.2;1.121
8482.7;0.509
8483.2;0.338
8483.7;0.177
8484.2;0.528
8484.7;0.085
8485.2;0.795
8485.7;0.909
8486.2;0.533
8486.7;1.043
8487.2;0.798
8487.7;0.534
8488.2;0.433
8488.7;0.107
8489.2;0.495
8489.7;0.673
8490.2;0.635
8490.7;0.47
8491.2;0.841
8491.7;0.237
8492.2;0.541
8492.7;0.985
8493.2;0.313
8493.7;0.512
8494.2;0.283
8494.7;0.677
8495.2;0.156
8495.7;0.812
8496.2;0.64
8496.7;0.28
8497.2;0.693
8497.7;0.444
8498.2;0.323
8498.7;0.495
8499.2;0.525
8499.7;0.531
8500.2;0.773
8500.7;0.823
8501.2;0.642
8501.7;0.634
8502.2;0.558
8502.7;0.381
8503.2;0.758
8503.7;0.834
8504.2;0.256
8504.7;0.833
8505.2;0.424
8505.7;0.418
8506.2;1.087
8506.7;0.61
8507.2;0.558
8507.7;0.803
8508.2;1.009
8508.7;0.052
8509.2;0.819
8509.7;0.129
8510.2;0.056
8510.7;0.775
8511.2;1.28
8511.7;0.56
8512.2;1.266
8512.7;0.573
8513.2;0.155
8513.7;0.931
8514.2;0.439
8514.7;0.794
8515.2;0.523
8515.7;0.433
8516.2;0.291
8516.7;0.208
8517.2;0.121
8517.7;0.397
8518.2;1.231
8518.7;1.339
8519.2;1.016
8519.7;1.386
8520.2;1.082
8520.7;1.023
8521.2;1.687
8521.7;1.073
8522.2;0.981
8522.7;1.256
8523.2;1.285
8523.7;0.895
8524.2;1.414
8524.7;0.983
8525.2;1.367
8525.7;2.203
8526.2;1.437
8526.7;1.365
8527.2;1.618
8527.7;1.102
8528.2;1.194
8528.7;1.746
8529.2;1.356
8529.7;1.434
8530.2;1.812
8530.7;1.334
8531.2;1.836
8531.7;2.042
8532.2;1.495
8532.7;2.15
8533.2;1.902
8533.7;1.6
8534.2;1.186
8534.7;1.254
8535.2;0.794
8535.7;1.536
8536.2;2.045
8536.7;1.524
8537.2;2.954
8537.7;2.301
8538.2;2.112
8538.7;2.687
8539.2;2.08
8539.7;1.462
8540.2;2.014
8540.7;1.296
8541.2;0.921
8541.7;1.565
8542.2;1.528
8542.7;1.111
8543.2;1.575
8543.7;1.502
8544.2;1.058
8544.7;2.282
8545.2;1.936
8545.7;1.706
8546.2;2.29
8546.7;1.557
8547.2;1.625
8547.7;2.012
8548.2;1.538
8548.7;1.241
8549.2;1.728
8549.7;1.481
8550.2;1.632
8550.7;2.394
8551.2;2.514
8551.7;2.51
8552.2;2.925
8552.7;2.03
8553.2;1.874
8553.7;1.942
8554.2;1.388
8554.7;1.639
8555.2;2.446
8555.7;1.365
8556.2;1.894
8556.7;2.094
8557.2;1.487
8557.7;2.18
8558.2;2.331
8558.7;1.598
8559.2;1.877
8559.7;1.875
8560.2;1.541
8560.7;1.667
8561.2;2.051
8561.7;1.156
8562.2;1.512
8562.7;1.645
8563.2;0.67
8563.7;1.944
8564.2;1.644
8564.7;1.154
8565.2;1.91
8565.7;1.779
8566.2;2.046
8566.7;2.105
8567.2;1.328
8567.7;0.666
8568.2;1.072
8568.7;0.536
8569.2;0.488
8569.7;1.027
8570.2;1.293
8570.7;0.489
8571.2;1.365
8571.7;1.261
8572.2;0.159
8572.7;1.195
8573.2;0.512
8573.7;0.839
8574.2;1.192
8574.7;0.668
8575.2;0.413
8575.7;0.398
8576.2;0.573
8576.7;0.889
8577.2;1.652
8577.7;1.282
8578.2;0.408
8578.7;0.569
8579.2;0.403
8579.7;0.461
8580.2;1.388
8580.7;1.257
8581.2;0.702
8581.7;0.601
8582.2;0.388
8582.7;0.795
8583.2;0.362
8583.7;0.79
8584.2;1.177
8584.7;1.479
8585.2;0.685
8585.7;0.822
8586.2;0.563
8586.7;0.244
8587.2;0.454
8587.7;0.861
8588.2;0.697
8588.7;0.324
8589.2;0.473
8589.7;0.564
8590.2;1.055
8590.7;1.922
8591.2;1.184
8591.7;0.61
8592.2;0.324
8592.7;0.694
8593.2;0.628
8593.7;0.958
8594.2;1.074
8594.7;1.033
8595.2;1.383
8595.7;0.17
8596.2;0.816
8596.7;0.899
8597.2;0.598
8597.7;0.86
8598.2;1.173
8598.7;0.246
8599.2;0.299
8599.7;1.092
8600.2;0.745
8600.7;1.509
8601.2;1.477
8601.7;0.553
8602.2;0.6
8602.7;0.531
8603.2;0.936
8603.7;0.692
8604.2;1.646
8604.7;1.078
8605.2;1.217
8605.7;0.858
8606.2;0.553
8606.7;0.95
8607.2;0.179
8607.7;0.396
8608.2;1.223
8608.7;1.202
8609.2;0.96
8609.7;0.578
8610.2;0.239
8610.7;0.711
8611.2;0.84
8611.7;0.837
8612.2;0.915
8612.7;1.305
8613.2;0.317
8613.7;1.023
8614.2;0.561
8614.7;0.813
8615.2;0.413
8615.7;1.32
8616.2;0.487
8616.7;0.802
8617.2;0.552
8617.7;0.956
8618.2;0.52
8618.7;0.855
8619.2;0.573
8619.7;0.632
8620.2;0.868
8620.7;0.025
8621.2;0.458
8621.7;0.591
8622.2;1.013
8622.7;0.347
8623.2;0.242
8623.7;0.741
8624.2;1.047
8624.7;0.514
8625.2;0.29
8625.7;0.845
8626.2;0.824
8626.7;1.041
8627.2;1.006
8627.7;1.161
8628.2;0.739
8628.7;1.066
8629.2;1.292
8629.7;0.969
8630.2;1.141
8630.7;0.989
8631.2;1.789
8631.7;1.695
8632.2;0.988
8632.7;0.858
8633.2;0.3
8633.7;1.768
8634.2;1.469
8634.7;0.991
8635.2;0.621
8635.7;0.614
8636.2;0.938
8636.7;1.144
8637.2;1.352
8637.7;0.905
8638.2;0.73
8638.7;1.17
8639.2;0.573
8639.7;1.308
8640.2;1.799
8640.7;0.931
8641.2;0.674
8641.7;1.458
8642.2;1.899
8642.7;0.395
8643.2;0.666
8643.7;2.001
8644.2;1.567
8644.7;0.496
8645.2;0.957
8645.7;1.381
8646.2;0.363
8646.7;0.636
8647.2;2.163
8647.7;0.783
8648.2;0.474
8648.7;1.045
8649.2;1.558
8649.7;0.78
8650.2;1.005
8650.7;0.955
8651.2;0.939
8651.7;0.635
8652.2;1.585
8652.7;0.66
8653.2;0.058
8653.7;1.141
8654.2;1.204
8654.7;0.827
8655.2;0.765
8655.7;1.236
8656.2;0.59
8656.7;0.224
8657.2;0.443
8657.7;0.812
8658.2;0.586
8658.7;0.586
8659.2;0.725
8659.7;0.754
8660.2;1.079
8660.7;1.071
8661.2;0.57
8661.7;0.255
8662.2;1.156
8662.7;1.37
8663.2;0.739
8663.7;0.468
8664.2;0.469
8664.7;0.692
8665.2;0.341
8665.7;0.84
8666.2;0.899
8666.7;0.642
8667.2;0.148
8667.7;0.954
8668.2;0.722
8668.7;0.138
8669.2;0.597
8669.7;1.056
8670.2;0.616
8670.7;0.245
8671.2;0.542
8671.7;0.477
8672.2;1.051
8672.7;0.287
8673.2;0.343
8673.7;0.361
8674.2;0.601
8674.7;0.364
8675.2;0.62
8675.7;0.639
8676.2;0.277
8676.7;0.305
8677.2;0.601
8677.7;0.388
8678.2;0.438
8678.7;0.335
8679.2;0.977
8679.7;0.629
8680.2;0.558
8680.7;0.599
8681.2;0.608
8681.7;0.527
8682.2;0.812
8682.7;0.891
8683.2;0.53
8683.7;0.424
8684.2;0.621
8684.7;0.672
8685.2;0.386
8685.7;0.577
8686.2;0.621
8686.7;0.334
8687.2;0.378
8687.7;0.59
8688.2;0.201
8688.7;0.153
8689.2;0.512
8689.7;1.11
8690.2;0.457
8690.7;0.223
8691.2;0.626
8691.7;0.25
8692.2;0.505
8692.7;0.312
8693.2;0.407
8693.7;0.298
8694.2;0.282
8694.7;0.511
8695.2;0.039
8695.7;0.199
8696.2;0.72
8696.7;0.344
8697.2;0.594
8697.7;0.276
8698.2;0.293
8698.7;0.504
8699.2;0.595
8699.7;0.456
8700.2;0.539
8700.7;0.412
8701.2;0.125
8701.7;0.572
8702.2;0.593
8702.7;0.22
8703.2;0.547
8703.7;0.346
8704.2;0.2
8704.7;0.304
8705.2;0.448
8705.7;0.597
8706.2;0.149
8706.7;0.264
8707.2;0.733
8707.7;0.491
8708.2;0.984
8708.7;0.44
8709.2;0.093
8709.7;0.484
8710.2;0.369
8710.7;0.343
8711.2;0.401
8711.7;1.042
8712.2;0.216
8712.7;0.22
8713.2;0.249
8713.7;0.456
8714.2;0.862
8714.7;0.422
8715.2;0.47
8715.7;0.204
8716.2;0.269
8716.7;0.87
8717.2;0.299
8717.7;0.304
8718.2;0.357
8718.7;1.132
8719.2;0.514
8719.7;0.365
8720.2;0.674
8720.7;0.394
8721.2;0.226
8721.7;0.67
8722.2;0.85
8722.7;0.535
8723.2;0.893
8723.7;0.67
8724.2;0.462
8724.7;0.206
8725.2;0.938
8725.7;0.288
8726.2;0.607
8726.7;0.395
8727.2;0.523
8727.7;0.537
8728.2;0.58
8728.7;0.934
8729.2;0.325
8729.7;0.456
8730.2;1.328
8730.7;0.525
8731.2;0.24
8731.7;0.457
8732.2;0.93
8732.7;0.531
8733.2;0.439
8733.7;0.592
8734.2;0.139
8734.7;0.254
8735.2;0.71
8735.7;0.524
8736.2;0.014
8736.7;1.028
8737.2;0.886
8737.7;0.441
8738.2;0.277
8738.7;1.495
8739.2;0.789
8739.7;0.467
8740.2;0.357
8740.7;0.826
8741.2;0.683
8741.7;0.557
8742.2;1.317
8742.7;0.464
8743.2;0.455
8743.7;0.731
8744.2;0.796
8744.7;0.472
8745.2;0.722
8745.7;0.406
8746.2;0.935
8746.7;0.071
8747.2;0.258
8747.7;0.544
8748.2;0.303
8748.7;0.114
8749.2;0.394
8749.7;0.514
8750.2;0.536
8750.7;0.36
8751.2;0.116
8751.7;0.51
8752.2;0.163
8752.7;0.668
8753.2;1.115
8753.7;0.799
8754.2;0.455
8754.7;0.263
8755.2;0.692
8755.7;0.63
8756.2;0.804
8756.7;0.624
8757.2;0.71
8757.7;0.786
8758.2;0.166
8758.7;0.345
8759.2;0.38
8759.7;0.302
8760.2;0.365
8760.7;0.526
8761.2;0.524
8761.7;0.174
8762.2;0.442
8762.7;0.642
8763.2;0.789
8763.7;0.67
8764.2;0.05
8764.7;0.571
8765.2;0.681
8765.7;0.438
8766.2;0.351
8766.7;0.654
8767.2;0.147
8767.7;0.77
8768.2;1.314
8768.7;0.916
8769.2;1.349
8769.7;0.576
8770.2;0.1
8770.7;0.435
8771.2;0.811
8771.7;0.646
8772.2;0.774
8772.7;0.735
8773.2;0.413
8773.7;0.75
8774.2;0.708
8774.7;1.398
8775.2;1.737
8775.7;1.22
8776.2;0.619
8776.7;0.73
8777.2;0.441
8777.7;0.506
8778.2;1.207
8778.7;1.164
8779.2;0.925
8779.7;0.789
8780.2;0.193
8780.7;0.686
8781.2;1.304
8781.7;1.85
8782.2;0.983
8782.7;0.698
8783.2;0.598
8783.7;0.575
8784.2;1.118
8784.7;0.826
8785.2;0.998
8785.7;1.106
8786.2;0.826
8786.7;0.204
8787.2;0.868
8787.7;1.36
8788.2;1.464
8788.7;1.174
8789.2;0.578
8789.7;0.163
8790.2;0.608
8790.7;0.696
8791.2;0.63
8791.7;1.272
8792.2;0.852
8792.7;0.639
8793.2;0.78
8793.7;0.148
8794.2;0.944
8794.7;1.55
8795.2;1.056
8795.7;1.095
8796.2;0.331
8796.7;0.108
8797.2;0.368
8797.7;0.797
8798.2;1.357
8798.7;1.528
8799.2;1.613
8799.7;1.014
8800.2;0.557
8800.7;1.104
8801.2;1.046
8801.7;0.944
8802.2;1.536
8802.7;1.315
8803.2;0.929
8803.7;1.571
8804.2;1.352
8804.7;1.575
8805.2;1.541
8805.7;1.621
8806.2;1.078
8806.7;1.253
8807.2;1.463
8807.7;1.613
8808.2;2.209
8808.7;1.376
8809.2;0.867
8809.7;0.782
8810.2;1.016
8810.7;0.579
8811.2;1.506
8811.7;0.934
8812.2;0.897
8812.7;1.098
8813.2;1.275
8813.7;1.577
8814.2;1.309
8814.7;0.97
8815.2;0.312
8815.7;0.358
8816.2;0.326
8816.7;0.622
8817.2;1.443
8817.7;1.524
8818.2;1.36
8818.7;1.273
8819.2;0.783
8819.7;0.224
8820.2;0.614
8820.7;0.329
8821.2;1.181
8821.7;0.941
8822.2;1.544
8822.7;1.675
8823.2;1.444
8823.7;1.475
8824.2;0.954
8824.7;1.012
8825.2;0.635
8825.7;1.06
8826.2;1.686
8826.7;1.49
8827.2;1.989
8827.7;2.005
8828.2;1.743
8828.7;1.45
8829.2;0.577
8829.7;0.768
8830.2;0.577
8830.7;0.881
8831.2;1.04
8831.7;1.642
8832.2;1.644
8832.7;2.095
8833.2;1.409
8833.7;1.877
8834.2;1.553
8834.7;1.556
8835.2;1.588
8835.7;0.663
8836.2;1.476
8836.7;0.903
8837.2;1.432
8837.7;1.329
8838.2;1.453
8838.7;1.49
8839.2;0.785
8839.7;1.367
8840.2;0.939
8840.7;1.161
8841.2;1.205
8841.7;1.605
8842.2;1.352
8842.7;1.195
8843.2;1.221
8843.7;0.52
8844.2;0.913
8844.7;0.608
8845.2;0.542
8845.7;0.717
8846.2;0.905
8846.7;0.619
8847.2;0.744
8847.7;1.092
8848.2;0.503
8848.7;0.941
8849.2;0.191
8849.7;0.328
8850.2;0.201
8850.7;0.686
8851.2;0.722
8851.7;0.828
8852.2;0.842
8852.7;0.596
8853.2;0.749
8853.7;0.473
8854.2;0.675
8854.7;0.427
8855.2;0.83
8855.7;0.395
8856.2;0.288
8856.7;0.307
8857.2;0.257
8857.7;0.989
8858.2;0.752
8858.7;0.922
8859.2;0.412
8859.7;0.214
8860.2;0.612
8860.7;0.407
8861.2;0.633
8861.7;0.383
8862.2;0.393
8862.7;0.632
8863.2;0.149
8863.7;0.531
8864.2;0.327
8864.7;0.564
8865.2;0.233
8865.7;0.516
8866.2;0.532
8866.7;0.391
8867.2;0.163
8867.7;0.155
8868.2;0.968
8868.7;0.375
8869.2;0.625
8869.7;0.393
8870.2;0.587
8870.7;0.569
8871.2;0.222
8871.7;0.314
8872.2;0.792
8872.7;0.486
8873.2;0.472
8873.7;0.602
8874.2;0.81
8874.7;0.893
8875.2;1.188
8875.7;0.947
8876.2;0.275
8876.7;1.214
8877.2;0.87
8877.7;0.848
8878.2;0.964
8878.7;1.324
8879.2;1.0
8879.7;0.603
8880.2;0.526
8880.7;1.488
8881.2;1.677
8881.7;0.893
8882.2;0.39
8882.7;0.661
8883.2;0.362
8883.7;0.369
8884.2;1.287
8884.7;0.483
8885.2;0.893
8885.7;1.158
8886.2;0.617
8886.7;0.441
8887.2;0.958
8887.7;0.837
8888.2;0.777
8888.7;1.397
8889.2;1.781
8889.7;1.171
8890.2;0.407
8890.7;0.982
8891.2;1.572
8891.7;1.477
8892.2;0.455
8892.7;0.725
8893.2;1.065
8893.7;1.324
8894.2;0.705
8894.7;0.682
8895.2;0.235
8895.7;0.95
8896.2;0.584
8896.7;0.649
8897.2;1.922
8897.7;1.876
8898.2;1.39
8898.7;0.983
8899.2;1.21
8899.7;0.82
8900.2;0.968
8900.7;2.245
8901.2;1.502
8901.7;0.387
8902.2;1.539
8902.7;2.476
8903.2;1.488
8903.7;1.76
8904.2;2.872
8904.7;2.952
8905.2;2.116
8905.7;2.21
8906.2;2.482
8906.7;1.536
8907.2;1.353
8907.7;2.898
8908.2;2.356
8908.7;1.575
8909.2;2.943
8909.7;2.668
8910.2;2.456
8910.7;3.786
8911.2;4.16
8911.7;3.226
8912.2;2.95
8912.7;4.424
8913.2;4.122
8913.7;3.016
8914.2;3.639
8914.7;4.376
8915.2;3.6
8915.7;2.49
8916.2;3.116
8916.7;2.894
8917.2;2.418
8917.7;2.409
8918.2;2.545
8918.7;2.466
8919.2;1.755
8919.7;1.706
8920.2;1.949
8920.7;1.847
8921.2;2.28
8921.7;2.314
8922.2;2.035
8922.7;1.887
8923.2;2.866
8923.7;3.406
8924.2;2.833
8924.7;2.289
8925.2;2.376
8925.7;2.344
8926.2;1.885
8926.7;1.863
8927.2;1.911
8927.7;1.213
8928.2;0.683
8928.7;0.9
8929.2;0.674
8929.7;0.553
8930.2;0.535
8930.7;0.036
8931.2;0.055
8931.7;0.868
8932.2;0.828
8932.7;0.694
8933.2;1.039
8933.7;1.548
8934.2;1.446
8934.7;0.949
8935.2;1.226
8935.7;1.345
8936.2;1.291
8936.7;0.434
8937.2;1.012
8937.7;0.85
8938.2;1.223
8938.7;0.575
8939.2;0.846
8939.7;0.711
8940.2;0.505
8940.7;0.335
8941.2;0.532
8941.7;0.903
8942.2;0.503
8942.7;0.628
8943.2;0.372
8943.7;0.696
8944.2;0.306
8944.7;0.789
8945.2;0.193
8945.7;0.184
8946.2;0.152
8946.7;0.503
8947.2;0.441
8947.7;0.227
8948.2;0.608
8948.7;0.706
8949.2;0.726
8949.7;0.407
8950.2;0.67
8950.7;0.374
8951.2;0.78
8951.7;0.747
8952.2;1.11
8952.7;1.135
8953.2;0.969
8953.7;0.995
8954.2;0.934
8954.7;1.27
8955.2;0.905
8955.7;0.735
8956.2;0.683
8956.7;0.22
8957.2;0.789
8957.7;0.495
8958.2;0.185
8958.7;0.686
8959.2;0.275
8959.7;0.73
8960.2;0.534
8960.7;0.462
8961.2;0.835
8961.7;0.178
8962.2;0.881
8962.7;0.063
8963.2;0.52
8963.7;0.839
8964.2;0.165
8964.7;0.585
8965.2;0.439
8965.7;0.1
8966.2;0.612
8966.7;0.073
8967.2;0.626
8967.7;0.503
8968.2;0.095
8968.7;0.623
8969.2;0.29
8969.7;0.595
8970.2;1.066
8970.7;0.264
8971.2;0.498
8971.7;0.47
8972.2;0.237
8972.7;0.782
8973.2;0.494
8973.7;0.4
8974.2;0.498
8974.7;0.335
8975.2;0.746
8975.7;0.149
8976.2;0.658
8976.7;0.178
8977.2;0.516
8977.7;0.224
8978.2;0.452
8978.7;0.25
8979.2;0.061
8979.7;0.295
8980.2;0.592
8980.7;0.098
8981.2;0.549
8981.7;0.474
8982.2;0.34
8982.7;0.54
8983.2;0.609
8983.7;0.384
8984.2;0.094
8984.7;0.163
8985.2;0.634
8985.7;0.813
8986.2;0.36
8986.7;0.188
8987.2;0.366
8987.7;0.597
8988.2;0.502
8988.7;0.277
8989.2;0.02
8989.7;0.2
8990.2;0.373
8990.7;0.438
8991.2;0.354
8991.7;0.054
8992.2;0.352
8992.7;0.04
8993.2;0.774
8993.7;0.574
8994.2;0.281
8994.7;0.372
8995.2;0.369
8995.7;0.641
8996.2;0.326
8996.7;0.339
8997.2;0.27
8997.7;0.153
8998.2;0.641
8998.7;0.119
8999.2;0.474
8999.7;0.659
9000.2;0.401
9000.7;1.026
9001.2;0.728
9001.7;0.577
9002.2;0.281
9002.7;0.444
9003.2;0.37
9003.7;1.238
9004.2;0.372
9004.7;0.344
9005.2;0.464
9005.7;0.57
9006.2;0.752
9006.7;0.456
9007.2;0.346
9007.7;0.296
9008.2;0.639
9008.7;0.023
9009.2;0.105
9009.7;0.724
9010.2;0.415
9010.7;0.64
9011.2;0.459
9011.7;0.413
9012.2;0.392
9012.7;0.555
9013.2;0.226
9013.7;0.741
9014.2;0.633
9014.7;0.239
9015.2;0.497
9015.7;0.348
9016.2;0.133
9016.7;0.172
9017.2;0.901
9017.7;0.323
9018.2;0.616
9018.7;0.327
9019.2;0.287
9019.7;0.81
9020.2;0.441
9020.7;0.465
9021.2;0.261
9021.7;0.421
9022.2;0.404
9022.7;0.187
9023.2;0.396
9023.7;0.469
9024.2;0.808
9024.7;0.368
9025.2;0.297
9025.7;0.266
9026.2;0.317
9026.7;0.212
9027.2;0.471
9027.7;0.357
9028.2;0.302
9028.7;0.503
9029.2;0.309
9029.7;0.464
9030.2;0.143
9030.7;0.587
9031.2;0.417
9031.7;0.092
9032.2;0.128
9032.7;0.576
9033.2;0.145
9033.7;0.527
9034.2;0.48
9034.7;0.604
9035.2;0.585
9035.7;0.239
9036.2;0.434
9036.7;0.352
9037.2;0.427
9037.7;0.122
9038.2;0.741
9038.7;0.323
9039.2;0.284
9039.7;0.097
9040.2;0.771
9040.7;0.35
9041.2;0.396
9041.7;0.661
9042.2;0.25
9042.7;0.365
9043.2;0.34
9043.7;0.486
9044.2;0.48
9044.7;0.663
9045.2;0.163
9045.7;0.351
9046.2;0.65
9046.7;0.274
9047.2;0.858
9047.7;0.059
9048.2;0.311
9048.7;0.25
9049.2;0.927
9049.7;0.49
9050.2;0.387
9050.7;0.531
9051.2;0.39
9051.7;0.723
9052.2;0.214
9052.7;0.286
9053.2;0.179
9053.7;0.27
9054.2;0.359
9054.7;0.515
9055.2;0.069
9055.7;0.424
9056.2;0.242
9056.7;0.978
9057.2;0.327
9057.7;0.628
9058.2;0.642
9058.7;0.561
9059.2;0.265
9059.7;0.411
9060.2;0.776
9060.7;0.366
9061.2;0.459
9061.7;0.33
9062.2;0.631
9062.7;0.816
9063.2;1.215
9063.7;0.489
9064.2;1.065
9064.7;0.505
9065.2;0.81
9065.7;0.358
9066.2;1.637
9066.7;0.612
9067.2;0.551
9067.7;0.229
9068.2;0.811
9068.7;1.617
9069.2;0.856
9069.7;0.581
9070.2;0.229
9070.7;0.409
9071.2;0.95
9071.7;0.461
9072.2;0.736
9072.7;0.444
9073.2;0.732
9073.7;1.342
9074.2;0.857
9074.7;0.87
9075.2;0.837
9075.7;1.36
9076.2;1.661
9076.7;1.053
9077.2;1.266
9077.7;0.323
9078.2;1.58
9078.7;0.751
9079.2;0.618
9079.7;1.767
9080.2;0.399
9080.7;1.65
9081.2;0.351
9081.7;0.453
9082.2;1.72
9082.7;0.754
9083.2;1.64
9083.7;0.722
9084.2;0.957
9084.7;1.06
9085.2;0.287
9085.7;0.616
9086.2;1.09
9086.7;2.4
9087.2;1.146
9087.7;0.883
9088.2;0.097
9088.7;0.593
9089.2;1.212
9089.7;1.337
9090.2;1.32
9090.7;1.071
9091.2;1.476
9091.7;0.177
9092.2;1.302
9092.7;0.781
9093.2;0.974
9093.7;0.981
9094.2;1.28
9094.7;0.501
9095.2;0.827
9095.7;1.987
9096.2;1.285
9096.7;2.265
9097.2;1.217
9097.7;0.474
9098.2;0.963
9098.7;0.638
9099.2;0.287
9099.7;1.157
9100.2;1.751
9100.7;0.733
9101.2;1.631
9101.7;0.647
9102.2;0.766
9102.7;1.268
9103.2;0.898
9103.7;1.149
9104.2;0.726
9104.7;0.849
9105.2;0.364
9105.7;0.798
9106.2;0.917
9106.7;1.067
9107.2;1.18
9107.7;1.185
9108.2;1.615
9108.7;1.579
9109.2;0.966
9109.7;0.883
9110.2;1.149
9110.7;0.919
9111.2;1.797
9111.7;1.554
9112.2;0.616
9112.7;0.39
9113.2;1.037
9113.7;1.209
9114.2;0.981
9114.7;1.693
9115.2;1.472
9115.7;1.102
9116.2;1.467
9116.7;0.371
9117.2;0.695
9117.7;0.992
9118.2;1.102
9118.7;1.182
9119.2;0.829
9119.7;1.677
9120.2;1.222
9120.7;1.071
9121.2;0.697
9121.7;1.617
9122.2;1.957
9122.7;1.523
9123.2;1.4
9123.7;0.981
9124.2;0.48
9124.7;1.063
9125.2;0.83
9125.7;0.591
9126.2;1.602
9126.7;1.731
9127.2;1.514
9127.7;0.663
9128.2;0.782
9128.7;1.507
9129.2;1.248
9129.7;1.375
9130.2;0.659
9130.7;0.644
9131.2;0.38
9131.7;1.072
9132.2;1.272
9132.7;0.329
9133.2;0.452
9133.7;1.116
9134.2;0.504
9134.7;0.083
9135.2;0.963
9135.7;1.13
9136.2;1.385
9136.7;0.708
9137.2;0.985
9137.7;0.729
9138.2;0.838
9138.7;0.986
9139.2;0.681
9139.7;0.315
9140.2;1.255
9140.7;2.024
9141.2;1.78
9141.7;1.129
9142.2;0.709
9142.7;0.306
9143.2;0.699
9143.7;1.445
9144.2;1.355
9144.7;1.445
9145.2;0.894
9145.7;1.531
9146.2;0.346
9146.7;0.429
9147.2;1.41
9147.7;1.816
9148.2;2.186
9148.7;1.394
9149.2;0.688
9149.7;0.535
9150.2;1.107
9150.7;1.689
9151.2;2.035
9151.7;1.343
9152.2;0.59
9152.7;0.84
9153.2;0.829
9153.7;0.481
9154.2;1.118
9154.7;1.243
9155.2;1.595
9155.7;1.469
9156.2;0.721
9156.7;0.497
9157.2;1.18
9157.7;1.283
9158.2;0.889
9158.7;0.752
9159.2;0.888
9159.7;0.706
9160.2;0.315
9160.7;0.607
9161.2;1.354
9161.7;1.202
9162.2;0.574
9162.7;1.075
9163.2;0.568
9163.7;0.724
9164.2;1.096
9164.7;0.86
9165.2;0.601
9165.7;0.667
9166.2;0.728
9166.7;0.252
9167.2;0.833
9167.7;0.655
9168.2;0.556
9168.7;0.638
9169.2;1.434
9169.7;1.177
9170.2;0.688
9170.7;0.074
9171.2;0.586
9171.7;0.302
9172.2;0.468
9172.7;1.058
9173.2;1.261
9173.7;0.873
9174.2;0.164
9174.7;0.66
9175.2;0.148
9175.7;0.337
9176.2;0.21
9176.7;0.656
9177.2;0.452
9177.7;0.195
9178.2;0.198
9178.7;0.203
9179.2;0.809
9179.7;1.111
9180.2;0.423
9180.7;0.457
9181.2;0.21
9181.7;0.47
9182.2;0.34
9182.7;0.201
9183.2;0.436
9183.7;0.93
9184.2;0.783
9184.7;1.297
9185.2;0.542
9185.7;0.776
9186.2;0.608
9186.7;0.498
9187.2;0.598
9187.7;0.736
9188.2;0.357
9188.7;0.801
9189.2;0.622
9189.7;0.646
9190.2;1.081
9190.7;1.026
9191.2;0.814
9191.7;0.929
9192.2;0.219
9192.7;0.878
9193.2;0.374
9193.7;0.637
9194.2;0.333
9194.7;1.16
9195.2;0.244
9195.7;0.737
9196.2;0.736
9196.7;0.496
9197.2;0.536
9197.7;0.244
9198.2;0.635
9198.7;0.338
9199.2;0.57
9199.7;0.653
9200.2;0.267
9200.7;0.324
9201.2;0.452
9201.7;0.299
9202.2;0.452
9202.7;0.801
9203.2;0.484
9203.7;0.658
9204.2;0.459
9204.7;0.467
9205.2;0.23
9205.7;0.451
9206.2;0.412
9206.7;0.668
9207.2;0.396
9207.7;0.54
9208.2;0.289
9208.7;0.524
9209.2;0.33
9209.7;0.786
9210.2;0.719
9210.7;0.354
9211.2;0.51
9211.7;0.195
9212.2;0.337
9212.7;0.144
9213.2;0.615
9213.7;0.448
9214.2;0.099
9214.7;0.311
9215.2;0.413
9215.7;0.481
9216.2;0.537
9216.7;0.111
9217.2;0.175
9217.7;0.145
9218.2;0.467
9218.7;0.487
9219.2;0.619
9219.7;0.433
9220.2;0.305
9220.7;0.216
9221.2;0.31
9221.7;0.134
9222.2;0.551
9222.7;0.45
9223.2;0.355
9223.7;0.738
9224.2;0.532
9224.7;0.302
9225.2;0.385
9225.7;0.131
9226.2;0.632
9226.7;0.772
9227.2;0.282
9227.7;0.197
9228.2;0.269
9228.7;0.495
9229.2;0.304
9229.7;0.422
9230.2;0.483
9230.7;0.115
9231.2;0.321
9231.7;0.044
9232.2;0.252
9232.7;0.512
9233.2;0.166
9233.7;0.622
9234.2;0.256
9234.7;0.347
9235.2;0.109
9235.7;0.123
9236.2;0.413
9236.7;0.08
9237.2;0.559
9237.7;0.22
9238.2;0.505
9238.7;0.181
9239.2;0.484
9239.7;0.444
9240.2;0.37
9240.7;0.715
9241.2;0.194
9241.7;0.138
9242.2;0.362
9242.7;0.131
9243.2;0.616
9243.7;0.668
9244.2;0.136
9244.7;0.317
9245.2;0.53
9245.7;0.43
9246.2;0.407
9246.7;0.975
9247.2;0.689
9247.7;0.409
9248.2;0.492
9248.7;0.394
9249.2;0.14
9249.7;0.548
9250.2;0.845
9250.7;0.943
9251.2;0.301
9251.7;0.62
9252.2;0.487
9252.7;0.433
9253.2;0.644
9253.7;0.581
9254.2;0.562
9254.7;0.318
9255.2;0.194
9255.7;0.398
9256.2;0.622
9256.7;1.02
9257.2;0.198
9257.7;0.405
9258.2;0.25
9258.7;0.617
9259.2;0.856
9259.7;0.316
9260.2;0.28
9260.7;0.124
9261.2;0.528
9261.7;0.713
9262.2;0.506
9262.7;0.146
9263.2;0.566
9263.7;1.036
9264.2;1.383
9264.7;0.496
9265.2;0.502
9265.7;0.992
9266.2;0.449
9266.7;1.132
9267.2;0.531
9267.7;0.716
9268.2;0.333
9268.7;0.884
9269.2;0.726
9269.7;1.069
9270.2;1.131
9270.7;0.572
9271.2;1.13
9271.7;0.314
9272.2;0.373
9272.7;0.737
9273.2;0.166
9273.7;0.166
9274.2;0.682
9274.7;0.708
9275.2;0.3
9275.7;0.763
9276.2;0.329
9276.7;0.227
9277.2;0.73
9277.7;0.481
9278.2;0.348
9278.7;0.662
9279.2;0.407
9279.7;0.549
9280.2;0.621
9280.7;0.338
9281.2;0.49
9281.7;0.587
9282.2;0.577
9282.7;0.547
9283.2;0.869
9283.7;0.658
9284.2;0.405
9284.7;0.612
9285.2;0.085
9285.7;0.45
9286.2;0.363
9286.7;0.528
9287.2;0.722
9287.7;0.69
9288.2;0.479
9288.7;0.787
9289.2;0.039
9289.7;0.521
9290.2;0.733
9290.7;0.335
9291.2;0.619
9291.7;0.395
9292.2;0.524
9292.7;0.437
9293.2;0.217
9293.7;0.671
9294.2;0.569
9294.7;1.092
9295.2;0.834
9295.7;0.174
9296.2;0.136
9296.7;0.301
9297.2;1.067
9297.7;0.711
9298.2;0.472
9298.7;0.912
9299.2;1.128
9299.7;0.787
9300.2;0.845
9300.7;0.669
9301.2;0.351
9301.7;0.376
9302.2;1.236
9302.7;0.828
9303.2;0.604
9303.7;0.887
9304.2;0.512
9304.7;1.358
9305.2;1.139
9305.7;1.028
9306.2;1.157
9306.7;0.563
9307.2;1.352
9307.7;0.994
9308.2;0.985
9308.7;1.333
9309.2;0.549
9309.7;0.296
9310.2;0.84
9310.7;1.544
9311.2;0.909
9311.7;0.562
9312.2;0.096
9312.7;1.718
9313.2;1.466
9313.7;1.074
9314.2;0.894
9314.7;0.564
9315.2;1.541
9315.7;1.583
9316.2;1.044
9316.7;1.631
9317.2;0.415
9317.7;1.251
9318.2;1.905
9318.7;2.134
9319.2;1.767
9319.7;1.818
9320.2;0.828
9320.7;2.201
9321.2;2.015
9321.7;2.196
9322.2;1.636
9322.7;1.126
9323.2;1.221
9323.7;2.143
9324.2;2.351
9324.7;1.311
9325.2;0.477
9325.7;1.063
9326.2;2.51
9326.7;1.561
9327.2;1.387
9327.7;0.851
9328.2;0.325
9328.7;2.059
9329.2;1.505
9329.7;1.361
9330.2;1.212
9330.7;0.615
9331.2;2.014
9331.7;1.391
9332.2;2.008
9332.7;1.234
9333.2;0.943
9333.7;1.483
9334.2;1.291
9334.7;2.07
9335.2;1.74
9335.7;0.935
9336.2;1.702
9336.7;0.861
9337.2;2.799
9337.7;1.382
9338.2;1.822
9338.7;0.732
9339.2;1.582
9339.7;2.367
9340.2;1.213
9340.7;1.401
9341.2;0.45
9341.7;1.411
9342.2;2.172
9342.7;1.872
9343.2;0.474
9343.7;1.286
9344.2;1.366
9344.7;2.691
9345.2;0.746
9345.7;1.62
9346.2;0.704
9346.7;2.027
9347.2;1.887
9347.7;1.644
9348.2;1.308
9348.7;0.904
9349.2;1.413
9349.7;1.784
9350.2;1.456
9350.7;2.578
9351.2;0.488
9351.7;2.052
9352.2;1.376
9352.7;2.371
9353.2;2.498
9353.7;1.031
9354.2;0.575
9354.7;1.755
9355.2;2.432
9355.7;1.495
9356.2;0.829
9356.7;0.461
9357.2;1.149
9357.7;1.54
9358.2;1.379
9358.7;0.472
9359.2;0.883
9359.7;0.942
9360.2;1.458
9360.7;1.136
9361.2;1.175
9361.7;0.571
9362.2;1.049
9362.7;1.203
9363.2;1.697
9363.7;0.763
9364.2;1.462
9364.7;0.332
9365.2;1.441
9365.7;0.98
9366.2;1.455
9366.7;0.723
9367.2;1.032
9367.7;0.188
9368.2;1.641
9368.7;1.062
9369.2;1.073
9369.7;1.073
9370.2;0.568
9370.7;1.117
9371.2;1.144
9371.7;1.733
9372.2;0.545
9372.7;1.201
9373.2;0.562
9373.7;1.379
9374.2;0.834
9374.7;0.891
9375.2;0.346
9375.7;1.008
9376.2;0.877
9376.7;0.957
9377.2;0.867
9377.7;1.125
9378.2;1.375
9378.7;0.175
9379.2;1.113
9379.7;0.615
9380.2;0.966
9380.7;0.652
9381.2;0.921
9381.7;0.768
9382.2;0.5
9382.7;1.085
9383.2;1.375
9383.7;0.321
9384.2;1.083
9384.7;1.49
9385.2;1.47
9385.7;0.612
9386.2;1.039
9386.7;0.717
9387.2;0.288
9387.7;0.422
9388.2;1.025
9388.7;0.546
9389.2;0.7
9389.7;0.809
9390.2;1.183
9390.7;0.7
9391.2;1.483
9391.7;1.418
9392.2;1.02
9392.7;0.375
9393.2;0.843
9393.7;0.879
9394.2;0.87
9394.7;0.806
9395.2;0.713
9395.7;0.614
9396.2;1.525
9396.7;1.35
9397.2;0.459
9397.7;0.699
9398.2;1.233
9398.7;1.255
9399.2;0.652
9399.7;0.373
9400.2;0.988
9400.7;0.652
9401.2;0.317
9401.7;0.55
9402.2;1.054
9402.7;0.635
9403.2;0.423
9403.7;1.045
9404.2;0.457
9404.7;0.484
9405.2;1.335
9405.7;2.154
9406.2;0.781
9406.7;0.749
9407.2;1.182
9407.7;1.909
9408.2;1.041
9408.7;1.101
9409.2;0.895
9409.7;0.509
9410.2;0.26
9410.7;0.778
9411.2;0.676
9411.7;0.942
9412.2;1.101
9412.7;0.962
9413.2;1.019
9413.7;0.725
9414.2;1.082
9414.7;0.285
9415.2;0.336
9415.7;1.227
9416.2;0.797
9416.7;0.271
9417.2;0.412
9417.7;0.375
9418.2;0.335
9418.7;0.745
9419.2;0.922
9419.7;0.116
9420.2;0.684
9420.7;0.417
9421.2;0.696
9421.7;0.46
9422.2;0.82
9422.7;0.495
9423.2;0.637
9423.7;0.579
9424.2;0.442
9424.7;0.933
9425.2;0.839
9425.7;1.037
9426.2;0.488
9426.7;0.963
9427.2;1.823
9427.7;0.998
9428.2;1.137
9428.7;0.299
9429.2;2.311
9429.7;1.496
9430.2;1.085
9430.7;0.444
9431.2;1.259
9431.7;1.971
9432.2;0.177
9432.7;1.218
9433.2;0.825
9433.7;2.785
9434.2;0.632
9434.7;0.266
9435.2;1.1
9435.7;1.483
9436.2;1.086
9436.7;0.652
9437.2;1.12
9437.7;0.52
9438.2;1.163
9438.7;0.755
9439.2;0.124
9439.7;0.279
9440.2;0.827
9440.7;0.436
9441.2;0.93
9441.7;0.427
9442.2;0.69
9442.7;0.272
9443.2;0.709
9443.7;0.514
9444.2;0.901
9444.7;0.616
9445.2;0.388
9445.7;0.129
9446.2;0.764
9446.7;0.575
9447.2;0.7
9447.7;0.641
9448.2;0.751
9448.7;0.761
9449.2;0.522
9449.7;0.722
9450.2;0.23
9450.7;0.532
9451.2;0.525
9451.7;0.572
9452.2;0.609
9452.7;0.264
9453.2;0.321
9453.7;0.345
9454.2;0.363
9454.7;0.702
9455.2;0.125
9455.7;0.147
9456.2;0.438
9456.7;0.859
9457.2;0.375
9457.7;0.523
9458.2;0.385
9458.7;0.855
9459.2;0.286
9459.7;0.521
9460.2;0.678
9460.7;0.54
9461.2;0.159
9461.7;0.499
9462.2;0.521
9462.7;0.443
9463.2;0.572
9463.7;0.573
9464.2;0.375
9464.7;0.308
9465.2;0.729
9465.7;0.337
9466.2;0.371
9466.7;0.422
9467.2;1.152
9467.7;0.595
9468.2;0.822
9468.7;0.457
9469.2;0.636
9469.7;0.744
9470.2;0.29
9470.7;0.244
9471.2;0.309
9471.7;0.334
9472.2;0.173
9472.7;0.216
9473.2;0.429
9473.7;1.004
9474.2;0.778
9474.7;1.16
9475.2;0.698
9475.7;1.569
9476.2;0.632
9476.7;0.409
9477.2;0.352
9477.7;0.635
9478.2;0.183
9478.7;0.324
9479.2;0.378
9479.7;0.563
9480.2;0.534
9480.7;0.869
9481.2;0.595
9481.7;0.618
9482.2;0.66
9482.7;0.985
9483.2;0.799
9483.7;0.416
9484.2;0.223
9484.7;0.631
9485.2;0.344
9485.7;0.592
9486.2;0.586
9486.7;0.038
9487.2;0.314
9487.7;0.382
9488.2;0.789
9488.7;0.173
9489.2;0.597
9489.7;0.434
9490.2;0.297
9490.7;0.855
9491.2;0.369
9491.7;0.431
9492.2;0.746
9492.7;0.236
9493.2;0.796
9493.7;0.318
9494.2;0.336
9494.7;0.03
9495.2;0.637
9495.7;0.362
9496.2;0.446
9496.7;0.668
9497.2;0.395
9497.7;0.348
9498.2;0.409
9498.7;0.318
9499.2;0.841
9499.7;0.438
9500.2;0.137
9500.7;0.55
9501.2;0.317
9501.7;0.805
9502.2;0.16
9502.7;0.323
9503.2;0.122
9503.7;0.563
9504.2;0.509
9504.7;0.267
9505.2;0.115
9505.7;0.552
9506.2;0.245
9506.7;0.455
9507.2;0.396
9507.7;0.254
9508.2;0.24
9508.7;0.682
9509.2;0.262
9509.7;0.364
9510.2;0.438
9510.7;0.363
9511.2;0.233
9511.7;0.834
9512.2;0.322
9512.7;0.463
9513.2;0.173
9513.7;0.419
9514.2;0.561
9514.7;0.306
9515.2;0.462
9515.7;0.21
9516.2;0.538
9516.7;0.272
9517.2;0.78
9517.7;0.349
9518.2;0.302
9518.7;0.349
9519.2;0.947
9519.7;0.51
9520.2;0.409
9520.7;0.034
9521.2;0.781
9521.7;0.241
9522.2;0.395
9522.7;0.543
9523.2;0.548
9523.7;0.531
9524.2;0.869
9524.7;0.66
9525.2;0.117
9525.7;0.914
9526.2;0.308
9526.7;0.59
9527.2;0.323
9527.7;0.383
9528.2;0.252
9528.7;0.534
9529.2;0.174
9529.7;0.252
9530.2;0.396
9530.7;0.519
9531.2;0.158
9531.7;0.389
9532.2;0.561
9532.7;0.435
9533.2;0.605
9533.7;0.287
9534.2;0.166
9534.7;0.292
9535.2;0.39
9535.7;0.421
9536.2;0.313
9536.7;0.149
9537.2;0.539
9537.7;0.698
9538.2;0.23
9538.7;0.532
9539.2;0.262
9539.7;0.272
9540.2;0.285
9540.7;0.337
9541.2;0.164
9541.7;0.607
9542.2;0.328
9542.7;0.179
9543.2;0.224
9543.7;0.78
9544.2;0.107
9544.7;0.596
9545.2;0.397
9545.7;0.472
9546.2;0.675
9546.7;0.223
9547.2;0.238
9547.7;0.244
9548.2;0.742
9548.7;0.093
9549.2;0.902
9549.7;0.378
9550.2;0.375
9550.7;0.961
9551.2;0.226
9551.7;0.396
9552.2;0.024
9552.7;0.581
9553.2;0.224
9553.7;0.901
9554.2;0.128
9554.7;0.213
9555.2;0.558
9555.7;0.162
9556.2;0.978
9556.7;0.663
9557.2;0.999
9557.7;0.25
9558.2;0.847
9558.7;0.158
9559.2;0.497
9559.7;0.735
9560.2;0.473
9560.7;0.265
9561.2;0.749
9561.7;0.299
9562.2;0.365
9562.7;1.083
9563.2;0.428
9563.7;0.771
9564.2;0.541
9564.7;0.519
9565.2;0.498
9565.7;0.181
9566.2;0.897
9566.7;0.683
9567.2;0.51
9567.7;0.756
9568.2;0.341
9568.7;0.475
9569.2;0.729
9569.7;1.385
9570.2;0.796
9570.7;0.075
9571.2;0.565
9571.7;0.954
9572.2;0.769
9572.7;0.841
9573.2;0.62
9573.7;0.515
9574.2;0.915
9574.7;1.083
9575.2;0.956
9575.7;0.845
9576.2;0.59
9576.7;1.233
9577.2;1.192
9577.7;1.277
9578.2;0.588
9578.7;0.133
9579.2;0.791
9579.7;1.101
9580.2;1.098
9580.7;1.295
9581.2;1.232
9581.7;1.787
9582.2;1.162
9582.7;1.31
9583.2;1.275
9583.7;0.919
9584.2;0.97
9584.7;1.197
9585.2;1.27
9585.7;0.99
9586.2;0.268
9586.7;0.137
9587.2;0.719
9587.7;1.268
9588.2;0.544
9588.7;0.283
9589.2;0.131
9589.7;0.3
9590.2;0.916
9590.7;0.911
9591.2;0.659
9591.7;0.513
9592.2;0.142
9592.7;0.57
9593.2;0.858
9593.7;1.116
9594.2;0.587
9594.7;0.498
9595.2;0.818
9595.7;0.702
9596.2;0.898
9596.7;0.643
9597.2;0.483
9597.7;0.922
9598.2;1.018
9598.7;0.99
9599.2;0.523
9599.7;0.478
9600.2;0.77
9600.7;0.444
9601.2;0.765
9601.7;0.401
9602.2;1.405
9602.7;0.478
9603.2;1.066
9603.7;0.833
9604.2;0.504
9604.7;0.99
9605.2;0.303
9605.7;0.509
9606.2;0.382
9606.7;0.775
9607.2;0.455
9607.7;0.31
9608.2;0.516
9608.7;0.505
9609.2;0.534
9609.7;1.059
9610.2;0.358
9610.7;1.081
9611.2;0.42
9611.7;0.266
9612.2;0.715
9612.7;1.471
9613.2;1.276
9613.7;0.959
9614.2;0.961
9614.7;1.534
9615.2;0.982
9615.7;1.104
9616.2;1.176
9616.7;1.652
9617.2;1.235
9617.7;1.046
9618.2;1.546
9618.7;0.985
9619.2;0.936
9619.7;1.203
9620.2;1.486
9620.7;1.003
9621.2;0.209
9621.7;0.691
9622.2;0.95
9622.7;1.763
9623.2;1.28
9623.7;0.977
9624.2;0.82
9624.7;0.701
9625.2;1.531
9625.7;0.487
9626.2;0.64
9626.7;0.577
9627.2;0.838
9627.7;0.637
9628.2;1.122
9628.7;0.279
9629.2;0.678
9629.7;0.858
9630.2;2.365
9630.7;0.613
9631.2;1.21
9631.7;0.262
9632.2;1.669
9632.7;0.52
9633.2;1.412
9633.7;0.956
9634.2;1.556
9634.7;1.294
9635.2;1.082
9635.7;0.047
9636.2;1.324
9636.7;0.498
9637.2;2.575
9637.7;2.06
9638.2;0.981
9638.7;1.305
9639.2;1.297
9639.7;1.406
9640.2;0.735
9640.7;1.158
9641.2;0.765
9641.7;1.978
9642.2;0.677
9642.7;0.37
9643.2;0.997
9643.7;1.255
9644.2;0.758
9644.7;1.05
9645.2;0.323
9645.7;0.921
9646.2;0.942
9646.7;1.064
9647.2;0.236
9647.7;1.34
9648.2;0.609
9648.7;0.998
9649.2;1.225
9649.7;0.561
9650.2;0.871
9650.7;1.73
9651.2;0.328
9651.7;1.211
9652.2;0.825
9652.7;0.849
9653.2;0.225
9653.7;1.313
9654.2;1.382
9654.7;1.108
9655.2;1.415
9655.7;0.858
9656.2;1.735
9656.7;1.556
9657.2;0.62
9657.7;0.847
9658.2;1.043
9658.7;0.385
9659.2;1.508
9659.7;0.718
9660.2;0.693
9660.7;0.548
9661.2;1.785
9661.7;0.817
9662.2;1.765
9662.7;1.884
9663.2;0.885
9663.7;1.5
9664.2;0.769
9664.7;0.891
9665.2;1.005
9665.7;0.616
9666.2;0.456
9666.7;1.025
9667.2;1.13
9667.7;0.493
9668.2;0.837
9668.7;0.968
9669.2;0.795
9669.7;1.879
9670.2;1.041
9670.7;0.515
9671.2;0.525
9671.7;0.789
9672.2;0.879
9672.7;0.889
9673.2;1.015
9673.7;0.103
9674.2;0.817
9674.7;0.932
9675.2;0.577
9675.7;0.857
9676.2;0.673
9676.7;0.9
9677.2;1.177
9677.7;0.573
9678.2;0.608
9678.7;0.307
9679.2;0.63
9679.7;0.279
9680.2;1.274
9680.7;1.427
9681.2;0.178
9681.7;1.058
9682.2;0.574
9682.7;1.128
9683.2;1.558
9683.7;0.662
9684.2;0.574
9684.7;0.457
9685.2;0.323
9685.7;0.517
9686.2;0.478
9686.7;0.465
9687.2;0.251
9687.7;0.905
9688.2;0.729
9688.7;0.467
9689.2;1.158
9689.7;0.675
9690.2;1.316
9690.7;0.78
9691.2;0.477
9691.7;0.522
9692.2;0.241
9692.7;0.351
9693.2;0.739
9693.7;0.924
9694.2;0.456
9694.7;0.481
9695.2;0.456
9695.7;0.291
9696.2;0.469
9696.7;0.862
9697.2;0.215
9697.7;0.584
9698.2;0.215
9698.7;0.919
9699.2;0.918
9699.7;0.061
9700.2;0.217
9700.7;0.699
9701.2;0.862
9701.7;0.322
9702.2;0.568
9702.7;0.452
9703.2;0.578
9703.7;0.55
9704.2;0.176
9704.7;0.375
9705.2;0.185
9705.7;0.342
9706.2;0.154
9706.7;0.404
9707.2;0.473
9707.7;0.374
9708.2;0.342
9708.7;0.47
9709.2;0.737
9709.7;0.168
9710.2;0.327
9710.7;0.478
9711.2;0.437
9711.7;0.282
9712.2;0.623
9712.7;0.45
9713.2;0.64
9713.7;0.142
9714.2;0.522
9714.7;0.729
9715.2;0.106
9715.7;0.194
9716.2;0.514
9716.7;0.504
9717.2;0.268
9717.7;0.234
9718.2;0.613
9718.7;0.363
9719.2;0.701
9719.7;0.288
9720.2;0.447
9720.7;0.287
9721.2;0.416
9721.7;0.535
9722.2;0.553
9722.7;0.446
9723.2;0.606
9723.7;0.677
9724.2;0.201
9724.7;0.642
9725.2;0.332
9725.7;0.546
9726.2;0.158
9726.7;0.484
9727.2;0.066
9727.7;0.546
9728.2;0.394
9728.7;0.485
9729.2;0.783
9729.7;0.548
9730.2;0.588
9730.7;0.722
9731.2;0.19
9731.7;0.543
9732.2;0.208
9732.7;0.418
9733.2;0.477
9733.7;0.537
9734.2;0.346
9734.7;0.25
9735.2;0.91
9735.7;0.323
9736.2;0.315
9736.7;0.098
9737.2;0.529
9737.7;0.811
9738.2;0.706
9738.7;0.501
9739.2;0.491
9739.7;0.246
9740.2;0.834
9740.7;0.414
9741.2;0.295
9741.7;0.128
9742.2;0.565
9742.7;0.496
9743.2;0.752
9743.7;0.164
9744.2;0.174
9744.7;0.318
9745.2;0.878
9745.7;0.493
9746.2;0.289
9746.7;0.065
9747.2;0.477
9747.7;0.576
9748.2;0.399
9748.7;0.396
9749.2;0.411
9749.7;0.594
9750.2;0.733
9750.7;0.547
9751.2;0.062
9751.7;0.564
9752.2;0.54
9752.7;0.487
9753.2;0.303
9753.7;0.5
9754.2;0.492
9754.7;0.358
9755.2;0.46
9755.7;0.639
9756.2;0.347
9756.7;0.284
9757.2;0.438
9757.7;0.72
9758.2;0.474
9758.7;0.607
9759.2;0.198
9759.7;0.481
9760.2;0.773
9760.7;0.374
9761.2;0.632
9761.7;0.468
9762.2;0.385
9762.7;0.785
9763.2;0.51
9763.7;0.118
9764.2;0.051
9764.7;0.108
9765.2;0.712
9765.7;0.35
9766.2;0.079
9766.7;0.215
9767.2;0.248
9767.7;0.635
9768.2;0.485
9768.7;0.373
9769.2;0.266
9769.7;0.526
9770.2;0.814
9770.7;0.219
9771.2;0.346
9771.7;0.36
9772.2;0.366
9772.7;0.314
9773.2;0.557
9773.7;0.54
9774.2;0.607
9774.7;0.339
9775.2;0.438
9775.7;0.795
9776.2;0.731
9776.7;0.55
9777.2;0.503
9777.7;0.461
9778.2;0.582
9778.7;1.053
9779.2;0.622
9779.7;0.489
9780.2;0.322
9780.7;0.865
9781.2;0.703
9781.7;0.709
9782.2;0.502
9782.7;0.658
9783.2;0.536
9783.7;0.355
9784.2;0.901
9784.7;0.73
9785.2;0.427
9785.7;0.534
9786.2;0.864
9786.7;0.624
9787.2;0.773
9787.7;0.559
9788.2;0.623
9788.7;0.621
9789.2;0.605
9789.7;0.419
9790.2;0.338
9790.7;0.336
9791.2;0.661
9791.7;0.732
9792.2;0.934
9792.7;0.474
9793.2;0.453
9793.7;0.277
9794.2;1.258
9794.7;1.031
9795.2;0.299
9795.7;0.315
9796.2;0.786
9796.7;0.855
9797.2;0.526
9797.7;0.367
9798.2;0.12
9798.7;0.542
9799.2;0.587
9799.7;0.441
9800.2;0.695
9800.7;0.633
9801.2;0.406
9801.7;0.799
9802.2;0.392
9802.7;0.933
9803.2;0.311
9803.7;0.575
9804.2;0.596
9804.7;0.692
9805.2;0.767
9805.7;0.256
9806.2;0.49
9806.7;0.419
9807.2;0.547
9807.7;0.605
9808.2;0.341
9808.7;0.501
9809.2;0.45
9809.7;0.278
9810.2;0.284
9810.7;0.532
9811.2;0.779
9811.7;0.159
9812.2;0.357
9812.7;0.144
9813.2;0.598
9813.7;0.93
9814.2;0.335
9814.7;0.306
9815.2;0.291
9815.7;0.562
9816.2;0.637
9816.7;0.029
9817.2;0.358
9817.7;0.177
9818.2;0.879
9818.7;0.384
9819.2;0.201
9819.7;0.445
9820.2;0.203
9820.7;0.543
9821.2;0.342
9821.7;0.265
9822.2;0.487
9822.7;0.231
9823.2;0.241
9823.7;0.404
9824.2;0.593
9824.7;0.508
9825.2;0.306
9825.7;0.269
9826.2;0.247
9826.7;0.665
9827.2;0.556
9827.7;0.433
9828.2;0.264
9828.7;0.505
9829.2;0.34
9829.7;0.666
9830.2;0.369
9830.7;0.418
9831.2;0.44
9831.7;0.619
9832.2;0.322
9832.7;0.068
9833.2;0.295
9833.7;0.456
9834.2;0.683
9834.7;0.333
9835.2;0.379
9835.7;0.208
9836.2;0.396
9836.7;0.35
9837.2;0.494
9837.7;0.568
9838.2;0.278
9838.7;0.637
9839.2;0.069
9839.7;0.301
9840.2;0.435
9840.7;0.124
9841.2;0.313
9841.7;0.391
9842.2;0.086
9842.7;0.197
9843.2;0.379
9843.7;0.08
9844.2;0.391
9844.7;0.091
9845.2;0.133
9845.7;0.218
9846.2;0.161
9846.7;0.619
9847.2;0.234
9847.7;0.426
9848.2;0.189
9848.7;0.59
9849.2;0.441
9849.7;0.316
9850.2;0.402
9850.7;0.508
9851.2;0.392
9851.7;0.243
9852.2;0.507
9852.7;0.594
9853.2;0.301
9853.7;0.097
9854.2;0.375
9854.7;0.275
9855.2;0.434
9855.7;0.587
9856.2;0.374
9856.7;0.327
9857.2;0.374
9857.7;0.52
9858.2;0.106
9858.7;0.314
9859.2;0.462
9859.7;0.284
9860.2;0.091
9860.7;0.689
9861.2;0.118
9861.7;0.931
9862.2;0.355
9862.7;0.882
9863.2;0.23
9863.7;0.691
9864.2;0.532
9864.7;0.209
9865.2;0.027
9865.7;0.958
9866.2;0.796
9866.7;0.469
9867.2;0.497
9867.7;0.426
9868.2;0.692
9868.7;0.486
9869.2;1.305
9869.7;0.676
9870.2;0.695
9870.7;0.34
9871.2;1.265
9871.7;1.114
9872.2;0.398
9872.7;0.438
9873.2;1.055
9873.7;0.781
9874.2;0.338
9874.7;0.254
9875.2;0.507
9875.7;0.216
9876.2;1.188
9876.7;0.888
9877.2;0.723
9877.7;0.611
9878.2;0.547
9878.7;0.927
9879.2;0.756
9879.7;1.168
9880.2;0.566
9880.7;1.085
9881.2;0.475
9881.7;1.427
9882.2;0.503
9882.7;1.072
9883.2;0.917
9883.7;1.407
9884.2;0.325
9884.7;1.209
9885.2;1.13
9885.7;0.154
9886.2;0.203
9886.7;1.151
9887.2;0.842
9887.7;0.595
9888.2;0.537
9888.7;0.835
9889.2;0.235
9889.7;1.202
9890.2;1.082
9890.7;0.446
9891.2;0.276
9891.7;1.361
9892.2;1.143
9892.7;0.216
9893.2;0.928
9893.7;0.968
9894.2;1.169
9894.7;0.113
9895.2;0.992
9895.7;0.167
9896.2;0.949
9896.7;0.911
9897.2;1.009
9897.7;1.101
9898.2;0.989
9898.7;0.568
9899.2;0.634
9899.7;0.279
9900.2;1.429
9900.7;1.242
9901.2;0.553
9901.7;0.461
9902.2;0.402
9902.7;0.405
9903.2;0.287
9903.7;1.425
9904.2;1.121
9904.7;1.345
9905.2;1.252
9905.7;0.094
9906.2;1.2
9906.7;0.958
9907.2;1.105
9907.7;1.347
9908.2;0.589
9908.7;0.317
9909.2;0.123
9909.7;0.147
9910.2;0.351
9910.7;1.512
9911.2;1.652
9911.7;1.301
9912.2;1.167
9912.7;0.415
9913.2;1.559
9913.7;1.178
9914.2;0.759
9914.7;0.106
9915.2;0.634
9915.7;0.391
9916.2;0.687
9916.7;0.64
9917.2;1.224
9917.7;1.167
9918.2;1.777
9918.7;0.846
9919.2;0.523
9919.7;0.877
9920.2;0.229
9920.7;0.549
9921.2;0.517
9921.7;0.859
9922.2;0.255
9922.7;0.764
9923.2;0.507
9923.7;1.102
9924.2;1.455
9924.7;0.971
9925.2;1.814
9925.7;0.835
9926.2;1.043
9926.7;0.837
9927.2;0.807
9927.7;0.7
9928.2;0.948
9928.7;1.49
9929.2;0.622
9929.7;1.417
9930.2;0.815
9930.7;0.964
9931.2;1.334
9931.7;1.159
9932.2;1.267
9932.7;0.738
9933.2;0.739
9933.7;0.164
9934.2;0.952
9934.7;0.778
9935.2;1.131
9935.7;1.257
9936.2;0.929
9936.7;1.268
9937.2;1.034
9937.7;1.007
9938.2;0.69
9938.7;1.049
9939.2;0.596
9939.7;0.448
9940.2;0.58
9940.7;0.627
9941.2;0.913
9941.7;1.619
9942.2;1.197
9942.7;1.121
9943.2;1.306
9943.7;0.689
9944.2;0.823
9944.7;1.037
9945.2;0.533
9945.7;0.994
9946.2;1.073
9946.7;0.641
9947.2;0.256
9947.7;0.938
9948.2;0.622
9948.7;0.569
9949.2;0.841
9949.7;0.489
9950.2;0.272
9950.7;0.592
9951.2;0.437
9951.7;1.079
9952.2;0.936
9952.7;0.991
9953.2;0.535
9953.7;0.382
9954.2;0.49
9954.7;0.643
9955.2;0.324
9955.7;0.74
9956.2;0.417
9956.7;1.198
9957.2;0.178
9957.7;0.551
9958.2;0.431
9958.7;0.258
9959.2;0.567
9959.7;0.794
9960.2;0.475
9960.7;0.233
9961.2;0.091
9961.7;0.395
9962.2;0.428
9962.7;0.855
9963.2;0.926
9963.7;0.155
9964.2;0.432
9964.7;0.58
9965.2;0.187
9965.7;0.917
9966.2;0.197
9966.7;0.4
9967.2;0.359
9967.7;0.826
9968.2;0.057
9968.7;0.682
9969.2;0.902
9969.7;0.182
9970.2;0.773
9970.7;0.166
9971.2;0.168
9971.7;0.363
9972.2;0.116
9972.7;0.66
9973.2;0.685
9973.7;0.532
9974.2;0.25
9974.7;0.781
9975.2;0.641
9975.7;0.159
9976.2;0.809
9976.7;0.449
9977.2;0.193
9977.7;0.267
9978.2;0.586
9978.7;0.264
9979.2;0.447
9979.7;0.263
9980.2;0.534
9980.7;0.8
9981.2;0.719
9981.7;0.252
9982.2;0.643
9982.7;0.734
9983.2;0.34
9983.7;0.497
9984.2;0.689
9984.7;0.101
9985.2;0.697
9985.7;0.262
9986.2;0.276
9986.7;0.319
9987.2;0.62
9987.7;0.266
9988.2;0.766
9988.7;1.058
9989.2;0.18
9989.7;0.507
9990.2;0.119
9990.7;0.191
9991.2;0.633
9991.7;0.885
9992.2;0.56
9992.7;0.82
9993.2;0.193
9993.7;0.686
9994.2;0.838
9994.7;0.375
9995.2;0.3
9995.7;0.75
9996.2;0.709
9996.7;0.623
9997.2;0.248
9997.7;0.849
9998.2;0.312
9998.7;0.955
9999.2;0.648
9999.7;0.181
10000.2;0.588
10000.7;0.638
10001.2;0.229
10001.7;0.582
10002.2;0.815
10002.7;0.711
10003.2;0.85
10003.7;0.63
10004.2;0.332
10004.7;0.819
10005.2;0.627
10005.7;0.13
10006.2;0.347
10006.7;0.263
10007.2;0.391
10007.7;0.669
10008.2;0.344
10008.7;0.489
10009.2;0.581
10009.7;0.317
10010.2;0.457
10010.7;0.236
10011.2;0.542
10011.7;0.594
10012.2;0.493
10012.7;0.069
10013.2;0.187
10013.7;0.415
10014.2;0.737
10014.7;0.172
10015.2;0.621
10015.7;0.07
10016.2;0.671
10016.7;0.723
10017.2;0.082
10017.7;0.135
10018.2;0.466
10018.7;0.698
10019.2;0.313
10019.7;0.585
10020.2;0.321
10020.7;0.254
10021.2;0.875
10021.7;0.669
10022.2;0.365
10022.7;0.253
10023.2;0.052
10023.7;0.623
10024.2;0.592
10024.7;0.342
10025.2;0.182
10025.7;0.372
10026.2;0.39
10026.7;0.432
10027.2;0.265
10027.7;0.742
10028.2;0.757
10028.7;0.543
10029.2;0.531
10029.7;0.516
10030.2;0.448
10030.7;0.989
10031.2;0.172
10031.7;0.568
10032.2;0.103
10032.7;0.713
10033.2;0.858
10033.7;0.445
10034.2;0.833
10034.7;0.585
10035.2;0.072
10035.7;0.67
10036.2;0.404
10036.7;0.532
10037.2;0.901
10037.7;0.647
10038.2;0.602
10038.7;0.196
10039.2;0.321
10039.7;0.658
10040.2;0.271
10040.7;0.449
10041.2;0.258
10041.7;0.651
10042.2;0.654
10042.7;0.168
10043.2;0.391
10043.7;0.426
10044.2;0.899
10044.7;0.667
10045.2;0.255
10045.7;0.266
10046.2;0.118
10046.7;0.35
10047.2;0.789
10047.7;0.605
10048.2;0.247
10048.7;0.029
10049.2;0.408
10049.7;0.806
10050.2;0.367
10050.7;1.121
10051.2;0.695
10051.7;0.695
10052.2;0.289
10052.7;0.91
10053.2;0.445
10053.7;0.688
10054.2;0.508
10054.7;1.232
10055.2;0.562
10055.7;0.626
10056.2;0.511
10056.7;0.145
10057.2;0.308
10057.7;1.214
10058.2;1.306
10058.7;0.094
10059.2;0.799
10059.7;0.239
10060.2;0.453
10060.7;0.829
10061.2;1.272
10061.7;0.18
10062.2;0.67
10062.7;0.234
10063.2;0.669
10063.7;0.494
10064.2;0.822
10064.7;0.427
10065.2;0.931
10065.7;0.299
10066.2;0.981
10066.7;0.567
10067.2;0.607
10067.7;0.398
10068.2;0.757
10068.7;0.173
10069.2;1.088
10069.7;1.159
10070.2;0.269
10070.7;0.452
10071.2;0.318
10071.7;0.661
10072.2;0.872
10072.7;0.531
10073.2;0.291
10073.7;0.437
10074.2;0.339
10074.7;1.149
10075.2;0.367
10075.7;0.152
10076.2;0.513
10076.7;0.792
10077.2;0.466
10077.7;1.038
10078.2;0.97
10078.7;0.082
10079.2;0.514
10079.7;0.382
10080.2;0.82
10080.7;0.961
10081.2;0.797
10081.7;0.56
10082.2;0.735
10082.7;0.574
10083.2;0.873
10083.7;0.861
10084.2;0.227
10084.7;0.526
10085.2;1.248
10085.7;0.78
10086.2;0.597
10086.7;0.199
10087.2;0.665
10087.7;0.674
10088.2;0.972
10088.7;0.624
10089.2;0.312
10089.7;0.175
10090.2;0.779
10090.7;1.116
10091.2;1.424
10091.7;1.169
10092.2;0.764
10092.7;0.687
10093.2;0.963
10093.7;1.113
10094.2;0.653
10094.7;0.495
10095.2;1.206
10095.7;1.497
10096.2;0.671
10096.7;0.309
10097.2;0.185
10097.7;0.67
10098.2;1.183
10098.7;1.095
10099.2;0.747
10099.7;0.396
10100.2;0.172
10100.7;0.73
10101.2;0.679
10101.7;0.647
10102.2;0.453
10102.7;1.103
10103.2;0.942
10103.7;0.122
10104.2;0.425
10104.7;0.173
10105.2;0.907
10105.7;0.695
10106.2;0.14
10106.7;0.539
10107.2;0.68
10107.7;0.185
10108.2;0.388
10108.7;0.3
10109.2;0.109
10109.7;0.074
10110.2;1.132
10110.7;0.745
10111.2;0.248
10111.7;0.252
10112.2;0.74
10112.7;0.461
10113.2;0.255
10113.7;0.097
10114.2;0.422
10114.7;0.466
10115.2;0.382
10115.7;0.061
10116.2;0.092
10116.7;0.278
10117.2;0.492
10117.7;0.658
10118.2;0.682
10118.7;0.426
10119.2;0.791
10119.7;0.584
10120.2;0.4
10120.7;0.266
10121.2;0.236
10121.7;0.388
10122.2;0.834
10122.7;0.901
10123.2;0.404
10123.7;0.296
10124.2;0.375
10124.7;0.912
10125.2;0.545
10125.7;0.738
10126.2;0.962
10126.7;1.023
10127.2;0.602
10127.7;0.448
10128.2;0.368
10128.7;0.548
10129.2;1.179
10129.7;0.852
10130.2;0.537
10130.7;0.544
10131.2;0.293
10131.7;0.223
10132.2;0.65
10132.7;0.602
10133.2;0.572
10133.7;0.469
10134.2;0.621
10134.7;0.428
10135.2;1.063
10135.7;0.9
10136.2;0.475
10136.7;0.688
10137.2;0.863
10137.7;0.686
10138.2;0.149
10138.7;0.248
10139.2;0.765
10139.7;0.642
10140.2;0.701
10140.7;0.301
10141.2;0.429
10141.7;0.397
10142.2;0.327
10142.7;0.695
10143.2;0.278
10143.7;0.396
10144.2;0.572
10144.7;0.437
10145.2;0.674
10145.7;0.653
10146.2;0.275
10146.7;0.489
10147.2;1.259
10147.7;0.412
10148.2;0.755
10148.7;0.83
10149.2;0.733
10149.7;0.275
10150.2;0.515
10150.7;0.863
10151.2;0.766
10151.7;0.881
10152.2;0.753
10152.7;0.719
10153.2;1.015
10153.7;0.449
10154.2;0.793
10154.7;0.331
10155.2;0.452
10155.7;0.692
10156.2;0.317
10156.7;0.522
10157.2;0.467
10157.7;0.298
10158.2;0.337
10158.7;0.505
10159.2;0.411
10159.7;0.643
10160.2;0.412
10160.7;1.02
10161.2;0.832
10161.7;0.536
10162.2;0.761
10162.7;0.828
10163.2;0.394
10163.7;0.87
10164.2;0.278
10164.7;0.29
10165.2;0.754
10165.7;0.715
10166.2;1.1
10166.7;0.812
10167.2;0.518
10167.7;1.113
10168.2;1.108
10168.7;0.987
10169.2;0.842
10169.7;0.583
10170.2;1.091
10170.7;1.092
10171.2;0.599
10171.7;0.694
10172.2;1.28
10172.7;0.564
10173.2;0.994
10173.7;0.321
10174.2;0.752
10174.7;1.396
10175.2;0.915
10175.7;0.856
10176.2;0.077
10176.7;0.577
10177.2;0.695
10177.7;0.602
10178.2;0.904
10178.7;0.88
10179.2;0.936
10179.7;0.966
10180.2;0.522
10180.7;0.771
10181.2;1.105
10181.7;0.979
10182.2;0.743
10182.7;0.28
10183.2;0.323
10183.7;0.56
10184.2;0.167
10184.7;0.372
10185.2;0.634
10185.7;0.84
10186.2;0.628
10186.7;0.299
10187.2;0.421
10187.7;0.316
10188.2;0.639
10188.7;0.446
10189.2;0.13
10189.7;0.478
10190.2;0.562
10190.7;0.652
10191.2;0.054
10191.7;0.058
10192.2;0.586
10192.7;0.581
10193.2;0.339
10193.7;0.626
10194.2;0.719
10194.7;0.784
10195.2;0.919
10195.7;0.532
10196.2;0.206
10196.7;0.311
10197.2;0.241
10197.7;0.573
10198.2;0.055
10198.7;0.592
10199.2;0.27
10199.7;0.626
10200.2;0.053
10200.7;0.724
10201.2;0.861
10201.7;0.415
10202.2;0.605
10202.7;0.262
10203.2;0.198
10203.7;0.411
10204.2;0.348
10204.7;0.34
10205.2;0.193
10205.7;0.391
10206.2;0.393
10206.7;0.352
10207.2;0.37
10207.7;0.156
10208.2;0.699
10208.7;0.494
10209.2;0.773
10209.7;0.503
10210.2;0.168
10210.7;0.26
10211.2;0.097
10211.7;0.075
10212.2;0.36
10212.7;0.433
10213.2;0.448
10213.7;0.494
10214.2;0.629
10214.7;0.323
10215.2;0.512
10215.7;0.672
10216.2;0.221
10216.7;0.382
10217.2;0.42
10217.7;0.196
10218.2;0.332
10218.7;0.074
10219.2;0.281
10219.7;0.532
10220.2;0.472
10220.7;0.597
10221.2;0.488
10221.7;0.644
10222.2;0.338
10222.7;0.613
10223.2;0.194
10223.7;0.587
10224.2;0.434
10224.7;0.621
10225.2;0.566
10225.7;1.026
10226.2;0.451
10226.7;0.646
10227.2;0.642
10227.7;0.462
10228.2;0.67
10228.7;0.225
10229.2;0.149
10229.7;0.254
10230.2;0.171
10230.7;0.306
10231.2;0.429
10231.7;0.842
10232.2;0.216
10232.7;0.579
10233.2;0.351
10233.7;0.303
10234.2;0.314
10234.7;0.14
10235.2;0.324
10235.7;0.31
10236.2;0.409
10236.7;0.207
10237.2;0.223
10237.7;0.05
10238.2;0.313
10238.7;0.611
10239.2;1.05
10239.7;0.617
10240.2;0.242
10240.7;0.093
10241.2;0.358
10241.7;0.893
10242.2;0.901
10242.7;1.039
10243.2;0.831
10243.7;0.494
10244.2;0.569
10244.7;0.522
10245.2;0.577
10245.7;0.857
10246.2;1.067
10246.7;1.075
10247.2;0.713
10247.7;0.15
10248.2;0.084
10248.7;0.189
10249.2;0.533
10249.7;0.605
10250.2;0.576
10250.7;0.65
10251.2;0.234
10251.7;0.728
10252.2;0.76
10252.7;0.612
10253.2;0.743
10253.7;0.194
10254.2;0.251
10254.7;0.346
10255.2;0.697
10255.7;1.117
10256.2;0.977
10256.7;0.62
10257.2;0.697
10257.7;0.395
10258.2;0.185
10258.7;0.227
10259.2;0.711
10259.7;0.882
10260.2;0.526
10260.7;0.498
10261.2;0.072
10261.7;0.146
10262.2;0.36
10262.7;0.289
10263.2;0.499
10263.7;0.866
10264.2;0.496
10264.7;0.335
10265.2;0.617
10265.7;0.705
10266.2;0.611
10266.7;0.336
10267.2;0.543
10267.7;0.293
10268.2;0.239
10268.7;0.619
10269.2;0.268
10269.7;0.772
10270.2;0.339
10270.7;0.769
10271.2;0.287
10271.7;0.509
10272.2;0.659
10272.7;0.289
10273.2;0.492
10273.7;0.394
10274.2;0.232
10274.7;0.286
10275.2;0.33
10275.7;0.401
10276.2;0.412
10276.7;0.2
10277.2;0.282
10277.7;0.446
10278.2;0.705
10278.7;1.123
10279.2;0.623
10279.7;0.634
10280.2;0.173
10280.7;0.169
10281.2;0.285
10281.7;0.688
10282.2;1.016
10282.7;0.858
10283.2;0.771
10283.7;0.238
10284.2;0.48
10284.7;0.402
10285.2;0.067
10285.7;0.684
10286.2;0.471
10286.7;0.319
10287.2;0.358
10287.7;0.296
10288.2;0.217
10288.7;1.055
10289.2;0.95
10289.7;0.857
10290.2;0.581
10290.7;0.526
10291.2;0.292
10291.7;0.331
10292.2;0.207
10292.7;0.899
10293.2;0.406
10293.7;0.6
10294.2;0.209
10294.7;0.53
10295.2;0.56
10295.7;0.459
10296.2;0.344
10296.7;0.283
10297.2;0.38
10297.7;0.365
10298.2;0.627
10298.7;0.55
10299.2;0.346
10299.7;0.597
10300.2;0.141
10300.7;0.072
10301.2;0.458
10301.7;0.213
10302.2;0.619
10302.7;0.605
10303.2;0.307
10303.7;0.661
10304.2;0.287
10304.7;0.673
10305.2;0.62
10305.7;0.657
10306.2;0.35
10306.7;0.202
10307.2;0.37
10307.7;0.403
10308.2;0.62
10308.7;0.677
10309.2;0.636
10309.7;0.336
10310.2;0.624
10310.7;0.238
10311.2;0.468
10311.7;0.53
10312.2;0.278
10312.7;0.458
10313.2;0.719
10313.7;0.593
10314.2;0.437
10314.7;0.165
10315.2;0.243
10315.7;0.556
10316.2;0.754
10316.7;0.522
10317.2;0.267
10317.7;0.52
10318.2;0.572
10318.7;0.802
10319.2;0.656
10319.7;0.464
10320.2;0.439
10320.7;0.416
10321.2;0.125
10321.7;0.551
10322.2;0.847
10322.7;0.538
10323.2;0.281
10323.7;0.225
10324.2;0.461
10324.7;0.712
10325.2;0.444
10325.7;0.29
10326.2;0.285
10326.7;0.445
10327.2;0.614
10327.7;0.18
10328.2;0.233
10328.7;0.352
10329.2;0.843
10329.7;0.485
10330.2;0.205
10330.7;0.162
10331.2;0.181
10331.7;0.07
10332.2;0.1
10332.7;0.151
10333.2;0.254
10333.7;0.163
10334.2;0.506
10334.7;0.34
10335.2;0.308
10335.7;0.571
10336.2;0.351
10336.7;0.477
10337.2;0.457
10337.7;0.289
10338.2;0.497
10338.7;0.173
10339.2;0.435
10339.7;0.209
10340.2;0.472
10340.7;0.13
10341.2;0.245
10341.7;0.566
10342.2;0.223
10342.7;0.379
10343.2;0.589
10343.7;0.279
10344.2;0.449
10344.7;0.374
10345.2;0.43
10345.7;0.572
10346.2;0.253
10346.7;0.171
10347.2;0.119
10347.7;0.293
10348.2;0.162
10348.7;0.243
10349.2;0.52
10349.7;0.273
10350.2;0.149
10350.7;0.329
10351.2;0.185
10351.7;0.25
10352.2;0.372
10352.7;0.104
10353.2;0.374
10353.7;0.344
10354.2;0.335
10354.7;0.15
10355.2;0.62
10355.7;0.506
10356.2;0.588
10356.7;0.469
10357.2;0.325
10357.7;0.085
10358.2;0.375
10358.7;0.392
10359.2;0.581
10359.7;0.435
10360.2;0.244
10360.7;0.342
10361.2;0.637
10361.7;0.287
10362.2;0.543
10362.7;0.527
10363.2;1.053
10363.7;0.711
10364.2;0.247
10364.7;0.051
10365.2;0.358
10365.7;0.136
10366.2;0.365
10366.7;0.541
10367.2;0.611
10367.7;0.218
10368.2;0.515
10368.7;1.15
10369.2;0.618
10369.7;0.858
10370.2;0.352
10370.7;0.576
10371.2;0.47
10371.7;0.656
10372.2;0.864
10372.7;0.632
10373.2;0.664
10373.7;0.285
10374.2;0.542
10374.7;0.334
10375.2;0.453
10375.7;0.335
10376.2;0.701
10376.7;0.461
10377.2;0.516
10377.7;0.291
10378.2;0.584
10378.7;0.499
10379.2;0.673
10379.7;0.555
10380.2;0.479
10380.7;0.319
10381.2;0.231
10381.7;0.533
10382.2;0.302
10382.7;0.459
10383.2;0.145
10383.7;0.382
10384.2;0.19
10384.7;0.2
10385.2;0.175
10385.7;0.533
10386.2;0.302
10386.7;0.529
10387.2;0.221
10387.7;0.251
10388.2;0.238
10388.7;0.228
10389.2;0.176
10389.7;0.169
10390.2;0.59
10390.7;0.243
10391.2;0.401
10391.7;0.51
10392.2;0.153
10392.7;0.307
10393.2;0.523
10393.7;0.421
10394.2;0.747
10394.7;0.419
10395.2;0.13
10395.7;0.488
10396.2;0.091
10396.7;0.249
10397.2;0.628
10397.7;0.392
10398.2;0.11
10398.7;0.124
10399.2;0.501
10399.7;0.199
10400.2;0.777
10400.7;0.706
10401.2;0.329
10401.7;0.556
10402.2;0.978
10402.7;0.64
10403.2;0.141
10403.7;0.552
10404.2;0.465
10404.7;0.643
10405.2;0.525
10405.7;0.801
10406.2;0.217
10406.7;0.208
10407.2;0.362
10407.7;1.127
10408.2;1.297
10408.7;0.627
10409.2;0.617
10409.7;0.871
10410.2;0.682
10410.7;0.597
10411.2;0.805
10411.7;0.516
10412.2;0.208
10412.7;0.637
10413.2;0.659
10413.7;0.356
10414.2;0.379
10414.7;0.478
10415.2;0.738
10415.7;0.611
10416.2;0.421
10416.7;0.082
10417.2;0.175
10417.7;0.157
10418.2;0.556
10418.7;0.293
10419.2;0.416
10419.7;0.174
10420.2;0.416
10420.7;0.085
10421.2;0.662
10421.7;0.332
10422.2;0.332
10422.7;0.185
10423.2;0.7
10423.7;0.314
10424.2;0.251
10424.7;0.479
10425.2;0.804
10425.7;0.058
10426.2;0.879
10426.7;0.584
10427.2;0.696
10427.7;0.474
10428.2;0.705
10428.7;0.501
10429.2;0.488
10429.7;0.508
10430.2;0.812
10430.7;0.576
10431.2;0.188
10431.7;0.644
10432.2;0.841
10432.7;0.634
10433.2;0.237
10433.7;1.043
10434.2;0.243
10434.7;0.406
10435.2;0.595
10435.7;0.946
10436.2;0.323
10436.7;0.844
10437.2;0.348
10437.7;0.349
10438.2;0.314
10438.7;0.908
10439.2;0.382
10439.7;0.463
10440.2;0.449
10440.7;0.564
10441.2;0.762
10441.7;0.873
10442.2;0.401
10442.7;0.523
10443.2;0.522
10443.7;0.858
10444.2;0.674
10444.7;0.335
10445.2;0.622
10445.7;0.44
10446.2;0.473
10446.7;0.276
10447.2;1.003
10447.7;0.406
10448.2;0.298
10448.7;0.483
10449.2;0.727
10449.7;0.347
10450.2;1.032
10450.7;0.866
10451.2;0.804
10451.7;0.28
10452.2;0.272
10452.7;0.793
10453.2;0.382
10453.7;0.468
10454.2;0.329
10454.7;0.824
10455.2;0.886
10455.7;0.352
10456.2;0.282
10456.7;0.405
10457.2;1.162
10457.7;1.133
10458.2;0.62
10458.7;0.216
10459.2;0.198
10459.7;0.417
10460.2;0.176
10460.7;0.227
10461.2;0.703
10461.7;0.174
10462.2;0.726
10462.7;0.497
10463.2;0.135
10463.7;0.775
10464.2;0.436
10464.7;0.453
10465.2;0.42
10465.7;0.458
10466.2;0.147
10466.7;0.193
10467.2;0.117
10467.7;0.166
10468.2;0.248
10468.7;0.056
10469.2;0.539
10469.7;0.508
10470.2;0.575
10470.7;0.423
10471.2;0.416
10471.7;0.385
10472.2;0.42
10472.7;0.464
10473.2;0.343
10473.7;0.272
10474.2;0.292
10474.7;0.193
10475.2;0.572
10475.7;0.655
10476.2;0.597
10476.7;0.468
10477.2;0.279
10477.7;0.262
10478.2;0.227
10478.7;0.459
10479.2;0.35
10479.7;0.344
10480.2;0.366
10480.7;0.255
10481.2;0.36
10481.7;0.101
10482.2;0.136
10482.7;0.562
10483.2;0.423
10483.7;0.399
10484.2;0.138
10484.7;0.439
10485.2;0.022
10485.7;0.282
10486.2;0.592
10486.7;0.545
10487.2;0.163
10487.7;0.32
10488.2;0.401
10488.7;0.419
10489.2;0.582
10489.7;0.711
10490.2;0.221
10490.7;0.245
10491.2;0.191
10491.7;0.417
10492.2;0.714
10492.7;0.408
10493.2;0.198
10493.7;0.256
10494.2;0.363
10494.7;0.428
10495.2;0.801
10495.7;0.656
10496.2;0.169
10496.7;0.607
10497.2;0.145
10497.7;0.44
10498.2;0.302
10498.7;0.87
10499.2;0.981
10499.7;0.569
10500.2;0.878
10500.7;0.243
10501.2;0.997
10501.7;0.675
10502.2;0.344
10502.7;0.303
10503.2;0.271
10503.7;0.279
10504.2;0.388
10504.7;0.257
10505.2;0.265
10505.7;0.155
10506.2;0.546
10506.7;0.292
10507.2;0.656
10507.7;0.442
10508.2;0.349
10508.7;0.267
10509.2;0.607
10509.7;0.316
10510.2;0.374
10510.7;0.351
10511.2;0.375
10511.7;0.368
10512.2;0.201
10512.7;0.465
10513.2;0.348
10513.7;0.061
10514.2;0.44
10514.7;0.633
10515.2;0.704
10515.7;0.528
10516.2;0.526
10516.7;0.152
10517.2;0.616
10517.7;1.0
10518.2;0.617
10518.7;0.8
10519.2;0.109
10519.7;0.846
10520.2;1.075
10520.7;0.959
10521.2;0.705
10521.7;0.133
10522.2;0.328
10522.7;1.034
10523.2;0.946
10523.7;0.898
10524.2;0.536
10524.7;0.151
10525.2;0.315
10525.7;1.153
10526.2;1.336
10526.7;0.188
10527.2;0.705
10527.7;0.467
10528.2;1.054
10528.7;1.038
10529.2;1.122
10529.7;0.879
10530.2;0.439
10530.7;0.261
10531.2;0.278
10531.7;0.225
10532.2;1.103
10532.7;0.467
10533.2;0.999
10533.7;0.55
10534.2;0.722
10534.7;1.361
10535.2;0.544
10535.7;0.279
10536.2;0.506
10536.7;0.159
10537.2;0.633
10537.7;0.52
10538.2;0.381
10538.7;0.528
10539.2;0.981
10539.7;0.852
10540.2;0.269
10540.7;0.846
10541.2;0.392
10541.7;0.8
10542.2;0.884
10542.7;0.802
10543.2;0.555
10543.7;0.379
10544.2;0.348
10544.7;0.616
10545.2;0.802
10545.7;0.867
10546.2;0.274
10546.7;0.96
10547.2;0.535
10547.7;0.885
10548.2;1.362
10548.7;0.78
10549.2;0.528
10549.7;0.15
10550.2;0.486
10550.7;0.131
10551.2;0.649
10551.7;0.325
10552.2;0.433
10552.7;0.491
10553.2;0.499
10553.7;0.997
10554.2;1.369
10554.7;1.086
10555.2;0.114
10555.7;0.167
10556.2;0.322
10556.7;0.636
10557.2;0.946
10557.7;1.173
10558.2;1.244
10558.7;0.858
10559.2;0.498
10559.7;0.846
10560.2;0.261
10560.7;0.261
10561.2;1.067
10561.7;1.539
10562.2;1.432
10562.7;0.649
10563.2;0.944
10563.7;0.459
10564.2;0.477
10564.7;1.048
10565.2;0.897
10565.7;0.846
10566.2;0.307
10566.7;0.958
10567.2;1.086
10567.7;0.815
10568.2;1.391
10568.7;0.696
10569.2;1.248
10569.7;0.897
10570.2;0.855
10570.7;0.56
10571.2;0.635
10571.7;1.488
10572.2;1.067
10572.7;0.317
10573.2;1.233
10573.7;1.123
10574.2;0.915
10574.7;0.827
10575.2;1.289
10575.7;1.655
10576.2;1.096
10576.7;0.53
10577.2;0.101
10577.7;0.409
10578.2;0.922
10578.7;0.832
10579.2;0.417
10579.7;0.12
10580.2;0.788
10580.7;0.814
10581.2;0.505
10581.7;0.166
10582.2;0.158
10582.7;0.428
10583.2;0.522
10583.7;0.29
10584.2;0.498
10584.7;0.747
10585.2;0.68
10585.7;0.616
10586.2;0.509
10586.7;0.295
10587.2;0.153
10587.7;0.281
10588.2;0.2
10588.7;0.131
10589.2;0.601
10589.7;0.496
10590.2;0.65
10590.7;0.478
10591.2;0.145
10591.7;0.337
10592.2;0.23
10592.7;0.199
10593.2;0.233
10593.7;0.439
10594.2;0.575
10594.7;0.399
10595.2;0.279
10595.7;0.392
10596.2;0.121
10596.7;0.192
10597.2;0.587
10597.7;0.994
10598.2;1.125
10598.7;0.466
10599.2;0.573
10599.7;0.161
10600.2;0.457
10600.7;0.719
10601.2;0.296
10601.7;0.589
10602.2;0.711
10602.7;0.675
10603.2;0.402
10603.7;0.276
10604.2;0.898
10604.7;0.802
10605.2;1.108
10605.7;1.106
10606.2;0.285
10606.7;0.362
10607.2;0.415
10607.7;0.781
10608.2;0.946
10608.7;0.705
10609.2;0.867
10609.7;0.36
10610.2;0.211
10610.7;0.423
10611.2;0.359
10611.7;0.983
10612.2;0.517
10612.7;0.434
10613.2;0.212
10613.7;0.463
10614.2;0.791
10614.7;0.993
10615.2;0.923
10615.7;0.942
10616.2;0.268
10616.7;0.593
10617.2;0.457
10617.7;0.832
10618.2;1.631
10618.7;1.187
10619.2;0.551
10619.7;0.602
10620.2;0.964
10620.7;0.66
10621.2;0.782
10621.7;1.835
10622.2;1.421
10622.7;0.797
10623.2;0.292
10623.7;0.916
10624.2;1.43
10624.7;1.106
10625.2;0.97
10625.7;0.576
10626.2;0.796
10626.7;0.844
10627.2;0.42
10627.7;0.35
10628.2;0.631
10628.7;1.145
10629.2;0.659
10629.7;0.396
10630.2;0.403
10630.7;0.36
10631.2;0.645
10631.7;0.573
10632.2;0.71
10632.7;0.737
10633.2;0.195
10633.7;0.22
10634.2;0.435
10634.7;0.956
10635.2;0.71
10635.7;0.071
10636.2;0.288
10636.7;0.093
10637.2;0.904
10637.7;0.961
10638.2;0.483
10638.7;0.618
10639.2;0.365
10639.7;0.55
10640.2;0.604
10640.7;0.501
10641.2;0.58
10641.7;0.221
10642.2;0.83
10642.7;0.67
10643.2;0.583
10643.7;0.149
10644.2;0.301
10644.7;0.27
10645.2;0.538
10645.7;0.543
10646.2;0.359
10646.7;0.158
10647.2;0.379
10647.7;0.321
10648.2;0.914
10648.7;0.586
10649.2;0.236
10649.7;0.128
10650.2;0.536
10650.7;0.472
10651.2;0.394
10651.7;0.323
10652.2;0.326
10652.7;0.298
10653.2;0.431
10653.7;0.287
10654.2;0.314
10654.7;0.636
10655.2;0.336
10655.7;0.34
10656.2;0.248
10656.7;0.625
10657.2;0.081
10657.7;0.342
10658.2;0.464
10658.7;0.318
10659.2;0.315
10659.7;0.301
10660.2;0.408
10660.7;0.044
10661.2;0.285
10661.7;0.571
10662.2;0.189
10662.7;0.186
10663.2;0.284
10663.7;0.255
10664.2;0.519
10664.7;0.281
10665.2;0.428
10665.7;0.376
10666.2;0.118
10666.7;0.436
10667.2;0.037
10667.7;0.375
10668.2;0.244
10668.7;0.235
10669.2;0.245
10669.7;0.381
10670.2;0.443
10670.7;0.097
10671.2;0.404
10671.7;0.542
10672.2;0.077
10672.7;0.433
10673.2;0.472
10673.7;0.281
10674.2;0.308
10674.7;0.159
10675.2;0.491
10675.7;0.102
10676.2;0.433
10676.7;0.343
10677.2;0.569
10677.7;0.644
10678.2;0.188
10678.7;0.096
10679.2;0.403
10679.7;0.246
10680.2;0.738
10680.7;0.503
10681.2;0.159
10681.7;0.672
10682.2;0.478
10682.7;0.359
10683.2;0.462
10683.7;0.643
10684.2;0.498
10684.7;0.524
10685.2;0.391
10685.7;0.12
10686.2;0.299
10686.7;0.833
10687.2;0.352
10687.7;0.562
10688.2;0.205
10688.7;0.751
10689.2;0.983
10689.7;0.736
10690.2;0.494
10690.7;0.72
10691.2;0.507
10691.7;0.649
10692.2;0.338
10692.7;0.297
10693.2;0.229
10693.7;0.558
10694.2;0.123
10694.7;0.583
10695.2;0.731
10695.7;0.215
10696.2;0.577
10696.7;0.754
10697.2;0.469
10697.7;0.692
10698.2;0.325
10698.7;0.433
10699.2;0.655
10699.7;0.935
10700.2;0.448
10700.7;0.264
10701.2;0.324
10701.7;0.152
10702.2;0.73
10702.7;0.771
10703.2;0.194
10703.7;0.273
10704.2;0.417
10704.7;1.021
10705.2;0.728
10705.7;0.514
10706.2;0.091
10706.7;0.574
10707.2;0.666
10707.7;0.147
10708.2;0.636
10708.7;0.724
10709.2;0.164
10709.7;0.548
10710.2;0.3
10710.7;0.928
10711.2;0.438
10711.7;0.395
10712.2;0.203
10712.7;0.332
10713.2;0.839
10713.7;0.369
10714.2;0.311
10714.7;0.419
10715.2;0.582
10715.7;1.197
10716.2;0.228
10716.7;0.319
10717.2;0.107
10717.7;0.28
10718.2;0.302
10718.7;0.716
10719.2;0.65
10719.7;0.576
10720.2;0.406
10720.7;0.384
10721.2;0.473
10721.7;0.604
10722.2;0.422
10722.7;0.583
10723.2;0.778
10723.7;0.347
10724.2;0.702
10724.7;0.155
10725.2;0.56
10725.7;0.381
10726.2;0.949
10726.7;0.385
10727.2;0.37
10727.7;0.597
10728.2;0.669
10728.7;0.83
10729.2;0.779
10729.7;0.533
10730.2;0.084
10730.7;0.372
10731.2;0.353
10731.7;0.68
10732.2;0.758
10732.7;0.209
10733.2;0.606
10733.7;0.501
10734.2;0.137
10734.7;0.475
10735.2;0.462
10735.7;0.317
10736.2;0.277
10736.7;0.338
10737.2;0.46
10737.7;0.105
10738.2;0.264
10738.7;0.299
10739.2;0.687
10739.7;0.4
10740.2;0.188
10740.7;0.047
10741.2;0.561
10741.7;0.68
10742.2;0.384
10742.7;0.087
10743.2;0.321
10743.7;0.82
10744.2;0.616
10744.7;0.153
10745.2;0.414
10745.7;0.442
10746.2;0.215
10746.7;0.503
10747.2;0.556
10747.7;0.71
10748.2;0.105
10748.7;0.37
10749.2;0.157
10749.7;0.943
10750.2;1.085
10750.7;0.484
10751.2;0.374
10751.7;0.168
10752.2;0.729
10752.7;0.582
10753.2;0.585
10753.7;0.393
10754.2;0.734
10754.7;0.597
10755.2;0.254
10755.7;0.17
10756.2;0.47
10756.7;0.365
10757.2;0.806
10757.7;0.533
10758.2;0.29
10758.7;0.625
10759.2;0.247
10759.7;0.502
10760.2;0.431
10760.7;0.432
10761.2;0.13
10761.7;0.59
10762.2;0.422
10762.7;0.464
10763.2;0.602
10763.7;0.224
10764.2;0.473
10764.7;0.798
10765.2;1.01
10765.7;0.198
10766.2;0.602
10766.7;0.124
10767.2;0.46
10767.7;0.679
10768.2;0.307
10768.7;0.306
10769.2;0.77
10769.7;0.764
10770.2;0.067
10770.7;0.463
10771.2;0.306
10771.7;0.305
10772.2;0.53
10772.7;0.255
10773.2;0.475
10773.7;0.806
10774.2;0.391
10774.7;0.382
10775.2;0.576
10775.7;0.207
10776.2;0.401
10776.7;0.795
10777.2;0.415
10777.7;0.135
10778.2;0.503
10778.7;0.473
10779.2;0.144
10779.7;0.66
10780.2;0.486
10780.7;0.064
10781.2;0.687
10781.7;0.447
10782.2;0.412
10782.7;0.637
10783.2;0.199
10783.7;0.525
10784.2;0.6
10784.7;0.343
10785.2;0.327
10785.7;0.762
10786.2;0.401
10786.7;0.455
10787.2;0.657
10787.7;0.307
10788.2;0.089
10788.7;0.555
10789.2;0.355
10789.7;0.536
10790.2;0.586
10790.7;0.154
10791.2;0.634
10791.7;0.499
10792.2;0.517
10792.7;0.339
10793.2;0.554
10793.7;0.218
10794.2;0.452
10794.7;0.549
10795.2;0.097
10795.7;0.27
10796.2;0.664
10796.7;0.549
10797.2;0.675
10797.7;0.484
10798.2;0.536
10798.7;0.504
10799.2;0.943
10799.7;0.716
10800.2;0.261
10800.7;0.474
10801.2;0.324
10801.7;0.499
10802.2;0.54
10802.7;0.401
10803.2;0.073
10803.7;0.429
10804.2;0.413
10804.7;0.353
10805.2;0.455
10805.7;0.21
10806.2;0.376
10806.7;0.512
10807.2;0.423
10807.7;0.257
10808.2;0.467
10808.7;0.357
10809.2;0.521
10809.7;0.465
10810.2;0.232
10810.7;0.256
10811.2;0.456
10811.7;0.452
10812.2;0.337
10812.7;0.305
10813.2;0.177
10813.7;0.599
10814.2;0.805
10814.7;0.159
10815.2;0.406
10815.7;0.678
10816.2;0.523
10816.7;0.647
10817.2;0.508
10817.7;0.479
10818.2;0.495
10818.7;0.662
10819.2;0.358
10819.7;0.55
10820.2;0.468
10820.7;0.424
10821.2;0.415
10821.7;0.197
10822.2;0.338
10822.7;0.391
10823.2;0.34
10823.7;0.254
10824.2;0.264
10824.7;0.374
10825.2;0.38
10825.7;0.176
10826.2;0.338
10826.7;0.315
10827.2;0.259
10827.7;0.36
10828.2;0.48
10828.7;0.169
10829.2;0.264
10829.7;0.113
10830.2;0.36
10830.7;0.402
10831.2;0.469
10831.7;0.319
10832.2;0.462
10832.7;0.137
10833.2;0.613
10833.7;0.22
10834.2;0.227
10834.7;0.078
10835.2;0.185
10835.7;0.359
10836.2;0.368
10836.7;0.176
10837.2;0.383
10837.7;0.24
10838.2;0.727
10838.7;0.109
10839.2;0.454
10839.7;0.093
10840.2;0.32
10840.7;0.434
10841.2;0.391
10841.7;0.323
10842.2;0.327
10842.7;0.344
10843.2;0.489
10843.7;0.273
10844.2;0.564
10844.7;0.36
10845.2;0.656
10845.7;0.434
10846.2;0.345
10846.7;0.654
10847.2;0.252
10847.7;0.445
10848.2;0.476
10848.7;0.43
10849.2;0.605
10849.7;0.038
10850.2;0.339
10850.7;0.068
10851.2;0.613
10851.7;0.264
10852.2;0.288
10852.7;0.305
10853.2;0.328
10853.7;0.38
10854.2;0.235
10854.7;0.143
10855.2;0.555
10855.7;0.315
10856.2;0.385
10856.7;0.27
10857.2;0.089
10857.7;0.111
10858.2;0.23
10858.7;0.223
10859.2;0.36
10859.7;0.388
10860.2;0.175
10860.7;0.042
10861.2;0.307
10861.7;0.421
10862.2;0.247
10862.7;0.169
10863.2;0.265
10863.7;0.161
10864.2;0.323
10864.7;0.166
10865.2;0.285
10865.7;0.345
10866.2;0.101
10866.7;0.371
10867.2;0.539
10867.7;0.27
10868.2;0.131
10868.7;0.405
10869.2;0.223
10869.7;0.495
10870.2;0.224
10870.7;0.185
10871.2;0.383
10871.7;0.277
10872.2;0.364
10872.7;0.15
10873.2;0.365
10873.7;0.382
10874.2;0.228
10874.7;0.218
10875.2;0.109
10875.7;0.584
10876.2;0.699
10876.7;0.058
10877.2;0.168
10877.7;0.126
10878.2;0.536
10878.7;0.653
10879.2;0.212
10879.7;0.245
10880.2;0.29
10880.7;0.524
10881.2;0.138
10881.7;0.16
10882.2;0.447
10882.7;0.079
10883.2;0.367
10883.7;0.389
10884.2;0.35
10884.7;0.196
10885.2;0.147
10885.7;0.499
10886.2;0.479
10886.7;0.289
10887.2;0.182
10887.7;0.13
10888.2;0.397
10888.7;0.297
10889.2;0.466
10889.7;0.503
10890.2;0.317
10890.7;0.108
10891.2;0.195
10891.7;0.627
10892.2;0.629
10892.7;0.279
10893.2;0.209
10893.7;0.527
10894.2;0.575
10894.7;0.491
10895.2;0.322
10895.7;0.142
10896.2;0.377
10896.7;0.47
10897.2;0.163
10897.7;0.412
10898.2;0.553
10898.7;0.527
10899.2;0.248
10899.7;0.68
10900.2;0.753
10900.7;0.24
10901.2;0.378
10901.7;0.598
10902.2;0.646
10902.7;0.794
10903.2;0.919
10903.7;0.985
10904.2;0.636
10904.7;0.883
10905.2;0.756
10905.7;0.727
10906.2;0.657
10906.7;0.766
10907.2;0.952
10907.7;0.922
10908.2;0.676
10908.7;0.567
10909.2;0.337
10909.7;0.335
10910.2;0.567
10910.7;0.539
10911.2;0.389
10911.7;0.457
10912.2;0.452
10912.7;0.168
10913.2;0.135
10913.7;0.458
10914.2;0.599
10914.7;0.353
10915.2;0.517
10915.7;0.528
10916.2;0.67
10916.7;0.601
10917.2;0.365
10917.7;0.558
10918.2;0.723
10918.7;0.657
10919.2;0.312
10919.7;0.151
10920.2;0.261
10920.7;0.53
10921.2;0.602
10921.7;0.522
10922.2;0.38
10922.7;0.103
10923.2;0.335
10923.7;0.37
10924.2;0.372
10924.7;0.411
10925.2;0.085
10925.7;0.411
10926.2;0.215
10926.7;0.468
10927.2;0.456
10927.7;0.641
10928.2;0.622
10928.7;0.675
10929.2;0.4
10929.7;0.471
10930.2;0.509
10930.7;0.439
10931.2;0.161
10931.7;0.632
10932.2;0.562
10932.7;0.539
10933.2;0.201
10933.7;0.64
10934.2;0.564
10934.7;0.265
10935.2;0.564
10935.7;0.664
10936.2;0.508
10936.7;0.111
10937.2;0.768
10937.7;0.262
10938.2;0.583
10938.7;0.246
10939.2;0.772
10939.7;0.224
10940.2;0.668
10940.7;0.382
10941.2;0.846
10941.7;0.332
10942.2;0.584
10942.7;0.383
10943.2;0.519
10943.7;0.366
10944.2;0.752
10944.7;0.886
10945.2;0.69
10945.7;0.547
10946.2;0.325
10946.7;0.968
10947.2;0.558
10947.7;0.526
10948.2;0.632
10948.7;0.674
10949.2;0.178
10949.7;0.638
10950.2;0.464
10950.7;0.314
10951.2;0.5
10951.7;0.692
10952.2;0.183
10952.7;0.764
10953.2;0.584
10953.7;0.311
10954.2;0.033
10954.7;0.835
10955.2;0.283
10955.7;0.575
10956.2;0.912
10956.7;0.294
10957.2;0.583
10957.7;0.641
10958.2;0.588
10958.7;0.372
10959.2;0.471
10959.7;0.583
10960.2;0.387
10960.7;0.424
10961.2;0.537
10961.7;0.413
10962.2;0.39
10962.7;0.503
10963.2;0.961
10963.7;0.538
10964.2;0.04
10964.7;0.13
10965.2;0.458
10965.7;0.177
10966.2;0.87
10966.7;0.62
10967.2;0.365
10967.7;0.236
10968.2;0.587
10968.7;0.231
10969.2;0.633
10969.7;0.547
10970.2;0.47
10970.7;0.268
10971.2;0.426
10971.7;0.459
10972.2;0.19
10972.7;0.443
10973.2;0.509
10973.7;0.66
10974.2;0.14
10974.7;0.42
10975.2;0.286
10975.7;0.552
10976.2;0.233
10976.7;0.761
10977.2;0.514
10977.7;0.472
10978.2;0.186
10978.7;0.076
10979.2;0.251
10979.7;0.392
10980.2;0.292
10980.7;0.397
10981.2;0.576
10981.7;0.425
10982.2;0.24
10982.7;0.49
10983.2;0.307
10983.7;0.409
10984.2;0.709
10984.7;0.236
10985.2;0.209
10985.7;0.263
10986.2;0.232
10986.7;0.23
10987.2;0.594
10987.7;0.36
10988.2;0.484
10988.7;0.629
10989.2;0.155
10989.7;0.475
10990.2;0.342
10990.7;0.243
10991.2;0.388
10991.7;0.308
10992.2;0.224
10992.7;0.38
10993.2;0.408
10993.7;0.152
10994.2;0.221
10994.7;0.493
10995.2;0.511
10995.7;0.544
10996.2;0.562
10996.7;0.219
10997.2;0.499
10997.7;0.643
10998.2;0.384
10998.7;0.122
10999.2;0.263
10999.7;0.292
11000.2;0.445
11000.7;0.628
11001.2;0.388
11001.7;0.557
11002.2;0.509
11002.7;0.422
11003.2;0.348
11003.7;0.422
11004.2;0.477
11004.7;0.374
11005.2;0.271
11005.7;0.077
11006.2;0.386
11006.7;0.844
11007.2;0.182
11007.7;0.669
11008.2;0.346
11008.7;0.255
11009.2;0.442
11009.7;0.512
11010.2;0.357
11010.7;0.497
11011.2;0.319
11011.7;0.199
11012.2;0.066
11012.7;0.171
11013.2;0.319
11013.7;0.103
11014.2;0.483
11014.7;0.353
11015.2;0.314
11015.7;0.267
11016.2;0.304
11016.7;0.209
11017.2;0.38
11017.7;0.554
11018.2;0.29
11018.7;0.677
11019.2;0.206
11019.7;0.54
11020.2;0.22
11020.7;0.241
11021.2;0.254
11021.7;0.171
11022.2;0.135
11022.7;0.08
11023.2;0.333
11023.7;0.046
11024.2;0.222
11024.7;0.264
11025.3;0.201
11025.8;0.351
11026.3;0.358
11026.8;0.041
11027.3;0.595
11027.8;0.201
11028.3;0.228
11028.8;0.217
11029.3;0.478
11029.8;0.146
11030.3;0.21
11030.8;0.131
11031.3;0.157
11031.8;0.286
11032.3;0.078
11032.8;0.171
11033.3;0.286
11033.8;0.423
11034.3;0.328
11034.8;0.511
11035.3;0.182
11035.8;0.493
11036.3;0.05
11036.8;0.395
11037.3;0.133
11037.8;0.439
11038.3;0.572
11038.8;0.472
11039.3;0.152
11039.8;0.174
11040.3;0.356
11040.8;0.455
11041.3;0.225
11041.8;0.277
11042.3;0.463
11042.8;0.512
11043.3;0.354
11043.8;0.023
11044.3;0.131
11044.8;0.113
11045.3;0.604
11045.8;0.471
11046.3;0.374
11046.8;0.133
11047.3;0.184
11047.8;0.285
11048.3;0.102
11048.8;0.285
11049.3;0.234
11049.8;0.724
11050.3;0.563
11050.8;0.355
11051.3;0.146
11051.8;0.579
11052.3;0.234
11052.8;0.582
11053.3;0.73
11053.8;0.619
11054.3;0.694
11054.8;0.563
11055.3;0.565
11055.8;0.515
11056.3;0.736
11056.8;0.379
11057.3;0.297
11057.8;0.456
11058.3;0.321
11058.8;0.4
11059.3;0.566
11059.8;0.583
11060.3;0.645
11060.8;0.924
11061.3;0.48
11061.8;0.709
11062.3;0.652
11062.8;0.566
11063.3;0.743
11063.8;0.222
11064.3;0.376
11064.8;0.352
11065.3;0.183
11065.8;0.284
11066.3;0.56
11066.8;0.758
11067.3;0.319
11067.8;0.476
11068.3;0.624
11068.8;0.363
11069.3;0.175
11069.8;0.236
11070.3;0.67
11070.8;0.568
11071.3;0.316
11071.8;0.362
11072.3;0.319
11072.8;0.723
11073.3;0.498
11073.8;0.19
11074.3;0.286
11074.8;0.491
11075.3;0.139
11075.8;0.394
11076.3;0.486
11076.8;0.863
11077.3;0.917
11077.8;0.258
11078.3;0.43
11078.8;0.564
11079.3;0.205
11079.8;0.704
11080.3;0.736
11080.8;0.683
11081.3;0.518
11081.8;0.927
11082.3;0.813
11082.8;0.408
11083.3;0.412
11083.8;0.352
11084.3;1.397
11084.8;1.236
11085.3;0.696
11085.8;0.715
11086.3;0.912
11086.8;0.152
11087.3;0.467
11087.8;0.614
11088.3;0.217
11088.8;0.533
11089.3;0.676
11089.8;0.261
11090.3;0.298
11090.8;1.149
11091.3;0.347
11091.8;1.182
11092.3;0.666
11092.8;0.171
11093.3;0.651
11093.8;0.125
11094.3;0.685
11094.8;0.242
11095.3;0.649
11095.8;0.175
11096.3;0.337
11096.8;0.071
11097.3;0.335
11097.8;0.774
11098.3;0.754
11098.8;0.688
11099.3;0.833
11099.8;0.208
11100.3;0.918
11100.8;0.485
11101.3;0.108
11101.8;0.238
11102.3;0.592
11102.8;0.37
11103.3;0.211
11103.8;0.539
11104.3;0.742
11104.8;0.158
11105.3;0.657
11105.8;0.322
11106.3;0.566
11106.8;0.837
11107.3;0.157
11107.8;0.47
11108.3;0.206
11108.8;0.455
11109.3;0.073
11109.8;0.391
11110.3;0.493
11110.8;0.437
11111.3;0.852
11111.8;0.729
11112.3;0.658
11112.8;0.681
11113.3;0.395
11113.8;0.492
11114.3;0.454
11114.8;0.025
11115.3;0.236
11115.8;0.227
11116.3;0.36
11116.8;0.372
11117.3;0.819
11117.8;0.839
11118.3;0.38
11118.8;0.941
11119.3;0.517
11119.8;0.891
11120.3;0.991
11120.8;0.294
11121.3;0.239
11121.8;0.613
11122.3;0.118
11122.8;0.356
11123.3;0.523
11123.8;0.855
11124.3;0.862
11124.8;1.035
11125.3;0.601
11125.8;0.691
11126.3;1.006
11126.8;0.773
11127.3;0.653
11127.8;0.217
11128.3;0.208
11128.8;0.544
11129.3;0.552
11129.8;0.438
11130.3;0.775
11130.8;0.845
11131.3;0.895
11131.8;0.648
11132.3;0.782
11132.8;0.843
11133.3;0.983
11133.8;0.853
11134.3;0.305
11134.8;0.286
11135.3;0.35
11135.8;0.336
11136.3;0.061
11136.8;0.277
11137.3;0.78
11137.8;0.872
11138.3;0.813
11138.8;0.721
11139.3;0.951
11139.8;1.444
11140.3;0.969
11140.8;0.715
11141.3;0.57
11141.8;0.427
11142.3;0.957
11142.8;0.697
11143.3;0.24
11143.8;0.632
11144.3;0.793
11144.8;0.715
11145.3;0.263
11145.8;0.766
11146.3;0.633
11146.8;0.712
11147.3;0.612
11147.8;0.4
11148.3;0.134
11148.8;0.399
11149.3;0.224
11149.8;0.171
11150.3;0.172
11150.8;0.363
11151.3;0.425
11151.8;0.389
11152.3;0.268
11152.8;0.243
11153.3;0.22
11153.8;0.57
11154.3;0.392
11154.8;0.244
11155.3;0.197
11155.8;0.201
11156.3;0.227
11156.8;0.405
11157.3;0.45
11157.8;0.397
11158.3;0.351
11158.8;0.226
11159.3;0.142
11159.8;0.506
11160.3;0.81
11160.8;0.705
11161.3;0.449
11161.8;0.271
11162.3;0.141
11162.8;0.109
11163.3;0.141
11163.8;0.302
11164.3;0.115
11164.8;0.416
11165.3;0.245
11165.8;0.193
11166.3;0.359
11166.8;0.679
11167.3;0.678
11167.8;0.562
11168.3;0.364
11168.8;0.485
11169.3;0.044
11169.8;0.502
11170.3;0.283
11170.8;0.46
11171.3;0.467
11171.8;0.495
11172.3;0.167
11172.8;0.337
11173.3;0.352
11173.8;0.031
11174.3;0.217
11174.8;0.429
11175.3;0.568
11175.8;0.062
11176.3;0.446
11176.8;0.513
11177.3;0.097
11177.8;0.185
11178.3;0.364
11178.8;0.595
11179.3;0.32
11179.8;0.532
11180.3;0.303
11180.8;0.201
11181.3;0.162
11181.8;0.364
11182.3;0.262
11182.8;0.052
11183.3;0.284
11183.8;0.478
11184.3;0.528
11184.8;0.192
11185.3;0.219
11185.8;0.295
11186.3;0.265
11186.8;0.392
11187.3;0.147
11187.8;0.355
11188.3;0.213
11188.8;0.341
11189.3;0.151
11189.8;0.294
11190.3;0.354
11190.8;0.359
11191.3;0.378
11191.8;0.396
11192.3;0.252
11192.8;0.22
11193.3;0.342
11193.8;0.399
11194.3;0.365
11194.8;0.386
11195.3;0.407
11195.8;0.456
11196.3;0.064
11196.8;0.355
11197.3;0.424
11197.8;0.041
11198.3;0.411
11198.8;0.73
11199.3;0.265
11199.8;0.184
11200.3;0.242
11200.8;0.362
11201.3;0.255
11201.8;0.118
11202.3;0.775
11202.8;0.401
11203.3;0.399
11203.8;0.4
11204.3;0.123
11204.8;0.207
11205.3;0.529
11205.8;0.856
11206.3;0.427
11206.8;0.321
11207.3;0.264
11207.8;0.37
11208.3;0.067
11208.8;0.833
11209.3;0.222
11209.8;0.516
11210.3;0.354
11210.8;0.597
11211.3;0.365
11211.8;0.306
11212.3;0.472
11212.8;0.487
11213.3;0.306
11213.8;0.384
11214.3;0.11
11214.8;0.111
11215.3;0.208
11215.8;0.52
11216.3;0.385
11216.8;0.345
11217.3;0.143
11217.8;0.292
11218.3;0.192
11218.8;0.814
11219.3;0.51
11219.8;0.426
11220.3;0.162
11220.8;0.325
11221.3;0.22
11221.8;0.473
11222.3;0.167
11222.8;0.366
11223.3;0.237
11223.8;0.121
11224.3;0.228
11224.8;0.611
11225.3;0.661
11225.8;0.294
11226.3;0.487
11226.8;0.539
11227.3;0.478
11227.8;0.15
11228.3;0.221
11228.8;0.32
11229.3;0.378
11229.8;0.239
11230.3;0.06
11230.8;0.063
11231.3;0.373
11231.8;0.159
11232.3;0.236
11232.8;0.201
11233.3;0.411
11233.8;0.423
11234.3;0.212
11234.8;0.313
11235.3;0.253
11235.8;0.721
11236.3;0.291
11236.8;0.132
11237.3;0.213
11237.8;0.284
11238.3;0.683
11238.8;0.174
11239.3;0.038
11239.8;0.357
11240.3;0.365
11240.8;0.314
11241.3;0.293
11241.8;0.641
11242.3;0.169
11242.8;0.474
11243.3;0.34
11243.8;0.153
11244.3;0.554
11244.8;0.408
11245.3;0.312
11245.8;0.27
11246.3;0.229
11246.8;0.697
11247.3;0.295
11247.8;0.268
11248.3;0.177
11248.8;0.378
11249.3;0.878
11249.8;0.173
11250.3;0.142
11250.8;0.145
11251.3;0.315
11251.8;0.505
11252.3;0.397
11252.8;0.077
11253.3;0.241
11253.8;0.289
11254.3;0.34
11254.8;0.206
11255.3;0.432
11255.8;0.526
11256.3;0.415
11256.8;0.44
11257.3;0.338
11257.8;0.259
11258.3;0.295
11258.8;0.161
11259.3;0.424
11259.8;0.394
11260.3;0.107
11260.8;0.305
11261.3;0.203
11261.8;0.352
11262.3;0.506
11262.8;0.432
11263.3;0.059
11263.8;0.574
11264.3;0.173
11264.8;0.293
11265.3;0.225
11265.8;0.488
11266.3;0.329
11266.8;0.403
11267.3;0.224
11267.8;0.508
11268.3;0.473
11268.8;0.518
11269.3;0.415
11269.8;0.42
11270.3;0.446
11270.8;0.356
11271.3;0.349
11271.8;0.24
11272.3;0.394
11272.8;0.284
11273.3;0.06
11273.8;0.206
11274.3;0.139
11274.8;0.184
11275.3;0.334
11275.8;0.547
11276.3;0.211
11276.8;0.352
11277.3;0.089
11277.8;0.174
11278.3;0.253
11278.8;0.28
11279.3;0.24
11279.8;0.308
11280.3;0.479
11280.8;0.253
11281.3;0.103
11281.8;0.396
11282.3;0.135
11282.8;0.091
11283.3;0.212
11283.8;0.358
11284.3;0.312
11284.8;0.175
11285.3;0.602
11285.8;0.286
11286.3;0.303
11286.8;0.066
11287.3;0.29
11287.8;0.494
11288.3;0.339
11288.8;0.359
11289.3;0.24
11289.8;0.08
11290.3;0.332
11290.8;0.39
11291.3;0.214
11291.8;0.211
11292.3;0.618
11292.8;0.242
11293.3;0.39
11293.8;0.308
11294.3;0.314
11294.8;0.222
11295.3;0.464
11295.8;0.116
11296.3;0.083
11296.8;0.219
11297.3;0.149
11297.8;0.386
11298.3;0.592
11298.8;0.446
11299.3;0.011
11299.8;0.31
11300.3;0.196
11300.8;0.254
11301.3;0.447
11301.8;0.516
11302.3;0.651
11302.8;0.311
11303.3;0.135
11303.8;0.603
11304.3;0.401
11304.8;0.424
11305.3;0.475
11305.8;0.537
11306.3;0.158
11306.8;0.159
11307.3;0.274
11307.8;0.088
11308.3;0.352
11308.8;0.188
11309.3;0.128
11309.8;0.297
11310.3;0.209
11310.8;0.467
11311.3;0.34
11311.8;0.366
11312.3;0.097
11312.8;0.233
11313.3;0.159
11313.8;0.27
11314.3;0.161
11314.8;0.573
11315.3;0.176
11315.8;0.418
11316.3;0.135
11316.8;0.473
11317.3;0.478
11317.8;0.194
11318.3;0.342
11318.8;0.078
11319.3;0.502
11319.8;0.124
11320.3;0.167
11320.8;0.097
11321.3;0.391
11321.8;0.186
11322.3;0.294
11322.8;0.563
11323.3;0.583
11323.8;0.316
11324.3;0.165
11324.8;0.252
11325.3;0.241
11325.8;0.346
11326.3;0.255
11326.8;0.217
11327.3;0.209
11327.8;0.367
11328.3;0.188
11328.8;0.098
11329.3;0.295
11329.8;0.107
11330.3;0.381
11330.8;0.402
11331.3;0.358
11331.8;0.124
11332.3;0.161
11332.8;0.43
11333.3;0.221
11333.8;0.153
11334.3;0.249
11334.8;0.355
11335.3;0.042
11335.8;0.375
11336.3;0.198
11336.8;0.198
11337.3;0.26
11337.8;0.363
11338.3;0.255
11338.8;0.063
11339.3;0.238
11339.8;0.219
11340.3;0.081
11340.8;0.196
11341.3;0.144
11341.8;0.373
11342.3;0.205
11342.8;0.131
11343.3;0.067
11343.8;0.312
11344.3;0.152
11344.8;0.349
11345.3;0.102
11345.8;0.18
11346.3;0.174
11346.8;0.45
11347.3;0.283
11347.8;0.27
11348.3;0.478
11348.8;0.2
11349.3;0.135
11349.8;0.402
11350.3;0.397
11350.8;0.178
11351.3;0.31
11351.8;0.321
11352.3;0.427
11352.8;0.445
11353.3;0.487
11353.8;0.312
11354.3;0.169
11354.8;0.5
11355.3;0.486
11355.8;0.624
11356.3;0.618
11356.8;0.546
11357.3;0.397
11357.8;0.481
11358.3;0.751
11358.8;0.382
11359.3;0.391
11359.8;0.582
11360.3;0.944
11360.8;0.612
11361.3;0.055
11361.8;0.258
11362.3;0.421
11362.8;0.48
11363.3;0.536
11363.8;0.248
11364.3;0.503
11364.8;0.287
11365.3;0.357
11365.8;0.764
11366.3;0.765
11366.8;1.067
11367.3;0.244
11367.8;0.517
11368.3;0.453
11368.8;0.436
11369.3;0.675
11369.8;0.162
11370.3;0.869
11370.8;0.611
11371.3;0.329
11371.8;0.329
11372.3;0.315
11372.8;0.776
11373.3;0.585
11373.8;0.687
11374.3;0.146
11374.8;0.147
11375.3;0.439
11375.8;0.422
11376.3;0.644
11376.8;0.922
11377.3;0.469
11377.8;0.295
11378.3;0.288
11378.8;0.318
11379.3;0.797
11379.8;0.391
11380.3;0.518
11380.8;0.073
11381.3;0.285
11381.8;0.706
11382.3;0.448
11382.8;0.539
11383.3;0.486
11383.8;0.45
11384.3;0.368
11384.8;0.514
11385.3;0.488
11385.8;0.53
11386.3;0.168
11386.8;0.558
11387.3;0.317
11387.8;0.149
11388.3;0.271
11388.8;0.062
11389.3;0.502
11389.8;0.644
11390.3;0.183
11390.8;0.477
11391.3;0.265
11391.8;0.423
11392.3;0.493
11392.8;0.619
11393.3;1.105
11393.8;0.448
11394.3;0.372
11394.8;0.286
11395.3;0.427
11395.8;0.673
11396.3;0.12
11396.8;0.851
11397.3;0.241
11397.8;0.336
11398.3;0.69
11398.8;0.584
11399.3;0.39
11399.8;0.806
11400.3;0.532
11400.8;0.419
11401.3;0.715
11401.8;0.698
11402.3;0.532
11402.8;0.605
11403.3;1.297
11403.8;0.373
11404.3;0.44
11404.8;0.411
11405.3;0.69
11405.8;0.575
11406.3;0.207
11406.8;0.33
11407.3;0.558
11407.8;0.823
11408.3;0.531
11408.8;0.307
11409.3;0.444
11409.8;0.51
11410.3;0.252
11410.8;0.319
11411.3;0.266
11411.8;0.926
11412.3;0.506
11412.8;0.346
11413.3;0.339
11413.8;0.599
11414.3;0.192
11414.8;0.64
11415.3;0.326
11415.8;0.485
11416.3;0.674
11416.8;0.502
11417.3;0.688
11417.8;0.534
11418.3;0.325
11418.8;0.035
11419.3;0.233
11419.8;0.689
11420.3;0.539
11420.8;0.894
11421.3;0.57
11421.8;0.396
11422.3;0.355
11422.8;0.394
11423.3;0.425
11423.8;0.28
11424.3;0.666
11424.8;1.007
11425.3;0.594
11425.8;0.438
11426.3;0.182
11426.8;0.349
11427.3;0.373
11427.8;0.561
11428.3;0.42
11428.8;0.264
11429.3;0.363
11429.8;0.229
11430.3;0.243
11430.8;0.393
11431.3;0.418
11431.8;0.227
11432.3;0.757
11432.8;0.351
11433.3;0.475
11433.8;0.372
11434.3;0.071
11434.8;0.146
11435.3;0.173
11435.8;0.263
11436.3;0.225
11436.8;0.468
11437.3;0.256
11437.8;0.494
11438.3;0.312
11438.8;0.396
11439.3;0.387
11439.8;0.259
11440.3;0.11
11440.8;0.489
11441.3;0.218
11441.8;0.135
11442.3;0.166
11442.8;0.112
11443.3;0.18
11443.8;0.461
11444.3;0.267
11444.8;0.361
11445.3;0.724
11445.8;0.378
11446.3;0.488
11446.8;0.181
11447.3;0.384
11447.8;0.243
11448.3;0.462
11448.8;0.337
11449.3;0.37
11449.8;0.224
11450.3;0.092
11450.8;0.209
11451.3;0.251
11451.8;0.17
11452.3;0.887
11452.8;0.877
11453.3;0.661
11453.8;0.621
11454.3;0.201
11454.8;0.393
11455.3;0.178
11455.8;0.5
11456.3;0.691
11456.8;0.95
11457.3;0.336
11457.8;0.183
11458.3;0.293
11458.8;0.368
11459.3;0.483
11459.8;1.018
11460.3;0.704
11460.8;0.276
11461.3;0.38
11461.8;0.413
11462.3;0.151
11462.8;0.303
11463.3;0.319
11463.8;0.402
11464.3;0.298
11464.8;0.167
11465.3;0.087
11465.8;0.352
11466.3;0.504
11466.8;0.452
11467.3;0.747
11467.8;0.228
11468.3;0.378
11468.8;0.351
11469.3;0.122
11469.8;0.37
11470.3;0.083
11470.8;0.305
11471.3;0.17
11471.8;0.502
11472.3;0.602
11472.8;0.42
11473.3;0.464
11473.8;0.378
11474.3;0.374
11474.8;0.434
11475.3;0.013
11475.8;0.256
11476.3;0.522
11476.8;0.334
11477.3;0.423
11477.8;0.694
11478.3;0.395
11478.8;0.381
11479.3;0.306
11479.8;0.426
11480.3;0.147
11480.8;0.353
11481.3;0.509
11481.8;0.337
11482.3;0.242
11482.8;0.661
11483.3;0.392
11483.8;0.555
11484.3;0.474
11484.8;0.937
11485.3;0.104
11485.8;0.326
11486.3;0.724
11486.8;0.395
11487.3;0.246
11487.8;0.226
11488.3;0.429
11488.8;0.385
11489.3;0.18
11489.8;0.638
11490.3;0.1
11490.8;0.435
11491.3;0.425
11491.8;0.346
11492.3;0.393
11492.8;0.717
11493.3;0.545
11493.8;0.346
11494.3;0.214
11494.8;0.205
11495.3;0.405
11495.8;0.19
11496.3;0.643
11496.8;0.495
11497.3;0.388
11497.8;0.414
11498.3;0.223
11498.8;0.209
11499.3;0.22
11499.8;0.165
11500.3;0.193
11500.8;0.261
11501.3;0.189
11501.8;0.239
11502.3;0.25
11502.8;0.395
11503.3;0.164
11503.8;0.289
11504.3;0.59
11504.8;0.065
11505.3;0.162
11505.8;0.215
11506.3;0.136
11506.8;0.095
11507.3;0.154
11507.8;0.222
11508.3;0.075
11508.8;0.235
11509.3;0.196
11509.8;0.154
11510.3;0.329
11510.8;0.318
11511.3;0.685
11511.8;0.239
11512.3;0.27
11512.8;0.131
11513.3;0.44
11513.8;0.572
11514.3;0.171
11514.8;0.044
11515.3;0.34
11515.8;0.553
11516.3;0.277
11516.8;0.312
11517.3;0.343
11517.8;0.544
11518.3;0.48
11518.8;0.312
11519.3;0.316
11519.8;0.452
11520.3;0.487
11520.8;0.495
11521.3;0.364
11521.8;0.07
11522.3;0.462
11522.8;0.324
11523.3;0.555
11523.8;0.262
11524.3;0.37
11524.8;0.536
11525.3;0.124
11525.8;0.391
11526.3;0.416
11526.8;0.104
11527.3;0.714
11527.8;0.112
11528.3;0.194
11528.8;0.169
11529.3;0.289
11529.8;0.407
11530.3;0.15
11530.8;0.12
11531.3;0.16
11531.8;0.164
11532.3;0.12
11532.8;0.346
11533.3;0.139
11533.8;0.139
11534.3;0.284
11534.8;0.275
11535.3;0.2
11535.8;0.439
11536.3;0.327
11536.8;0.33
11537.3;0.213
11537.8;0.467
11538.3;0.36
11538.8;0.128
11539.3;0.185
11539.8;0.224
11540.3;0.437
11540.8;0.317
11541.3;0.231
11541.8;0.429
11542.3;0.121
11542.8;0.763
11543.3;0.511
11543.8;0.147
11544.3;0.552
11544.8;0.365
11545.3;0.358
11545.8;0.21
11546.3;0.351
11546.8;0.216
11547.3;0.272
11547.8;0.269
11548.3;0.306
11548.8;0.406
11549.3;0.789
11549.8;0.819
11550.3;0.427
11550.8;0.293
11551.3;0.634
11551.8;0.24
11552.3;0.341
11552.8;0.468
11553.3;0.163
11553.8;0.308
11554.3;0.269
11554.8;0.237
11555.3;0.13
11555.8;0.239
11556.3;0.608
11556.8;0.16
11557.3;0.2
11557.8;0.328
11558.3;0.331
11558.8;0.236
11559.3;0.409
11559.8;0.352
11560.3;0.186
11560.8;0.104
11561.3;0.29
11561.8;0.189
11562.3;0.161
11562.8;0.535
11563.3;0.413
11563.8;0.234
11564.3;0.204
11564.8;0.414
11565.3;0.139
11565.8;0.021
11566.3;0.305
11566.8;0.377
11567.3;0.196
11567.8;0.055
11568.3;0.124
11568.8;0.328
11569.3;0.441
11569.8;0.269
11570.3;0.354
11570.8;0.106
11571.3;0.268
11571.8;0.08
11572.3;0.089
11572.8;0.239
11573.3;0.513
11573.8;0.174
11574.3;0.331
11574.8;0.32
11575.3;0.129
11575.8;0.313
11576.3;0.321
11576.8;0.217
11577.3;0.33
11577.8;0.403
11578.3;0.514
11578.8;0.369
11579.3;0.513
11579.8;0.408
11580.3;0.218
11580.8;0.508
11581.3;0.218
11581.8;0.063
11582.3;0.201
11582.8;0.371
11583.3;0.58
11583.8;0.274
11584.3;0.308
11584.8;0.107
11585.3;0.429
11585.8;0.272
11586.3;0.081
11586.8;0.215
11587.3;0.117
11587.8;0.372
11588.3;0.152
11588.8;0.112
11589.3;0.121
11589.8;0.19
11590.3;0.238
11590.8;0.187
11591.3;0.148
11591.8;0.134
11592.3;0.124
11592.8;0.078
11593.3;0.366
11593.8;0.36
11594.3;0.054
11594.8;0.286
11595.3;0.248
11595.8;0.236
11596.3;0.358
11596.8;0.3
11597.3;0.18
11597.8;0.026
11598.3;0.38
11598.8;0.355
11599.3;0.52
11599.8;0.455
11600.3;0.393
11600.8;0.1
11601.3;0.302
11601.8;0.488
11602.3;0.569
11602.8;0.328
11603.3;0.143
11603.8;0.338
11604.3;0.379
11604.8;0.422
11605.3;0.486
11605.8;0.243
11606.3;0.276
11606.8;0.38
11607.3;0.353
11607.8;0.276
11608.3;0.333
11608.8;0.403
11609.3;0.472
11609.8;0.498
11610.3;0.427
11610.8;0.36
11611.3;0.369
11611.8;0.12
11612.3;0.178
11612.8;0.562
11613.3;0.169
11613.8;0.324
11614.3;0.167
11614.8;0.354
11615.3;0.303
11615.8;0.315
11616.3;0.117
11616.8;0.228
11617.3;0.299
11617.8;0.219
11618.3;0.158
11618.8;0.138
11619.3;0.334
11619.8;0.238
11620.3;0.132
11620.8;0.178
11621.3;0.253
11621.8;0.47
11622.3;0.177
11622.8;0.289
11623.3;0.118
11623.8;0.171
11624.3;0.184
11624.8;0.133
11625.3;0.118
11625.8;0.219
11626.3;0.218
11626.8;0.152
11627.3;0.124
11627.8;0.199
11628.3;0.344
11628.8;0.302
11629.3;0.416
11629.8;0.307
11630.3;0.137
11630.8;0.335
11631.3;0.11
11631.8;0.07
11632.3;0.335
11632.8;0.326
11633.3;0.227
11633.8;0.195
11634.3;0.528
11634.8;0.372
11635.3;0.498
11635.8;0.167
11636.3;0.127
11636.8;0.564
11637.3;0.025
11637.8;0.328
11638.3;0.242
11638.8;0.174
11639.3;0.179
11639.8;0.071
11640.3;0.29
11640.8;0.225
11641.3;0.208
11641.8;0.467
11642.3;0.296
11642.8;0.159
11643.3;0.371
11643.8;0.147
11644.3;0.178
11644.8;0.16
11645.3;0.101
11645.8;0.103
11646.3;0.362
11646.8;0.22
11647.3;0.179
11647.8;0.224
11648.3;0.214
11648.8;0.353
11649.3;0.171
11649.8;0.35
11650.3;0.28
11650.8;0.382
11651.3;0.434
11651.8;0.361
11652.3;0.046
11652.8;0.197
11653.3;0.321
11653.8;0.343
11654.3;0.252
11654.8;0.36
11655.3;0.305
11655.8;0.827
11656.3;0.649
11656.8;0.227
11657.3;0.152
11657.8;0.253
11658.3;0.461
11658.8;0.25
11659.3;0.177
11659.8;0.194
11660.3;0.24
11660.8;0.207
11661.3;0.298
11661.8;0.492
11662.3;0.526
11662.8;0.448
11663.3;0.713
11663.8;0.456
11664.3;0.513
11664.8;0.533
11665.3;0.214
11665.8;0.166
11666.3;0.286
11666.8;0.357
11667.3;0.016
11667.8;0.506
11668.3;0.393
11668.8;0.402
11669.3;0.54
11669.8;0.152
11670.3;0.214
11670.8;0.532
11671.3;0.28
11671.8;0.667
11672.3;0.139
11672.8;0.454
11673.3;0.414
11673.8;0.559
11674.3;0.524
11674.8;0.818
11675.3;0.532
11675.8;0.717
11676.3;0.538
11676.8;0.674
11677.3;0.396
11677.8;0.387
11678.3;0.452
11678.8;0.461
11679.3;0.169
11679.8;0.53
11680.3;0.728
11680.8;0.397
11681.3;1.063
11681.8;0.382
11682.3;0.495
11682.8;0.206
11683.3;0.396
11683.8;0.259
11684.3;0.364
11684.8;0.249
11685.3;0.172
11685.8;0.096
11686.3;0.604
11686.8;0.285
11687.3;0.316
11687.8;0.662
11688.3;0.749
11688.8;0.711
11689.3;0.278
11689.8;0.466
11690.3;0.244
11690.8;0.253
11691.3;0.32
11691.8;0.368
11692.3;0.279
11692.8;0.342
11693.3;0.4
11693.8;0.178
11694.3;0.464
11694.8;0.707
11695.3;0.472
11695.8;0.264
11696.3;0.169
11696.8;0.17
11697.3;0.116
11697.8;0.764
11698.3;0.411
11698.8;0.448
11699.3;0.292
11699.8;0.533
11700.3;0.311
11700.8;0.545
11701.3;0.595
11701.8;0.75
11702.3;0.362
11702.8;0.134
11703.3;0.785
11703.8;0.386
11704.3;0.28
11704.8;0.514
11705.3;0.505
11705.8;0.194
11706.3;0.271
11706.8;0.231
11707.3;0.538
11707.8;0.599
11708.3;0.235
11708.8;0.613
11709.3;0.442
11709.8;0.519
11710.3;0.299
11710.8;0.388
11711.3;0.491
11711.8;0.371
11712.3;0.463
11712.8;0.175
11713.3;0.446
11713.8;0.109
11714.3;0.494
11714.8;0.14
11715.3;0.562
11715.8;0.475
11716.3;0.325
11716.8;0.616
11717.3;0.39
11717.8;0.451
11718.3;0.101
11718.8;0.449
11719.3;0.495
11719.8;0.307
11720.3;0.433
11720.8;0.382
11721.3;0.435
11721.8;0.377
11722.3;0.356
11722.8;0.297
11723.3;0.257
11723.8;0.289
11724.3;0.224
11724.8;0.118
11725.3;0.228
11725.8;0.352
11726.3;0.098
11726.8;0.38
11727.3;0.208
11727.8;0.093
11728.3;0.304
11728.8;0.272
11729.3;0.38
11729.8;0.081
11730.3;0.256
11730.8;0.431
11731.3;0.359
11731.8;0.287
11732.3;0.311
11732.8;0.28
11733.3;0.4
11733.8;0.386
11734.3;0.28
11734.8;0.365
11735.3;0.432
11735.8;0.245
11736.3;0.256
11736.8;0.235
11737.3;0.248
11737.8;0.311
11738.3;0.235
11738.8;0.556
11739.3;0.184
11739.8;0.265
11740.3;0.366
11740.8;0.302
11741.3;0.647
11741.8;0.212
11742.3;0.838
11742.8;0.193
11743.3;0.117
11743.8;0.446
11744.3;0.316
11744.8;0.495
11745.3;0.299
11745.8;0.643
11746.3;0.198
11746.8;0.475
11747.3;0.484
11747.8;0.253
11748.3;0.231
11748.8;0.213
11749.3;0.574
11749.8;0.15
11750.3;0.226
11750.8;0.455
11751.3;0.595
11751.8;0.134
11752.3;0.252
11752.8;0.481
11753.3;0.341
11753.8;0.572
11754.3;0.598
11754.8;0.392
11755.3;0.238
11755.8;0.619
11756.3;0.241
11756.8;0.114
11757.3;0.323
11757.8;0.466
11758.3;0.359
11758.8;0.251
11759.3;0.35
11759.8;0.263
11760.3;0.41
11760.8;0.302
11761.3;0.284
11761.8;0.559
11762.3;0.146
11762.8;0.845
11763.3;1.501
11763.8;0.441
11764.3;0.267
11764.8;0.359
11765.3;0.431
11765.8;0.076
11766.3;0.338
11766.8;0.135
11767.3;0.203
11767.8;0.534
11768.3;0.38
11768.8;0.138
11769.3;0.362
11769.8;0.053
11770.3;0.169
11770.8;0.11
11771.3;0.264
11771.8;0.178
11772.3;0.379
11772.8;0.258
11773.3;0.27
11773.8;0.394
11774.3;0.237
11774.8;0.162
11775.3;0.52
11775.8;0.199
11776.3;0.215
11776.8;0.483
11777.3;0.191
11777.8;0.456
11778.3;0.163
11778.8;0.347
11779.3;0.188
11779.8;0.403
11780.3;0.379
11780.8;0.171
11781.3;0.475
11781.8;0.347
11782.3;0.348
11782.8;0.201
11783.3;0.183
11783.8;0.252
11784.3;0.488
11784.8;0.225
11785.3;0.397
11785.8;0.545
11786.3;0.257
11786.8;0.2
11787.3;0.159
11787.8;0.162
11788.3;0.331
11788.8;0.337
11789.3;0.568
11789.8;0.261
11790.3;0.314
11790.8;0.127
11791.3;0.278
11791.8;0.1
11792.3;0.159
11792.8;0.329
11793.3;1.488
11793.8;0.053
11794.3;0.15
11794.8;0.33
11795.3;0.158
11795.8;0.072
11796.3;0.134
11796.8;0.265
11797.3;0.252
11797.8;0.324
11798.3;0.464
11798.8;0.193
11799.3;0.451
11799.8;0.256
11800.3;0.428
11800.8;0.403
11801.3;0.147
11801.8;0.227
11802.3;0.016
11802.8;0.053
11803.3;0.197
11803.8;0.403
11804.3;0.504
11804.8;0.468
11805.3;0.358
11805.8;0.17
11806.3;0.379
11806.8;0.256
11807.3;0.349
11807.8;0.401
11808.3;0.277
11808.8;0.031
11809.3;0.227
11809.8;0.245
11810.3;0.106
11810.8;0.189
11811.3;0.265
11811.8;0.115
11812.3;0.022
11812.8;0.18
11813.3;0.438
11813.8;0.097
11814.3;0.179
11814.8;0.425
11815.3;0.236
11815.8;0.14
11816.3;0.273
11816.8;0.102
11817.3;0.304
11817.8;0.317
11818.3;0.357
11818.8;0.171
11819.3;0.332
11819.8;0.183
11820.3;0.474
11820.8;0.333
11821.3;0.139
11821.8;0.299
11822.3;0.416
11822.8;0.294
11823.3;2.776
11823.8;0.427
11824.3;0.375
11824.8;0.368
11825.3;0.417
11825.8;0.1
11826.3;0.556
11826.8;0.212
11827.3;0.682
11827.8;0.427
11828.3;0.376
11828.8;0.347
11829.3;0.469
11829.8;0.143
11830.3;0.145
11830.8;0.477
11831.3;0.121
11831.8;0.366
11832.3;0.14
11832.8;0.362
11833.3;0.256
11833.8;0.353
11834.3;0.314
11834.8;0.31
11835.3;0.438
11835.8;0.341
11836.3;0.136
11836.8;0.061
11837.3;0.216
11837.8;0.609
11838.3;0.232
11838.8;0.498
11839.3;0.26
11839.8;0.233
11840.3;0.303
11840.8;0.27
11841.3;0.423
11841.8;0.208
11842.3;0.293
11842.8;0.416
11843.3;0.034
11843.8;0.09
11844.3;0.591
11844.8;0.289
11845.3;0.566
11845.8;0.347
11846.3;0.112
11846.8;0.595
11847.3;0.333
11847.8;0.356
11848.3;0.081
11848.8;0.526
11849.3;0.046
11849.8;0.591
11850.3;0.293
11850.8;0.057
11851.3;0.74
11851.8;0.107
11852.3;0.321
11852.8;0.141
11853.3;0.865
11853.8;0.25
11854.3;0.351
11854.8;0.266
11855.3;0.02
11855.8;0.575
11856.3;0.319
11856.8;0.586
11857.3;0.172
11857.8;0.191
11858.3;0.497
11858.8;0.297
11859.3;0.378
11859.8;0.1
11860.3;0.507
11860.8;0.454
11861.3;0.177
11861.8;0.253
11862.3;0.274
11862.8;0.306
11863.3;0.405
11863.8;0.004
11864.3;0.137
11864.8;0.311
11865.3;0.124
11865.8;0.346
11866.3;0.243
11866.8;0.207
11867.3;0.31
11867.8;0.178
11868.3;0.299
11868.8;0.016
11869.3;0.484
11869.8;0.121
11870.3;0.266
11870.8;0.191
11871.3;0.102
11871.8;0.249
11872.3;0.115
11872.8;0.138
11873.3;0.132
11873.8;0.136
11874.3;0.22
11874.8;0.244
11875.3;0.152
11875.8;0.257
11876.3;0.138
11876.8;0.256
11877.3;0.139
11877.8;0.383
11878.3;0.355
11878.8;0.013
11879.3;0.172
11879.8;0.201
11880.3;0.117
11880.8;0.187
11881.3;0.093
11881.8;0.111
11882.3;0.22
11882.8;0.151
11883.3;0.44
11883.8;0.095
11884.3;0.522
11884.8;0.464
11885.3;0.453
11885.8;0.199
11886.3;0.517
11886.8;0.253
11887.3;0.318
11887.8;0.129
11888.3;0.436
11888.8;0.36
11889.3;0.309
11889.8;0.275
11890.3;0.115
11890.8;0.188
11891.3;0.254
11891.8;0.262
11892.3;0.292
11892.8;0.28
11893.3;0.446
11893.8;0.562
11894.3;0.499
11894.8;0.572
11895.3;0.347
11895.8;0.78
11896.3;0.481
11896.8;0.59
11897.3;0.499
11897.8;0.478
11898.3;0.533
11898.8;0.102
11899.3;0.332
11899.8;0.42
11900.3;0.469
11900.8;0.448
11901.3;0.285
11901.8;0.425
11902.3;0.063
11902.8;0.426
11903.3;0.617
11903.8;0.466
11904.3;0.342
11904.8;0.268
11905.3;0.853
11905.8;0.456
11906.3;0.317
11906.8;0.212
11907.3;0.694
11907.8;0.652
11908.3;0.44
11908.8;0.355
11909.3;0.241
11909.8;0.372
11910.3;0.205
11910.8;0.038
11911.3;0.25
11911.8;0.045
11912.3;0.353
11912.8;0.292
11913.3;0.392
11913.8;0.328
11914.3;0.149
11914.8;0.407
11915.3;0.16
11915.8;0.211
11916.3;0.081
11916.8;0.325
11917.3;0.171
11917.8;0.405
11918.3;0.456
11918.8;0.374
11919.3;0.396
11919.8;0.304
11920.3;0.395
11920.8;0.205
11921.3;0.439
11921.8;0.386
11922.3;0.636
11922.8;0.825
11923.3;0.478
11923.8;0.096
11924.3;0.237
11924.8;0.587
11925.3;0.438
11925.8;0.315
11926.3;0.663
11926.8;0.813
11927.3;0.47
11927.8;0.086
11928.3;0.421
11928.8;0.408
11929.3;0.071
11929.8;0.523
11930.3;0.749
11930.8;0.325
11931.3;0.145
11931.8;0.123
11932.3;0.556
11932.8;0.227
11933.3;0.182
11933.8;0.296
11934.3;0.253
11934.8;0.152
11935.3;0.071
11935.8;0.355
11936.3;0.241
11936.8;0.151
11937.3;0.061
11937.8;0.152
11938.3;0.299
11938.8;0.083
11939.3;0.266
11939.8;0.171
11940.3;0.149
11940.8;0.255
11941.3;0.386
11941.8;0.187
11942.3;0.326
11942.8;0.415
11943.3;0.317
11943.8;0.178
11944.3;0.453
11944.8;0.344
11945.3;0.27
11945.8;0.456
11946.3;0.603
11946.8;0.405
11947.3;0.215
11947.8;0.169
11948.3;0.197
11948.8;0.461
11949.3;0.573
11949.8;0.281
11950.3;0.177
11950.8;0.196
11951.3;0.581
11951.8;0.31
11952.3;0.164
11952.8;0.292
11953.3;0.456
11953.8;0.386
11954.3;0.38
11954.8;0.278
11955.3;0.325
11955.8;0.018
11956.3;0.33
11956.8;0.315
11957.3;0.328
11957.8;0.153
11958.3;0.319
11958.8;0.236
11959.3;0.108
11959.8;0.371
11960.3;0.254
11960.8;0.233
11961.3;0.409
11961.8;0.384
11962.3;0.512
11962.8;0.295
11963.3;0.202
11963.8;0.565
11964.3;0.112
11964.8;0.393
11965.3;0.296
11965.8;0.516
11966.3;0.431
11966.8;0.498
11967.3;0.336
11967.8;0.238
11968.3;0.276
11968.8;0.383
11969.3;0.175
11969.8;0.092
11970.3;0.155
11970.8;0.398
11971.3;0.557
11971.8;0.153
11972.3;0.145
11972.8;0.202
11973.3;0.84
11973.8;0.101
11974.3;0.2
11974.8;0.31
11975.3;0.18
11975.8;0.554
11976.3;0.283
11976.8;0.15
11977.3;0.472
11977.8;0.076
11978.3;0.422
11978.8;0.297
11979.3;0.342
11979.8;0.396
11980.3;0.201
11980.8;0.302
11981.3;0.379
11981.8;0.441
11982.3;0.43
11982.8;0.263
11983.3;0.057
11983.8;0.397
11984.3;0.356
11984.8;0.251
11985.3;0.45
11985.8;0.576
11986.3;0.423
11986.8;0.181
11987.3;0.845
11987.8;0.586
11988.3;0.286
11988.8;0.33
11989.3;0.48
11989.8;0.278
11990.3;0.497
11990.8;0.602
11991.3;0.743
11991.8;0.127
11992.3;0.483
11992.8;0.584
11993.3;0.337
11993.8;0.302
11994.3;0.714
11994.8;0.604
11995.3;0.059
11995.8;0.486
11996.3;0.48
11996.8;0.437
11997.3;0.306
11997.8;0.764
11998.3;0.214
11998.8;0.277
11999.3;0.402
11999.8;0.51
12000.3;0.288
12000.8;0.684
12001.3;0.343
12001.8;0.47
12002.3;0.065
12002.8;0.556
12003.3;0.278
12003.8;0.12
12004.3;0.416
12004.8;0.251
12005.3;0.592
12005.8;0.301
12006.3;0.179
12006.8;0.35
12007.3;0.163
12007.8;0.564
12008.3;0.485
12008.8;0.269
12009.3;0.194
12009.8;0.199
12010.3;0.314
12010.8;0.087
12011.3;0.338
12011.8;0.218
12012.3;0.215
12012.8;0.079
12013.3;0.341
12013.8;0.235
12014.3;0.198
12014.8;0.237
12015.3;0.298
12015.8;0.363
12016.3;0.391
12016.8;0.331
12017.3;0.38
12017.8;0.111
12018.3;0.643
12018.8;0.359
12019.3;0.342
12019.8;0.224
12020.3;0.307
12020.8;0.193
12021.3;0.455
12021.8;0.49
12022.3;0.159
12022.8;0.82
12023.3;0.293
12023.8;0.476
12024.3;0.337
12024.8;0.729
12025.3;0.176
12025.8;0.619
12026.3;0.31
12026.8;0.536
12027.3;0.474
12027.8;0.522
12028.3;0.331
12028.8;0.597
12029.3;0.571
12029.8;0.479
12030.3;0.493
12030.8;0.197
12031.3;0.45
12031.8;0.375
12032.3;0.401
12032.8;0.337
12033.3;0.415
12033.8;0.147
12034.3;0.73
12034.8;0.481
12035.3;0.723
12035.8;0.64
12036.3;0.817
12036.8;0.563
12037.3;0.556
12037.8;0.327
12038.3;0.34
12038.8;0.432
12039.3;0.309
12039.8;0.135
12040.3;0.419
12040.8;0.705
12041.3;0.441
12041.8;0.883
12042.3;0.496
12042.8;0.689
12043.3;0.749
12043.8;0.369
12044.3;0.617
12044.8;0.134
12045.3;0.412
12045.8;0.169
12046.3;0.391
12046.8;0.221
12047.3;0.398
12047.8;0.402
12048.3;0.406
12048.8;0.731
12049.3;0.882
12049.8;0.473
12050.3;0.801
12050.8;0.458
12051.3;0.888
12051.8;0.663
12052.3;0.058
12052.8;0.224
12053.3;0.403
12053.8;0.787
12054.3;0.395
12054.8;0.609
12055.3;0.606
12055.8;0.767
12056.3;0.899
12056.8;0.713
12057.3;0.772
12057.8;0.828
12058.3;0.36
12058.8;0.723
12059.3;0.447
12059.8;0.604
12060.3;0.296
12060.8;0.632
12061.3;0.849
12061.8;0.609
12062.3;1.085
12062.8;0.518
12063.3;0.713
12063.8;0.659
12064.3;0.823
12064.8;1.147
12065.3;0.337
12065.8;0.335
12066.3;0.184
12066.8;0.84
12067.3;0.51
12067.8;0.433
12068.3;0.656
12068.8;0.36
12069.3;0.833
12069.8;0.928
12070.3;0.383
12070.8;0.486
12071.3;0.04
12071.8;0.466
12072.3;0.403
12072.8;0.469
12073.3;0.554
12073.8;0.57
12074.3;0.83
12074.8;0.483
12075.3;0.624
12075.8;0.464
12076.3;0.556
12076.8;0.892
12077.3;0.445
12077.8;0.545
12078.3;0.138
12078.8;0.394
12079.3;0.089
12079.8;0.281
12080.3;0.274
12080.8;0.326
12081.3;0.135
12081.8;0.629
12082.3;0.175
12082.8;1.093
12083.3;0.536
12083.8;0.62
12084.3;0.403
12084.8;0.611
12085.3;0.39
12085.8;0.229
12086.3;0.551
12086.8;0.216
12087.3;0.28
12087.8;0.094
12088.3;0.124
12088.8;0.434
12089.3;0.405
12089.8;0.101
12090.3;0.253
12090.8;0.297
12091.3;0.455
12091.8;0.18
12092.3;0.127
12092.8;0.393
12093.3;0.258
12093.8;0.448
12094.3;0.058
12094.8;0.212
12095.3;0.296
12095.8;0.206
12096.3;0.167
12096.8;0.195
12097.3;0.334
12097.8;0.211
12098.3;0.168
12098.8;0.337
12099.3;0.158
12099.8;0.481
12100.3;0.392
12100.8;0.207
12101.3;0.322
12101.8;0.172
12102.3;0.342
12102.8;0.101
12103.3;0.205
12103.8;0.267
12104.3;0.21
12104.8;0.372
12105.3;0.118
12105.8;0.316
12106.3;0.433
12106.8;0.199
12107.3;0.402
12107.8;0.245
12108.3;0.066
12108.8;0.137
12109.3;0.258
12109.8;0.165
12110.3;0.276
12110.8;0.103
12111.3;0.202
12111.8;0.157
12112.3;0.259
12112.8;0.164
12113.3;0.262
12113.8;0.479
12114.3;0.136
12114.8;0.295
12115.3;0.194
12115.8;0.295
12116.3;0.636
12116.8;0.251
12117.3;0.351
12117.8;0.302
12118.3;0.488
12118.8;0.579
12119.3;0.332
12119.8;0.251
12120.3;0.103
12120.8;0.608
12121.3;0.72
12121.8;0.179
12122.3;0.163
12122.8;0.345
12123.3;0.704
12123.8;0.331
12124.3;0.279
12124.8;0.124
12125.3;0.208
12125.8;0.302
12126.3;0.328
12126.8;0.292
12127.3;0.157
12127.8;0.247
12128.3;0.541
12128.8;0.506
12129.3;0.151
12129.8;0.281
12130.3;0.141
12130.8;0.358
12131.3;0.265
12131.8;0.435
12132.3;0.247
12132.8;0.318
12133.3;0.319
12133.8;0.171
12134.3;0.156
12134.8;0.246
12135.3;0.096
12135.8;0.358
12136.3;0.163
12136.8;0.332
12137.3;0.537
12137.8;0.158
12138.3;0.107
12138.8;0.377
12139.3;0.692
12139.8;0.282
12140.3;0.276
12140.8;0.112
12141.3;0.229
12141.8;0.44
12142.3;0.717
12142.8;0.299
12143.3;0.372
12143.8;0.113
12144.3;0.292
12144.8;0.424
12145.3;0.208
12145.8;0.238
12146.3;0.256
12146.8;0.25
12147.3;0.08
12147.8;0.38
12148.3;0.337
12148.8;0.233
12149.3;0.572
12149.8;0.49
12150.3;0.219
12150.8;0.272
12151.3;0.163
12151.8;0.046
12152.3;0.381
12152.8;0.307
12153.3;0.186
12153.8;0.251
12154.3;0.132
12154.8;0.249
12155.3;0.2
12155.8;0.068
12156.3;0.119
12156.8;0.363
12157.3;0.408
12157.8;0.311
12158.3;0.335
12158.8;0.236
12159.3;0.198
12159.8;0.739
12160.3;0.212
12160.8;0.456
12161.3;0.165
12161.8;0.289
12162.3;0.188
12162.8;0.435
12163.3;0.23
12163.8;0.185
12164.3;0.485
12164.8;0.136
12165.3;0.282
12165.8;0.349
12166.3;0.234
12166.8;0.519
12167.3;0.357
12167.8;0.434
12168.3;0.478
12168.8;0.328
12169.3;0.115
12169.8;0.288
12170.3;0.211
12170.8;0.21
12171.3;0.22
12171.8;0.281
12172.3;0.135
12172.8;0.309
12173.3;0.248
12173.8;0.28
12174.3;0.214
12174.8;0.106
12175.3;0.308
12175.8;0.304
12176.3;0.123
12176.8;0.063
12177.3;0.093
12177.8;0.154
12178.3;0.204
12178.8;0.249
12179.3;0.246
12179.8;0.119
12180.3;0.146
12180.8;0.253
12181.3;0.357
12181.8;0.044
12182.3;0.051
12182.8;0.249
12183.3;0.296
12183.8;0.189
12184.3;0.136
12184.8;0.091
12185.3;0.167
12185.8;0.306
12186.3;0.134
12186.8;0.048
12187.3;0.005
12187.8;0.085
12188.3;0.076
12188.8;0.041
12189.3;0.095
12189.8;0.08
12190.3;0.296
12190.8;0.109
12191.3;0.306
12191.8;0.123
12192.3;0.153
12192.8;0.321
12193.3;0.088
12193.8;0.363
12194.3;0.303
12194.8;0.374
12195.3;0.365
12195.8;0.38
12196.3;0.334
12196.8;0.153
12197.3;0.584
12197.8;0.136
12198.3;0.084
12198.8;0.229
12199.3;0.34
12199.8;0.434
12200.3;0.313
12200.8;0.191
12201.3;0.338
12201.8;0.258
12202.3;0.069
12202.8;0.397
12203.3;0.286
12203.8;0.415
12204.3;0.126
12204.8;0.178
12205.3;0.222
12205.8;0.258
12206.3;0.353
12206.8;0.139
12207.3;0.095
12207.8;0.191
12208.3;0.129
12208.8;0.22
12209.3;0.268
12209.8;0.465
12210.3;0.125
12210.8;0.269
12211.3;0.352
12211.8;0.168
12212.3;0.171
12212.8;0.194
12213.3;0.223
12213.8;0.111
12214.3;0.186
12214.8;0.096
12215.3;0.09
12215.8;0.135
12216.3;0.207
12216.8;0.126
12217.3;0.23
12217.8;0.028
12218.3;0.235
12218.8;0.171
12219.3;0.445
12219.8;0.284
12220.3;0.162
12220.8;0.289
12221.3;0.319
12221.8;0.324
12222.3;0.283
12222.8;0.229
12223.3;0.225
12223.8;0.205
12224.3;0.097
12224.8;0.398
12225.3;0.151
12225.8;0.288
12226.3;0.28
12226.8;0.292
12227.3;0.451
12227.8;0.416
12228.3;0.452
12228.8;0.261
12229.3;0.53
12229.8;0.456
12230.3;0.288
12230.8;0.132
12231.3;0.101
12231.8;0.38
12232.3;0.269
12232.8;0.081
12233.3;0.011
12233.8;0.203
12234.3;0.346
12234.8;0.236
12235.3;0.084
12235.8;0.119
12236.3;0.219
12236.8;0.225
12237.3;0.12
12237.8;0.083
12238.3;0.297
12238.8;0.175
12239.3;0.219
12239.8;0.034
12240.3;0.172
12240.8;0.11
12241.3;0.35
12241.8;0.111
12242.3;0.215
12242.8;0.212
12243.3;0.12
12243.8;0.203
12244.3;0.129
12244.8;0.267
12245.3;0.182
12245.8;0.206
12246.3;0.227
12246.8;0.489
12247.3;0.335
12247.8;0.229
12248.3;0.232
12248.8;0.502
12249.3;0.378
12249.8;0.255
12250.3;0.174
12250.8;0.47
12251.3;0.678
12251.8;0.674
12252.3;0.551
12252.8;0.484
12253.3;0.481
12253.8;0.688
12254.3;0.652
12254.8;0.543
12255.3;0.361
12255.8;0.315
12256.3;0.463
12256.8;0.502
12257.3;0.264
12257.8;0.219
12258.3;0.22
12258.8;0.619
12259.3;0.303
12259.8;0.084
12260.3;0.27
12260.8;0.253
12261.3;0.199
12261.8;0.108
12262.3;0.195
12262.8;0.108
12263.3;0.214
12263.8;0.305
12264.3;0.199
12264.8;0.265
12265.3;0.23
12265.8;0.32
12266.3;0.471
12266.8;0.057
12267.3;0.425
12267.8;0.204
12268.3;0.201
12268.8;0.108
12269.3;0.404
12269.8;0.117
12270.3;0.136
12270.8;0.063
12271.3;0.264
12271.8;0.132
12272.3;0.154
12272.8;0.332
12273.3;0.201
12273.8;0.087
12274.3;0.385
12274.8;0.151
12275.3;0.149
12275.8;0.221
12276.3;0.363
12276.8;0.248
12277.3;0.123
12277.8;0.081
12278.3;0.232
12278.8;0.221
12279.3;0.151
12279.8;0.144
12280.3;0.189
12280.8;0.263
12281.3;0.106
12281.8;0.303
12282.3;0.35
12282.8;0.212
12283.3;0.161
12283.8;0.277
12284.3;0.134
12284.8;0.281
12285.3;0.136
12285.8;0.292
12286.3;0.328
12286.8;0.172
12287.3;0.319
12287.8;0.288
12288.3;0.265
12288.8;0.255
12289.3;0.621
12289.8;0.347
12290.3;0.039
12290.8;0.162
12291.3;0.142
12291.8;0.398
12292.3;0.389
12292.8;0.407
12293.3;0.109
12293.8;0.23
12294.3;0.241
12294.8;0.561
12295.3;0.314
12295.8;0.174
12296.3;0.072
12296.8;0.309
12297.3;0.196
12297.8;0.22
12298.3;0.373
12298.8;0.187
12299.3;0.476
12299.8;0.199
12300.3;0.271
12300.8;0.28
12301.3;0.085
12301.8;0.309
12302.3;0.443
12302.8;0.141
12303.3;0.083
12303.8;0.183
12304.3;0.172
12304.8;0.237
12305.3;0.093
12305.8;0.17
12306.3;0.06
12306.8;0.177
12307.3;0.21
12307.8;0.145
12308.3;0.447
12308.8;0.25
12309.3;0.328
12309.8;0.278
12310.3;0.175
12310.8;0.274
12311.3;0.237
12311.8;0.14
12312.3;0.334
12312.8;0.429
12313.3;0.188
12313.8;0.211
12314.3;0.149
12314.8;0.184
12315.3;0.418
12315.8;0.397
12316.3;0.362
12316.8;0.177
12317.3;0.315
12317.8;0.21
12318.3;0.391
12318.8;0.126
12319.3;0.233
12319.8;0.489
12320.3;0.193
12320.8;0.221
12321.3;0.158
12321.8;0.055
12322.3;0.18
12322.8;0.241
12323.3;0.254
12323.8;0.279
12324.3;0.321
12324.8;0.126
12325.3;0.345
12325.8;0.336
12326.3;0.069
12326.8;0.306
12327.3;0.169
12327.8;0.387
12328.3;0.365
12328.8;0.124
12329.3;0.126
12329.8;0.422
12330.3;0.344
12330.8;0.22
12331.3;0.268
12331.8;0.121
12332.3;0.322
12332.8;0.313
12333.3;0.14
12333.8;0.265
12334.3;0.339
12334.8;0.255
12335.3;0.534
12335.8;0.05
12336.3;0.464
12336.8;0.234
12337.3;0.436
12337.8;0.315
12338.3;0.255
12338.8;0.454
12339.3;0.04
12339.8;0.309
12340.3;0.202
12340.8;0.392
12341.3;0.491
12341.8;0.211
12342.3;0.314
12342.8;0.158
12343.3;0.318
12343.8;0.595
12344.3;0.091
12344.8;0.441
12345.3;0.255
12345.8;0.437
12346.3;0.417
12346.8;0.304
12347.3;0.435
12347.8;0.106
12348.3;0.327
12348.8;0.501
12349.3;0.225
12349.8;0.438
12350.3;0.203
12350.8;0.427
12351.3;0.414
12351.8;0.372
12352.3;0.529
12352.8;0.159
12353.3;0.47
12353.8;0.176
12354.3;0.542
12354.8;0.457
12355.3;0.32
12355.8;0.492
12356.3;0.299
12356.8;0.448
12357.3;0.631
12357.8;0.208
12358.3;0.434
12358.8;0.072
12359.3;0.402
12359.8;0.457
12360.3;0.456
12360.8;0.097
12361.3;0.273
12361.8;0.462
12362.3;0.467
12362.8;0.61
12363.3;0.292
12363.8;0.168
12364.3;0.586
12364.8;0.51
12365.3;0.292
12365.8;0.278
12366.3;0.07
12366.8;0.375
12367.3;0.31
12367.8;0.208
12368.3;0.287
12368.8;0.496
12369.3;0.244
12369.8;0.371
12370.3;0.541
12370.8;0.704
12371.3;0.156
12371.8;0.528
12372.3;0.079
12372.8;0.61
12373.3;0.405
12373.8;0.3
12374.3;0.363
12374.8;0.103
12375.3;0.465
12375.8;0.383
12376.3;0.273
12376.8;0.285
12377.3;0.077
12377.8;0.519
12378.3;0.302
12378.8;0.467
12379.3;0.429
12379.8;0.135
12380.3;0.506
12380.8;0.417
12381.3;0.349
12381.8;0.217
12382.3;0.164
12382.8;0.432
12383.3;0.416
12383.8;0.237
12384.3;0.365
12384.8;0.194
12385.3;0.444
12385.8;0.17
12386.3;0.558
12386.8;0.402
12387.3;0.222
12387.8;0.514
12388.3;0.159
12388.8;0.558
12389.3;0.318
12389.8;0.368
12390.3;0.617
12390.8;0.123
12391.3;0.432
12391.8;0.193
12392.3;0.272
12392.8;0.479
12393.3;0.104
12393.8;0.329
12394.3;0.146
12394.8;0.389
12395.3;0.409
12395.8;0.315
12396.3;0.431
12396.8;0.085
12397.3;0.297
12397.8;0.352
12398.3;0.229
12398.8;0.409
12399.3;0.179
12399.8;0.555
12400.3;0.458
12400.8;0.13
12401.3;0.329
12401.8;0.186
12402.3;0.393
12402.8;0.489
12403.3;0.094
12403.8;0.202
12404.3;0.256
12404.8;0.56
12405.3;0.226
12405.8;0.505
12406.3;0.588
12406.8;0.224
12407.3;0.368
12407.8;0.4
12408.3;0.372
12408.8;0.228
12409.3;0.071
12409.8;0.368
12410.3;0.24
12410.8;0.335
12411.3;0.273
12411.8;0.402
12412.3;0.216
12412.8;0.353
12413.3;0.348
12413.8;0.287
12414.3;0.078
12414.8;0.164
12415.3;0.1
12415.8;0.169
12416.3;0.081
12416.8;0.094
12417.3;0.124
12417.8;0.441
12418.3;0.167
12418.8;0.209
12419.3;0.08
12419.8;0.516
12420.3;0.335
12420.8;0.217
12421.3;0.219
12421.8;0.357
12422.3;0.094
12422.8;0.112
12423.3;0.077
12423.8;0.165
12424.3;0.08
12424.8;0.413
12425.3;0.377
12425.8;0.122
12426.3;0.294
12426.8;0.038
12427.3;0.179
12427.8;0.205
12428.3;0.264
12428.8;0.096
12429.3;0.114
12429.8;0.349
12430.3;0.236
12430.8;0.336
12431.3;0.453
12431.8;0.35
12432.3;0.322
12432.8;0.237
12433.3;0.376
12433.8;0.149
12434.3;0.128
12434.8;0.242
12435.3;0.34
12435.8;0.178
12436.3;0.142
12436.8;0.079
12437.3;0.18
12437.8;0.265
12438.3;0.331
12438.8;0.199
12439.3;0.472
12439.8;0.583
12440.3;0.363
12440.8;0.17
12441.3;0.431
12441.8;0.228
12442.3;0.322
12442.8;0.252
12443.3;0.362
12443.8;0.339
12444.3;0.28
12444.8;0.272
12445.3;0.187
12445.8;0.22
12446.3;0.201
12446.8;0.552
12447.3;0.329
12447.8;0.35
12448.3;0.057
12448.8;0.17
12449.3;0.222
12449.8;0.446
12450.3;0.221
12450.8;0.109
12451.3;0.257
12451.8;0.068
12452.3;0.364
12452.8;0.675
12453.3;0.482
12453.8;0.244
12454.3;0.078
12454.8;0.574
12455.3;0.549
12455.8;0.216
12456.3;0.199
12456.8;0.218
12457.3;0.243
12457.8;0.401
12458.3;0.446
12458.8;0.42
12459.3;0.362
12459.8;0.249
12460.3;0.448
12460.8;0.584
12461.3;0.633
12461.8;0.27
12462.3;0.203
12462.8;0.416
12463.3;0.597
12463.8;0.648
12464.3;0.35
12464.8;0.352
12465.3;0.366
12465.8;0.847
12466.3;0.919
12466.8;0.618
12467.3;0.557
12467.8;0.513
12468.3;0.746
12468.8;0.674
12469.3;0.417
12469.8;0.379
12470.3;0.416
12470.8;0.788
12471.3;0.727
12471.8;0.786
12472.3;0.906
12472.8;0.506
12473.3;0.797
12473.8;0.878
12474.3;0.997
12474.8;0.665
12475.3;0.394
12475.8;0.783
12476.3;0.963
12476.8;0.904
12477.3;0.522
12477.8;0.406
12478.3;0.762
12478.8;0.794
12479.3;0.758
12479.8;0.698
12480.3;0.752
12480.8;0.659
12481.3;0.808
12481.8;0.874
12482.3;0.815
12482.8;0.427
12483.3;0.536
12483.8;0.779
12484.3;0.61
12484.8;0.415
12485.3;0.402
12485.8;0.562
12486.3;0.331
12486.8;0.384
12487.3;0.577
12487.8;0.36
12488.3;0.029
12488.8;0.133
12489.3;0.502
12489.8;0.549
12490.3;0.356
12490.8;0.093
12491.3;0.146
12491.8;0.304
12492.3;0.543
12492.8;0.253
12493.3;0.116
12493.8;0.162
12494.3;0.496
12494.8;0.341
12495.3;0.075
12495.8;0.482
12496.3;0.371
12496.8;0.274
12497.3;0.326
12497.8;0.398
12498.3;0.173
12498.8;0.049
12499.3;0.227
12499.8;0.326
12500.3;0.343
12500.8;0.388
12501.3;0.086
12501.8;0.186
12502.3;0.28
12502.8;0.373
12503.3;0.27
12503.8;0.154
12504.3;0.111
12504.8;0.142
12505.3;0.167
12505.8;0.328
12506.3;0.259
12506.8;0.189
12507.3;0.208
12507.8;0.165
12508.3;0.176
12508.8;0.127
12509.3;0.208
12509.8;0.15
12510.3;0.218
12510.8;0.101
12511.3;0.166
12511.8;0.147
12512.3;0.08
12512.8;0.139
12513.3;0.105
12513.8;0.218
12514.3;0.288
12514.8;0.093
12515.3;0.119
12515.8;0.069
12516.3;0.241
12516.8;0.281
12517.3;0.197
12517.8;0.122
12518.3;0.244
12518.8;0.279
12519.3;0.357
12519.8;0.115
12520.3;0.259
12520.8;0.054
12521.3;0.288
12521.8;0.353
12522.3;0.395
12522.8;0.149
12523.3;0.128
12523.8;0.461
12524.3;0.233
12524.8;0.128
12525.3;0.183
12525.8;0.382
12526.3;0.214
12526.8;0.329
12527.3;0.139
12527.8;0.166
12528.3;0.046
12528.8;0.552
12529.3;0.155
12529.8;0.218
12530.3;0.618
12530.8;0.284
12531.3;0.382
12531.8;0.093
12532.3;0.508
12532.8;0.142
12533.3;0.537
12533.8;0.258
12534.3;0.346
12534.8;0.09
12535.3;0.233
12535.8;0.406
12536.3;0.382
12536.8;0.359
12537.3;0.345
12537.8;0.094
12538.3;0.152
12538.8;0.187
12539.3;0.352
12539.8;0.091
12540.3;0.42
12540.8;0.227
12541.3;0.236
12541.8;0.241
12542.3;0.478
12542.8;0.329
12543.3;0.307
12543.8;0.348
12544.3;0.313
12544.8;0.203
12545.3;0.202
12545.8;0.195
12546.3;0.347
12546.8;0.483
12547.3;0.369
12547.8;0.14
12548.3;0.154
12548.8;0.228
12549.3;0.259
12549.8;0.228
12550.3;0.356
12550.8;0.259
12551.3;0.114
12551.8;0.205
12552.3;0.121
12552.8;0.508
12553.3;0.064
12553.8;0.512
12554.3;0.162
12554.8;0.105
12555.3;0.255
12555.8;0.097
12556.3;0.429
12556.8;0.361
12557.3;0.344
12557.8;0.535
12558.3;0.172
12558.8;0.24
12559.3;0.32
12559.8;0.523
12560.3;0.323
12560.8;0.173
12561.3;0.695
12561.8;0.437
12562.3;0.09
12562.8;0.587
12563.3;0.51
12563.8;0.667
12564.3;0.104
12564.8;0.413
12565.3;0.481
12565.8;0.48
12566.3;0.271
12566.8;0.283
12567.3;0.894
12567.8;0.727
12568.3;0.637
12568.8;0.318
12569.3;0.448
12569.8;0.569
12570.3;0.41
12570.8;0.764
12571.3;0.475
12571.8;0.298
12572.3;0.373
12572.8;0.632
12573.3;0.438
12573.8;0.308
12574.3;0.393
12574.8;0.707
12575.3;0.624
12575.8;0.171
12576.3;0.044
12576.8;0.323
12577.3;0.518
12577.8;0.477
12578.3;0.361
12578.8;0.269
12579.3;0.291
12579.8;0.395
12580.3;0.135
12580.8;0.336
12581.3;0.737
12581.8;0.685
12582.3;0.649
12582.8;0.282
12583.3;0.121
12583.8;0.331
12584.3;0.351
12584.8;0.156
12585.3;0.106
12585.8;0.349
12586.3;0.104
12586.8;0.068
12587.3;0.232
12587.8;0.164
12588.3;0.262
12588.8;0.149
12589.3;0.347
12589.8;0.142
12590.3;0.254
12590.8;0.065
12591.3;0.038
12591.8;0.298
12592.3;0.176
12592.8;0.373
12593.3;0.298
12593.8;0.259
12594.3;0.401
12594.8;0.076
12595.3;0.078
12595.8;0.29
12596.3;0.238
12596.8;0.28
12597.3;0.339
12597.8;0.336
12598.3;0.336
12598.8;0.271
12599.3;0.368
12599.8;0.373
12600.3;0.548
12600.8;0.41
12601.3;0.121
12601.8;0.171
12602.3;0.12
12602.8;0.275
12603.3;0.143
12603.8;0.099
12604.3;0.472
12604.8;0.433
12605.3;0.577
12605.8;0.558
12606.3;0.737
12606.8;0.745
12607.3;0.638
12607.8;0.535
12608.3;0.227
12608.8;0.559
12609.3;0.198
12609.8;0.048
12610.3;0.117
12610.8;0.05
12611.3;0.281
12611.8;0.295
12612.3;0.24
12612.8;0.455
12613.3;0.374
12613.8;0.654
12614.3;0.455
12614.8;0.362
12615.3;0.456
12615.8;0.324
12616.3;0.372
12616.8;0.089
12617.3;0.21
12617.8;0.089
12618.3;0.206
12618.8;0.24
12619.3;0.288
12619.8;0.4
12620.3;0.25
12620.8;0.323
12621.3;0.372
12621.8;0.201
12622.3;0.468
12622.8;0.263
12623.3;0.193
12623.8;0.302
12624.3;0.193
12624.8;0.092
12625.3;0.294
12625.8;0.221
12626.3;0.071
12626.8;0.362
12627.3;0.063
12627.8;0.284
12628.3;0.273
12628.8;0.253
12629.3;0.088
12629.8;0.11
12630.3;0.192
12630.8;0.078
12631.3;0.368
12631.8;0.101
12632.3;0.157
12632.8;0.164
12633.3;0.392
12633.8;0.248
12634.3;0.411
12634.8;0.374
12635.3;0.31
12635.8;0.291
12636.3;0.155
12636.8;0.122
12637.3;0.094
12637.8;0.297
12638.3;0.305
12638.8;0.321
12639.3;0.3
12639.8;0.439
12640.3;0.385
12640.8;0.302
12641.3;0.276
12641.8;0.285
12642.3;0.192
12642.8;0.244
12643.3;0.147
12643.8;0.168
12644.3;0.133
12644.8;0.083
12645.3;0.416
12645.8;0.137
12646.3;0.424
12646.8;0.168
12647.3;0.439
12647.8;0.318
12648.3;0.143
12648.8;0.34
12649.3;0.219
12649.8;0.236
12650.3;0.147
12650.8;0.133
12651.3;0.336
12651.8;0.406
12652.3;0.305
12652.8;0.211
12653.3;0.323
12653.8;0.299
12654.3;0.129
12654.8;0.301
12655.3;0.137
12655.8;0.314
12656.3;0.15
12656.8;0.115
12657.3;0.064
12657.8;0.206
12658.3;0.056
12658.8;0.367
12659.3;0.034
12659.8;0.282
12660.3;0.223
12660.8;0.22
12661.3;0.264
12661.8;0.307
12662.3;0.203
12662.8;0.302
12663.3;0.148
12663.8;0.149
12664.3;0.232
12664.8;0.092
12665.3;0.332
12665.8;0.207
12666.3;0.254
12666.8;0.352
12667.3;0.281
12667.8;0.302
12668.3;0.166
12668.8;0.038
12669.3;0.259
12669.8;0.077
12670.3;0.318
12670.8;0.031
12671.3;0.235
12671.8;0.114
12672.3;0.269
12672.8;0.16
12673.3;0.296
12673.8;0.483
12674.3;0.204
12674.8;0.306
12675.3;0.186
12675.8;0.11
12676.3;0.425
12676.8;0.212
12677.3;0.107
12677.8;0.118
12678.3;0.088
12678.8;0.153
12679.3;0.344
12679.8;0.075
12680.3;0.206
12680.8;0.184
12681.3;0.302
12681.8;0.132
12682.3;0.199
12682.8;0.182
12683.3;0.207
12683.8;0.252
12684.3;0.26
12684.8;0.209
12685.3;0.164
12685.8;0.111
12686.3;0.306
12686.8;0.269
12687.3;0.178
12687.8;0.326
12688.3;0.189
12688.8;0.381
12689.3;0.158
12689.8;0.229
12690.3;0.261
12690.8;0.319
12691.3;0.312
12691.8;0.296
12692.3;0.136
12692.8;0.177
12693.3;0.101
12693.8;0.331
12694.3;0.443
12694.8;0.294
12695.3;0.206
12695.8;0.261
12696.3;0.48
12696.8;0.11
12697.3;0.295
12697.8;0.41
12698.3;0.357
12698.8;0.403
12699.3;0.178
12699.8;0.264
12700.3;0.286
12700.8;0.194
12701.3;0.345
12701.8;0.374
12702.3;0.3
12702.8;0.09
12703.3;0.291
12703.8;0.201
12704.3;0.059
12704.8;0.17
12705.3;0.061
12705.8;0.224
12706.3;0.157
12706.8;0.114
12707.3;0.267
12707.8;0.097
12708.3;0.02
12708.8;0.166
12709.3;0.279
12709.8;0.167
12710.3;0.29
12710.8;0.292
12711.3;0.061
12711.8;0.343
12712.3;0.149
12712.8;0.248
12713.3;0.03
12713.8;0.24
12714.3;0.13
12714.8;0.217
12715.3;0.125
12715.8;0.347
12716.3;0.348
12716.8;0.093
12717.3;0.221
12717.8;0.468
12718.3;0.457
12718.8;0.02
12719.3;0.125
12719.8;0.318
12720.3;0.388
12720.8;0.397
12721.3;0.324
12721.8;0.401
12722.3;0.415
12722.8;0.583
12723.3;0.408
12723.8;0.306
12724.3;0.222
12724.8;0.371
12725.3;0.455
12725.8;0.575
12726.3;0.308
12726.8;0.354
12727.3;0.213
12727.8;0.206
12728.3;0.405
12728.8;0.145
12729.3;0.135
12729.8;0.367
12730.3;0.374
12730.8;0.275
12731.3;0.213
12731.8;0.155
12732.3;0.269
12732.8;0.437
12733.3;0.611
12733.8;0.324
12734.3;0.535
12734.8;0.325
12735.3;0.357
12735.8;0.496
12736.3;0.311
12736.8;0.566
12737.3;0.368
12737.8;0.738
12738.3;0.297
12738.8;0.029
12739.3;0.334
12739.8;0.275
12740.3;0.502
12740.8;0.298
12741.3;0.256
12741.8;0.27
12742.3;0.18
12742.8;0.439
12743.3;0.317
12743.8;0.299
12744.3;0.288
12744.8;0.266
12745.3;0.225
12745.8;0.226
12746.3;0.44
12746.8;0.327
12747.3;0.251
12747.8;0.321
12748.3;0.485
12748.8;0.073
12749.3;0.023
12749.8;0.17
12750.3;0.261
12750.8;0.293
12751.3;0.177
12751.8;0.316
12752.3;0.225
12752.8;0.028
12753.3;0.206
12753.8;0.1
12754.3;0.412
12754.8;0.256
12755.3;0.274
12755.8;0.113
12756.3;0.344
12756.8;0.08
12757.3;0.225
12757.8;0.204
12758.3;0.288
12758.8;0.014
12759.3;0.109
12759.8;0.165
12760.3;0.141
12760.8;0.364
12761.3;0.167
12761.8;0.304
12762.3;0.085
12762.8;0.394
12763.3;0.182
12763.8;0.22
12764.3;0.14
12764.8;0.328
12765.3;0.117
12765.8;0.178
12766.3;0.062
12766.8;0.111
12767.3;0.138
12767.8;0.143
12768.3;0.125
12768.8;0.26
12769.3;0.182
12769.8;0.294
12770.3;0.149
12770.8;0.202
12771.3;0.227
12771.8;0.246
12772.3;0.267
12772.8;0.167
12773.3;0.3
12773.8;0.267
12774.3;0.312
12774.8;0.225
12775.3;0.203
12775.8;0.186
12776.3;0.395
12776.8;0.192
12777.3;0.295
12777.8;0.278
12778.3;0.122
12778.8;0.236
12779.3;0.495
12779.8;0.176
12780.3;0.179
12780.8;0.176
12781.3;0.649
12781.8;0.324
12782.3;0.341
12782.8;0.437
12783.3;0.187
12783.8;0.26
12784.3;0.624
12784.8;0.297
12785.3;0.279
12785.8;0.225
12786.3;0.327
12786.8;0.397
12787.3;0.347
12787.8;0.56
12788.3;0.2
12788.8;0.062
12789.3;0.402
12789.8;0.225
12790.3;0.153
12790.8;0.298
12791.3;0.34
12791.8;0.33
12792.3;0.155
12792.8;0.292
12793.3;0.19
12793.8;0.098
12794.3;0.103
12794.8;0.284
12795.3;0.39
12795.8;0.157
12796.3;0.093
12796.8;0.107
12797.3;0.282
12797.8;0.265
12798.3;0.153
12798.8;0.253
12799.3;0.142
12799.8;0.212
12800.3;0.309
12800.8;0.109
12801.3;0.218
12801.8;0.301
12802.3;0.135
12802.8;0.232
12803.3;0.249
12803.8;0.25
12804.3;0.258
12804.8;0.155
12805.3;0.224
12805.8;0.287
12806.3;0.365
12806.8;0.19
12807.3;0.053
12807.8;0.254
12808.3;0.246
12808.8;0.21
12809.3;0.145
12809.8;0.23
12810.3;0.122
12810.8;0.102
12811.3;0.125
12811.8;0.183
12812.3;0.132
12812.8;0.138
12813.3;0.31
12813.8;0.26
12814.3;0.336
12814.8;0.268
12815.3;0.246
12815.8;0.065
12816.3;0.133
12816.8;0.236
12817.3;0.237
12817.8;0.253
12818.3;0.248
12818.8;0.294
12819.3;0.267
12819.8;0.096
12820.3;0.258
12820.8;0.185
12821.3;0.401
12821.8;0.134
12822.3;0.101
12822.8;0.159
12823.3;0.3
12823.8;0.342
12824.3;0.138
12824.8;0.186
12825.3;0.069
12825.8;0.254
12826.3;0.392
12826.8;0.177
12827.3;0.218
12827.8;0.214
12828.3;0.285
12828.8;0.194
12829.3;0.088
12829.8;0.361
12830.3;0.054
12830.8;0.408
12831.3;0.122
12831.8;0.133
12832.3;0.056
12832.8;0.163
12833.3;0.268
12833.8;0.079
12834.3;0.028
12834.8;0.188
12835.3;0.216
12835.8;0.138
12836.3;0.154
12836.8;0.18
12837.3;0.341
12837.8;0.225
12838.3;0.111
12838.8;0.204
12839.3;0.119
12839.8;0.183
12840.3;0.301
12840.8;0.161
12841.3;0.223
12841.8;0.026
12842.3;0.078
12842.8;0.263
12843.3;0.128
12843.8;0.069
12844.3;0.024
12844.8;0.191
12845.3;0.206
12845.8;0.26
12846.3;0.258
12846.8;0.224
12847.3;0.085
12847.8;0.277
12848.3;0.124
12848.8;0.315
12849.3;0.332
12849.8;0.232
12850.3;0.128
12850.8;0.239
12851.3;0.252
12851.8;0.237
12852.3;0.135
12852.8;0.136
12853.3;0.133
12853.8;0.367
12854.3;0.262
12854.8;0.262
12855.3;0.307
12855.8;0.254
12856.3;0.575
12856.8;0.334
12857.3;0.226
12857.8;0.116
12858.3;0.274
12858.8;0.365
12859.3;0.238
12859.8;0.277
12860.3;0.169
12860.8;0.306
12861.3;0.234
12861.8;0.161
12862.3;0.237
12862.8;0.347
12863.3;0.424
12863.8;0.321
12864.3;0.235
12864.8;0.236
12865.3;0.344
12865.8;0.107
12866.3;0.184
12866.8;0.3
12867.3;0.328
12867.8;0.061
12868.3;0.115
12868.8;0.428
12869.3;0.335
12869.8;0.379
12870.3;0.421
12870.8;0.303
12871.3;0.293
12871.8;0.238
12872.3;0.516
12872.8;0.17
12873.3;0.403
12873.8;0.39
12874.3;0.31
12874.8;0.346
12875.3;0.375
12875.8;0.501
12876.3;0.223
12876.8;0.263
12877.3;0.369
12877.8;0.192
12878.3;0.267
12878.8;0.37
12879.3;0.251
12879.8;0.331
12880.3;0.279
12880.8;0.405
12881.3;0.255
12881.8;0.329
12882.3;0.461
12882.8;0.397
12883.3;0.277
12883.8;0.074
12884.3;0.263
12884.8;0.44
12885.3;0.494
12885.8;0.452
12886.3;0.27
12886.8;0.581
12887.3;0.513
12887.8;0.484
12888.3;0.665
12888.8;0.645
12889.3;0.731
12889.8;0.625
12890.3;0.662
12890.8;0.544
12891.3;0.589
12891.8;0.488
12892.3;0.45
12892.8;0.629
12893.3;0.324
12893.8;0.469
12894.3;0.261
12894.8;0.308
12895.3;0.731
12895.8;0.631
12896.3;0.44
12896.8;0.315
12897.3;0.256
12897.8;0.73
12898.3;0.171
12898.8;0.489
12899.3;0.42
12899.8;0.337
12900.3;0.436
12900.8;0.481
12901.3;0.793
12901.8;0.307
12902.3;0.079
12902.8;0.681
12903.3;0.515
12903.8;0.448
12904.3;0.548
12904.8;0.205
12905.3;0.225
12905.8;0.056
12906.3;0.395
12906.8;0.547
12907.3;0.237
12907.8;0.707
12908.3;0.251
12908.8;0.219
12909.3;0.735
12909.8;0.472
12910.3;0.38
12910.8;0.281
12911.3;0.539
12911.8;0.539
12912.3;0.28
12912.8;0.161
12913.3;0.229
12913.8;0.48
12914.3;0.318
12914.8;0.325
12915.3;0.168
12915.8;0.295
12916.3;0.293
12916.8;0.08
12917.3;0.263
12917.8;0.493
12918.3;0.219
12918.8;0.288
12919.3;0.205
12919.8;0.199
12920.3;0.634
12920.8;0.199
12921.3;0.23
12921.8;0.146
12922.3;0.245
12922.8;0.452
12923.3;0.177
12923.8;0.146
12924.3;0.154
12924.8;0.369
12925.3;0.278
12925.8;0.063
12926.3;0.263
12926.8;0.146
12927.3;0.3
12927.8;0.251
12928.3;0.061
12928.8;0.429
12929.3;0.249
12929.8;0.136
12930.3;0.239
12930.8;0.104
12931.3;0.291
12931.8;0.055
12932.3;0.214
12932.8;0.163
12933.3;0.376
12933.8;0.048
12934.3;0.109
12934.8;0.192
12935.3;0.338
12935.8;0.058
12936.3;0.263
12936.8;0.111
12937.3;0.294
12937.8;0.293
12938.3;0.133
12938.8;0.144
12939.3;0.361
12939.8;0.289
12940.3;0.108
12940.8;0.09
12941.3;0.209
12941.8;0.132
12942.3;0.18
12942.8;0.183
12943.3;0.242
12943.8;0.053
12944.3;0.31
12944.8;0.234
12945.3;0.032
12945.8;0.031
12946.3;0.34
12946.8;0.141
12947.3;0.336
12947.8;0.215
12948.3;0.248
12948.8;0.237
12949.3;0.108
12949.8;0.594
12950.3;0.261
12950.8;0.206
12951.3;0.379
12951.8;0.347
12952.3;0.46
12952.8;0.173
12953.3;0.327
12953.8;0.222
12954.3;0.171
12954.8;0.093
12955.3;0.391
12955.8;0.661
12956.3;0.446
12956.8;0.214
12957.3;0.079
12957.8;0.498
12958.3;0.589
12958.8;0.566
12959.3;0.289
12959.8;0.469
12960.3;0.318
12960.8;0.294
12961.3;0.265
12961.8;0.215
12962.3;0.459
12962.8;0.533
12963.3;0.659
12963.8;0.254
12964.3;0.261
12964.8;0.238
12965.3;0.4
12965.8;0.565
12966.3;0.516
12966.8;0.141
12967.3;0.233
12967.8;0.17
12968.3;0.319
12968.8;0.168
12969.3;0.368
12969.8;0.36
12970.3;0.489
12970.8;0.212
12971.3;0.11
12971.8;0.527
12972.3;0.367
12972.8;0.432
12973.3;0.427
12973.8;0.259
12974.3;0.261
12974.8;0.341
12975.3;0.304
12975.8;0.207
12976.3;0.134
12976.8;0.398
12977.3;0.423
12977.8;0.516
12978.3;0.586
12978.8;0.394
12979.3;0.746
12979.8;0.341
12980.3;0.406
12980.8;0.416
12981.3;0.211
12981.8;0.324
12982.3;0.081
12982.8;0.206
12983.3;0.065
12983.8;0.324
12984.3;0.331
12984.8;0.299
12985.3;0.623
12985.8;0.243
12986.3;0.453
12986.8;0.538
12987.3;0.196
12987.8;0.332
12988.3;0.058
12988.8;0.164
12989.3;0.12
12989.8;0.307
12990.3;0.255
12990.8;0.23
12991.3;0.544
12991.8;0.361
12992.3;0.264
12992.8;0.332
12993.3;0.118
12993.8;0.193
12994.3;0.283
12994.8;0.035
12995.3;0.238
12995.8;0.16
12996.3;0.031
12996.8;0.295
12997.3;0.214
12997.8;0.38
12998.3;0.436
12998.8;0.397
12999.3;0.355
12999.8;0.157
13000.3;0.401
13000.8;0.086
13001.3;0.406
13001.8;0.256
13002.3;0.185
13002.8;0.371
13003.3;0.153
13003.8;0.298
13004.3;0.38
13004.8;0.334
13005.3;0.304
13005.8;0.174
13006.3;0.142
13006.8;0.151
13007.3;0.204
13007.8;0.265
13008.3;0.145
13008.8;0.471
13009.3;0.379
13009.8;0.325
13010.3;0.557
13010.8;0.103
13011.3;0.224
13011.8;0.241
13012.3;0.091
13012.8;0.101
13013.3;0.193
13013.8;0.17
13014.3;0.145
13014.8;0.242
13015.3;0.252
13015.8;0.275
13016.3;0.384
13016.8;0.273
13017.3;0.253
13017.8;0.387
13018.3;0.071
13018.8;0.121
13019.3;0.145
13019.8;0.253
13020.3;0.186
13020.8;0.112
13021.3;0.266
13021.8;0.237
13022.3;0.237
13022.8;0.172
13023.3;0.125
13023.8;0.302
13024.3;0.37
13024.8;0.434
13025.3;0.289
13025.8;0.234
13026.3;0.106
13026.8;0.221
13027.3;0.063
13027.8;0.161
13028.3;0.259
13028.8;0.1
13029.3;0.22
13029.8;0.356
13030.3;0.223
13030.8;0.41
13031.3;0.246
13031.8;0.655
13032.3;0.492
13032.8;0.347
13033.3;0.243
13033.8;0.021
13034.3;0.299
13034.8;0.217
13035.3;0.062
13035.8;0.626
13036.3;0.266
13036.8;0.422
13037.3;0.52
13037.8;0.104
13038.3;0.853
13038.8;0.181
13039.3;0.549
13039.8;0.195
13040.3;0.02
13040.8;0.377
13041.3;0.323
13041.8;0.248
13042.3;0.359
13042.8;0.276
13043.3;0.579
13043.8;0.511
13044.3;0.487
13044.8;0.615
13045.3;0.379
13045.8;0.512
13046.3;0.283
13046.8;0.331
13047.3;0.253
13047.8;0.474
13048.3;0.135
13048.8;0.2
13049.3;0.374
13049.8;0.354
13050.3;0.493
13050.8;0.481
13051.3;0.307
13051.8;0.742
13052.3;0.169
13052.8;0.636
13053.3;0.216
13053.8;0.162
13054.3;0.402
13054.8;0.193
13055.3;0.08
13055.8;0.277
13056.3;0.344
13056.8;0.387
13057.3;0.253
13057.8;0.157
13058.3;0.343
13058.8;0.554
13059.3;0.499
13059.8;0.215
13060.3;0.123
13060.8;0.139
13061.3;0.248
13061.8;0.19
13062.3;0.087
13062.8;0.409
13063.3;0.253
13063.8;0.55
13064.3;0.059
13064.8;0.21
13065.3;0.345
13065.8;0.218
13066.3;0.396
13066.8;0.264
13067.3;0.255
13067.8;0.147
13068.3;0.017
13068.8;0.206
13069.3;0.084
13069.8;0.282
13070.3;0.361
13070.8;0.372
13071.3;0.167
13071.8;0.134
13072.3;0.442
13072.8;0.152
13073.3;0.192
13073.8;0.335
13074.3;0.225
13074.8;0.151
13075.3;0.156
13075.8;0.09
13076.3;0.252
13076.8;0.174
13077.3;0.266
13077.8;0.13
13078.3;0.094
13078.8;0.281
13079.3;0.107
13079.8;0.465
13080.3;0.262
13080.8;0.045
13081.3;0.227
13081.8;0.295
13082.3;0.163
13082.8;0.242
13083.3;0.267
13083.8;0.229
13084.3;0.388
13084.8;0.279
13085.3;0.266
13085.8;0.327
13086.3;0.269
13086.8;0.141
13087.3;0.149
13087.8;0.282
13088.3;0.163
13088.8;0.147
13089.3;0.094
13089.8;0.183
13090.3;0.357
13090.8;0.079
13091.3;0.404
13091.8;0.231
13092.3;0.252
13092.8;0.066
13093.3;0.138
13093.8;0.098
13094.3;0.381
13094.8;0.038
13095.3;0.084
13095.8;0.211
13096.3;0.29
13096.8;0.125
13097.3;0.271
13097.8;0.195
13098.3;0.035
13098.8;0.035
13099.3;0.313
13099.8;0.158
13100.3;0.234
13100.8;0.201
13101.3;0.244
13101.8;0.18
13102.3;0.253
13102.8;0.404
13103.3;0.321
13103.8;0.28
13104.3;0.25
13104.8;0.43
13105.3;0.341
13105.8;0.05
13106.3;0.082
13106.8;0.485
13107.3;0.376
13107.8;0.415
13108.3;0.1
13108.8;0.117
13109.3;0.342
13109.8;0.199
13110.3;0.476
13110.8;0.092
13111.3;0.078
13111.8;0.241
13112.3;0.39
13112.8;0.304
13113.3;0.223
13113.8;0.286
13114.3;0.447
13114.8;0.378
13115.3;0.034
13115.8;0.159
13116.3;0.339
13116.8;0.155
13117.3;0.209
13117.8;0.072
13118.3;0.079
13118.8;0.139
13119.3;0.114
13119.8;0.027
13120.3;0.199
13120.8;0.229
13121.3;0.374
13121.8;0.216
13122.3;0.171
13122.8;0.287
13123.3;0.363
13123.8;0.133
13124.3;0.335
13124.8;0.207
13125.3;0.227
13125.8;0.236
13126.3;0.207
13126.8;0.366
13127.3;0.287
13127.8;0.109
13128.3;0.068
13128.8;0.135
13129.3;0.203
13129.8;0.462
13130.3;0.155
13130.8;0.362
13131.3;0.168
13131.8;0.416
13132.3;0.156
13132.8;0.114
13133.3;0.23
13133.8;0.423
13134.3;0.178
13134.8;0.177
13135.3;0.387
13135.8;0.164
13136.3;0.113
13136.8;0.108
13137.3;0.389
13137.8;0.386
13138.3;0.058
13138.8;0.247
13139.3;0.201
13139.8;0.215
13140.3;0.13
13140.8;0.112
13141.3;0.449
13141.8;0.105
13142.3;0.068
13142.8;0.387
13143.3;0.216
13143.8;0.119
13144.3;0.246
13144.8;0.639
13145.3;0.308
13145.8;0.218
13146.3;0.263
13146.8;0.277
13147.3;0.162
13147.8;0.42
13148.3;0.332
13148.8;0.151
13149.3;0.173
13149.8;0.353
13150.3;0.174
13150.8;0.054
13151.3;0.531
13151.8;0.25
13152.3;0.366
13152.8;0.235
13153.3;0.358
13153.8;0.273
13154.3;0.252
13154.8;0.049
13155.3;0.264
13155.8;0.383
13156.3;0.259
13156.8;0.257
13157.3;0.202
13157.8;0.242
13158.3;0.263
13158.8;0.115
13159.3;0.31
13159.8;0.263
13160.3;0.298
13160.8;0.138
13161.3;0.19
13161.8;0.13
13162.3;0.313
13162.8;0.524
13163.3;0.072
13163.8;0.375
13164.3;0.192
13164.8;0.292
13165.3;0.383
13165.8;0.03
13166.3;0.452
13166.8;0.044
13167.3;0.288
13167.8;0.209
13168.3;0.239
13168.8;0.138
13169.3;0.227
13169.8;0.426
13170.3;0.201
13170.8;0.133
13171.3;0.197
13171.8;0.356
13172.3;0.271
13172.8;0.444
13173.3;0.279
13173.8;0.123
13174.3;0.171
13174.8;0.5
13175.3;0.155
13175.8;0.179
13176.3;0.54
13176.8;0.236
13177.3;0.143
13177.8;0.075
13178.3;0.429
13178.8;0.173
13179.3;0.141
13179.8;0.226
13180.3;0.264
13180.8;0.173
13181.3;0.497
13181.8;0.314
13182.3;0.297
13182.8;0.224
13183.3;0.468
13183.8;0.282
13184.3;0.299
13184.8;0.246
13185.3;0.151
13185.8;0.129
13186.3;0.113
13186.8;0.073
13187.3;0.132
13187.8;0.132
13188.3;0.23
13188.8;0.128
13189.3;0.104
13189.8;0.248
13190.3;0.111
13190.8;0.065
13191.3;0.028
13191.8;0.126
13192.3;0.079
13192.8;0.234
13193.3;0.055
13193.8;0.228
13194.3;0.224
13194.8;0.206
13195.3;0.091
13195.8;0.312
13196.3;0.144
13196.8;0.128
13197.3;0.25
13197.8;0.232
13198.3;0.16
13198.8;0.111
13199.3;0.283
13199.8;0.086
13200.3;0.406
13200.8;0.262
13201.3;0.44
13201.8;0.064
13202.3;0.117
13202.8;0.181
13203.3;0.132
13203.8;0.339
13204.3;0.06
13204.8;0.107
13205.3;0.392
13205.8;0.093
13206.3;0.208
13206.8;0.126
13207.3;0.463
13207.8;0.357
13208.3;0.261
13208.8;0.157
13209.3;0.15
13209.8;0.112
13210.3;0.193
13210.8;0.048
13211.3;0.371
13211.8;0.07
13212.3;0.17
13212.8;0.049
13213.3;0.111
13213.8;0.31
13214.3;0.062
13214.8;0.355
13215.3;0.06
13215.8;0.154
13216.3;0.041
13216.8;0.22
13217.3;0.123
13217.8;0.349
13218.3;0.183
13218.8;0.145
13219.3;0.307
13219.8;0.271
13220.3;0.208
13220.8;0.045
13221.3;0.479
13221.8;0.078
13222.3;0.129
13222.8;0.241
13223.3;0.197
13223.8;0.344
13224.3;0.15
13224.8;0.351
13225.3;0.096
13225.8;0.081
13226.3;0.324
13226.8;0.084
13227.3;0.077
13227.8;0.223
13228.3;0.112
13228.8;0.328
13229.3;0.256
13229.8;0.404
13230.3;0.39
13230.8;0.389
13231.3;0.447
13231.8;0.334
13232.3;0.356
13232.8;0.337
13233.3;0.445
13233.8;0.253
13234.3;0.277
13234.8;0.37
13235.3;0.106
13235.8;0.19
13236.3;0.204
13236.8;0.199
13237.3;0.337
13237.8;0.154
13238.3;0.385
13238.8;0.183
13239.3;0.126
13239.8;0.615
13240.3;0.336
13240.8;0.259
13241.3;0.29
13241.8;0.564
13242.3;0.539
13242.8;0.152
13243.3;0.375
13243.8;0.344
13244.3;0.759
13244.8;0.425
13245.3;0.334
13245.8;0.177
13246.3;0.195
13246.8;0.37
13247.3;0.248
13247.8;0.246
13248.3;0.37
13248.8;0.12
13249.3;0.2
13249.8;0.072
13250.3;0.305
13250.8;0.435
13251.3;0.223
13251.8;0.26
13252.3;0.073
13252.8;0.19
13253.3;0.22
13253.8;0.32
13254.3;0.098
13254.8;0.225
13255.3;0.298
13255.8;0.247
13256.3;0.171
13256.8;0.293
13257.3;0.342
13257.8;0.394
13258.3;0.33
13258.8;0.105
13259.3;0.228
13259.8;0.156
13260.3;0.128
13260.8;0.056
13261.3;0.211
13261.8;0.269
13262.3;0.382
13262.8;0.204
13263.3;0.206
13263.8;0.32
13264.3;0.22
13264.8;0.032
13265.3;0.301
13265.8;0.047
13266.3;0.13
13266.8;0.193
13267.3;0.174
13267.8;0.22
13268.3;0.189
13268.8;0.156
13269.3;0.05
13269.8;0.271
13270.3;0.161
13270.8;0.363
13271.3;0.175
13271.8;0.212
13272.3;0.154
13272.8;0.073
13273.3;0.191
13273.8;0.267
13274.3;0.246
13274.8;0.088
13275.3;0.161
13275.8;0.199
13276.3;0.175
13276.8;0.105
13277.3;0.107
13277.8;0.128
13278.3;0.101
13278.8;0.221
13279.3;0.224
13279.8;0.254
13280.3;0.098
13280.8;0.153
13281.3;0.096
13281.8;0.046
13282.3;0.257
13282.8;0.092
13283.3;0.156
13283.8;0.106
13284.3;0.044
13284.8;0.181
13285.3;0.076
13285.8;0.282
13286.3;0.182
13286.8;0.205
13287.3;0.264
13287.8;0.204
13288.3;0.307
13288.8;0.248
13289.3;0.192
13289.8;0.269
13290.3;0.189
13290.8;0.286
13291.3;0.293
13291.8;0.252
13292.3;0.456
13292.8;0.031
13293.3;0.168
13293.8;0.404
13294.3;0.196
13294.8;0.246
13295.3;0.195
13295.8;0.647
13296.3;0.243
13296.8;0.105
13297.3;0.27
13297.8;0.306
13298.3;0.479
13298.8;0.383
13299.3;0.342
13299.8;0.131
13300.3;0.183
13300.8;0.538
13301.3;0.404
13301.8;0.194
13302.3;0.26
13302.8;0.268
13303.3;0.307
13303.8;0.051
13304.3;0.507
13304.8;0.278
13305.3;0.203
13305.8;0.309
13306.3;0.357
13306.8;0.188
13307.3;0.263
13307.8;0.299
13308.3;0.364
13308.8;0.332
13309.3;0.276
13309.8;0.26
13310.3;0.166
13310.8;0.151
13311.3;0.495
13311.8;0.498
13312.3;0.57
13312.8;0.209
13313.3;0.378
13313.8;0.174
13314.3;0.358
13314.8;0.62
13315.3;0.165
13315.8;0.198
13316.3;0.171
13316.8;0.457
13317.3;0.293
13317.8;0.087
13318.3;0.355
13318.8;0.509
13319.3;0.578
13319.8;0.118
13320.3;0.154
13320.8;0.049
13321.3;0.196
13321.8;0.303
13322.3;0.446
13322.8;0.088
13323.3;0.058
13323.8;0.176
13324.3;0.354
13324.8;0.283
13325.3;0.206
13325.8;0.245
13326.3;0.29
13326.8;0.099
13327.3;0.223
13327.8;0.307
13328.3;0.472
13328.8;0.363
13329.3;0.261
13329.8;0.085
13330.3;0.159
13330.8;0.142
13331.3;0.33
13331.8;0.195
13332.3;0.571
13332.8;0.367
13333.3;0.112
13333.8;0.31
13334.3;0.028
13334.8;0.175
13335.3;0.208
13335.8;0.505
13336.3;0.22
13336.8;0.176
13337.3;0.303
13337.8;0.26
13338.3;0.246
13338.8;0.384
13339.3;0.516
13339.8;0.481
13340.3;0.224
13340.8;0.372
13341.3;0.263
13341.8;0.226
13342.3;0.373
13342.8;0.575
13343.3;0.226
13343.8;0.057
13344.3;0.279
13344.8;0.331
13345.3;0.274
13345.8;0.458
13346.3;0.662
13346.8;0.14
13347.3;0.089
13347.8;0.282
13348.3;0.23
13348.8;0.406
13349.3;0.238
13349.8;0.532
13350.3;0.15
13350.8;0.116
13351.3;0.314
13351.8;0.075
13352.3;0.307
13352.8;0.15
13353.3;0.283
13353.8;0.138
13354.3;0.138
13354.8;0.296
13355.3;0.181
13355.8;0.078
13356.3;0.233
13356.8;0.151
13357.3;0.102
13357.8;0.208
13358.3;0.263
13358.8;0.296
13359.3;0.056
13359.8;0.103
13360.3;0.077
13360.8;0.286
13361.3;0.151
13361.8;0.075
13362.3;0.264
13362.8;0.137
13363.3;0.183
13363.8;0.237
13364.3;0.189
13364.8;0.324
13365.3;0.158
13365.8;0.23
13366.3;0.189
13366.8;0.38
13367.3;0.404
13367.8;0.067
13368.3;0.277
13368.8;0.159
13369.3;0.239
13369.8;0.048
13370.3;0.145
13370.8;0.34
13371.3;0.105
13371.8;0.14
13372.3;0.109
13372.8;0.099
13373.3;0.253
13373.8;0.099
13374.3;0.178
13374.8;0.241
13375.3;0.124
13375.8;0.06
13376.3;0.104
13376.8;0.361
13377.3;0.237
13377.8;0.104
13378.3;0.041
13378.8;0.04
13379.3;0.088
13379.8;0.137
13380.3;0.179
13380.8;0.257
13381.3;0.266
13381.8;0.1
13382.3;0.042
13382.8;0.106
13383.3;0.195
13383.8;0.216
13384.3;0.257
13384.8;0.228
13385.3;0.09
13385.8;0.152
13386.3;0.021
13386.8;0.165
13387.3;0.129
13387.8;0.052
13388.3;0.251
13388.8;0.165
13389.3;0.326
13389.8;0.409
13390.3;0.302
13390.8;0.247
13391.3;0.025
13391.8;0.234
13392.3;0.303
13392.8;0.094
13393.3;0.134
13393.8;0.091
13394.3;0.059
13394.8;0.142
13395.3;0.143
13395.8;0.349
13396.3;0.408
13396.8;0.06
13397.3;0.131
13397.8;0.209
13398.3;0.414
13398.8;0.406
13399.3;0.304
13399.8;0.361
13400.3;0.259
13400.8;0.103
13401.3;0.097
13401.8;0.025
13402.3;0.191
13402.8;0.259
13403.3;0.293
13403.8;0.192
13404.3;0.199
13404.8;0.084
13405.3;0.263
13405.8;0.318
13406.3;0.183
13406.8;0.116
13407.3;0.081
13407.8;0.225
13408.3;0.055
13408.8;0.415
13409.3;0.258
13409.8;0.09
13410.3;0.136
13410.8;0.169
13411.3;0.117
13411.8;0.115
13412.3;0.406
13412.8;0.181
13413.3;0.179
13413.8;0.225
13414.3;0.286
13414.8;0.226
13415.3;0.493
13415.8;0.344
13416.3;0.357
13416.8;0.066
13417.3;0.415
13417.8;0.121
13418.3;0.12
13418.8;0.159
13419.3;0.213
13419.8;0.094
13420.3;0.269
13420.8;0.315
13421.3;0.262
13421.8;0.064
13422.3;0.327
13422.8;0.552
13423.3;0.165
13423.8;0.064
13424.3;0.292
13424.8;0.413
13425.3;0.178
13425.8;0.319
13426.3;0.236
13426.8;0.143
13427.3;0.231
13427.8;0.281
13428.3;0.237
13428.8;0.079
13429.3;0.304
13429.8;0.486
13430.3;0.23
13430.8;0.218
13431.3;0.109
13431.8;0.414
13432.3;0.088
13432.8;0.498
13433.3;0.069
13433.8;0.103
13434.3;0.104
13434.8;0.34
13435.3;0.205
13435.8;0.178
13436.3;0.321
13436.8;0.24
13437.3;0.202
13437.8;0.132
13438.3;0.298
13438.8;0.336
13439.3;0.342
13439.8;0.2
13440.3;0.334
13440.8;0.153
13441.3;0.206
13441.8;0.466
13442.3;0.385
13442.8;0.181
13443.3;0.36
13443.8;0.291
13444.3;0.183
13444.8;0.078
13445.3;0.405
13445.8;0.345
13446.3;0.23
13446.8;0.147
13447.3;0.235
13447.8;0.171
13448.3;0.382
13448.8;0.353
13449.3;0.39
13449.8;0.207
13450.3;0.32
13450.8;0.304
13451.3;0.222
13451.8;0.351
13452.3;0.263
13452.8;0.588
13453.3;0.176
13453.8;0.377
13454.3;0.318
13454.8;0.476
13455.3;0.378
13455.8;0.649
13456.3;0.583
13456.8;0.474
13457.3;0.227
13457.8;0.578
13458.3;0.338
13458.8;0.427
13459.3;0.582
13459.8;0.48
13460.3;0.201
13460.8;0.225
13461.3;0.547
13461.8;0.536
13462.3;0.422
13462.8;0.626
13463.3;0.617
13463.8;0.215
13464.3;0.388
13464.8;0.496
13465.3;0.583
13465.8;0.379
13466.3;0.752
13466.8;0.429
13467.3;0.174
13467.8;0.296
13468.3;0.388
13468.8;0.318
13469.3;0.35
13469.8;0.484
13470.3;0.219
13470.8;0.186
13471.3;0.18
13471.8;0.284
13472.3;0.248
13472.8;0.398
13473.3;0.447
13473.8;0.233
13474.3;0.177
13474.8;0.219
13475.3;0.25
13475.8;0.169
13476.3;0.425
13476.8;0.216
13477.3;0.22
13477.8;0.109
13478.3;0.33
13478.8;0.282
13479.3;0.303
13479.8;0.337
13480.3;0.279
13480.8;0.14
13481.3;0.338
13481.8;0.161
13482.3;0.17
13482.8;0.331
13483.3;0.305
13483.8;0.287
13484.3;0.102
13484.8;0.354
13485.3;0.169
13485.8;0.027
13486.3;0.246
13486.8;0.195
13487.3;0.153
13487.8;0.252
13488.3;0.183
13488.8;0.179
13489.3;0.153
13489.8;0.244
13490.3;0.185
13490.8;0.016
13491.3;0.288
13491.8;0.082
13492.3;0.093
13492.8;0.174
13493.3;0.123
13493.8;0.15
13494.3;0.196
13494.8;0.391
13495.3;0.225
13495.8;0.144
13496.3;0.007
13496.8;0.315
13497.3;0.057
13497.8;0.217
13498.3;0.278
13498.8;0.338
13499.3;0.167
13499.8;0.123
13500.3;0.302
13500.8;0.171
13501.3;0.244
13501.8;0.11
13502.3;0.23
13502.8;0.312
13503.3;0.379
13503.8;0.224
13504.3;0.272
13504.8;0.09
13505.3;0.195
13505.8;0.254
13506.3;0.259
13506.8;0.232
13507.3;0.077
13507.8;0.242
13508.3;0.193
13508.8;0.179
13509.3;0.271
13509.8;0.123
13510.3;0.361
13510.8;0.27
13511.3;0.232
13511.8;0.058
13512.3;0.209
13512.8;0.476
13513.3;0.25
13513.8;0.129
13514.3;0.095
13514.8;0.228
13515.3;0.08
13515.8;0.134
13516.3;0.397
13516.8;0.355
13517.3;0.274
13517.8;0.147
13518.3;0.175
13518.8;0.24
13519.3;0.149
13519.8;0.155
13520.3;0.098
13520.8;0.286
13521.3;0.297
13521.8;0.127
13522.3;0.116
13522.8;0.238
13523.3;0.125
13523.8;0.265
13524.3;0.269
13524.8;0.358
13525.3;0.182
13525.8;0.106
13526.3;0.186
13526.8;0.19
13527.3;0.232
13527.8;0.048
13528.3;0.298
13528.8;0.177
13529.3;0.068
13529.8;0.036
13530.3;0.031
13530.8;0.166
13531.3;0.105
13531.8;0.177
13532.3;0.057
13532.8;0.279
13533.3;0.216
13533.8;0.11
13534.3;0.149
13534.8;0.211
13535.3;0.112
13535.8;0.107
13536.3;0.09
13536.8;0.097
13537.3;0.157
13537.8;0.079
13538.3;0.101
13538.8;0.167
13539.3;0.222
13539.8;0.047
13540.3;0.089
13540.8;0.212
13541.3;0.171
13541.8;0.101
13542.3;0.114
13542.8;0.097
13543.3;0.044
13543.8;0.09
13544.3;0.13
13544.8;0.243
13545.3;0.11
13545.8;0.112
13546.3;0.063
13546.8;0.084
13547.3;0.046
13547.8;0.045
13548.3;0.114
13548.8;0.099
13549.3;0.177
13549.8;0.055
13550.3;0.295
13550.8;0.236
13551.3;0.362
13551.8;0.136
13552.3;0.072
13552.8;0.108
13553.3;0.271
13553.8;0.189
13554.3;0.06
13554.8;0.243
13555.3;0.174
13555.8;0.155
13556.3;0.098
13556.8;0.25
13557.3;0.107
13557.8;0.15
13558.3;0.06
13558.8;0.181
13559.3;0.076
13559.8;0.173
13560.3;0.057
13560.8;0.31
13561.3;0.145
13561.8;0.151
13562.3;0.256
13562.8;0.224
13563.3;0.208
13563.8;0.009
13564.3;0.442
13564.8;0.072
13565.3;0.21
13565.8;0.274
13566.3;0.27
13566.8;0.159
13567.3;0.26
13567.8;0.227
13568.3;0.227
13568.8;0.335
13569.3;0.395
13569.8;0.044
13570.3;0.266
13570.8;0.3
13571.3;0.231
13571.8;0.042
13572.3;0.148
13572.8;0.401
13573.3;0.27
13573.8;0.178
13574.3;0.284
13574.8;0.09
13575.3;0.161
13575.8;0.174
13576.3;0.351
13576.8;0.348
13577.3;0.399
13577.8;0.257
13578.3;0.057
13578.8;0.086
13579.3;0.192
13579.8;0.218
13580.3;0.112
13580.8;0.062
13581.3;0.059
13581.8;0.107
13582.3;0.078
13582.8;0.167
13583.3;0.063
13583.8;0.326
13584.3;0.126
13584.8;0.212
13585.3;0.138
13585.8;0.279
13586.3;0.131
13586.8;0.319
13587.3;0.022
13587.8;0.122
13588.3;0.112
13588.8;0.191
13589.3;0.194
13589.8;0.144
13590.3;0.224
13590.8;0.218
13591.3;0.12
13591.8;0.231
13592.3;0.159
13592.8;0.306
13593.3;0.191
13593.8;0.252
13594.3;0.109
13594.8;0.074
13595.3;0.238
13595.8;0.257
13596.3;0.124
13596.8;0.305
13597.3;0.45
13597.8;0.196
13598.3;0.308
13598.8;0.291
13599.3;0.334
13599.8;0.223
13600.3;0.375
13600.8;0.254
13601.3;0.323
13601.8;0.213
13602.3;0.392
13602.8;0.333
13603.3;0.311
13603.8;0.169
13604.3;0.438
13604.8;0.455
13605.3;0.266
13605.8;0.199
13606.3;0.445
13606.8;0.419
13607.3;0.191
13607.8;0.288
13608.3;0.332
13608.8;0.238
13609.3;0.124
13609.8;0.394
13610.3;0.287
13610.8;0.181
13611.3;0.041
13611.8;0.375
13612.3;0.198
13612.8;0.112
13613.3;0.137
13613.8;0.196
13614.3;0.167
13614.8;0.155
13615.3;0.189
13615.8;0.179
13616.3;0.11
13616.8;0.081
13617.3;0.11
13617.8;0.155
13618.3;0.275
13618.8;0.13
13619.3;0.238
13619.8;0.214
13620.3;0.248
13620.8;0.246
13621.3;0.14
13621.8;0.068
13622.3;0.201
13622.8;0.457
13623.3;0.178
13623.8;0.086
13624.3;0.171
13624.8;0.206
13625.3;0.349
13625.8;0.182
13626.3;0.263
13626.8;0.197
13627.3;0.118
13627.8;0.213
13628.3;0.367
13628.8;0.264
13629.3;0.004
13629.8;0.111
13630.3;0.353
13630.8;0.105
13631.3;0.132
13631.8;0.208
13632.3;0.309
13632.8;0.114
13633.3;0.114
13633.8;0.27
13634.3;0.265
13634.8;0.27
13635.3;0.199
13635.8;0.22
13636.3;0.3
13636.8;0.131
13637.3;0.191
13637.8;0.23
13638.3;0.23
13638.8;0.211
13639.3;0.051
13639.8;0.247
13640.3;0.196
13640.8;0.382
13641.3;0.34
13641.8;0.35
13642.3;0.191
13642.8;0.055
13643.3;0.186
13643.8;0.102
13644.3;0.173
13644.8;0.233
13645.3;0.158
13645.8;0.191
13646.3;0.232
13646.8;0.166
13647.3;0.063
13647.8;0.112
13648.3;0.433
13648.8;0.098
13649.3;0.228
13649.8;0.209
13650.3;0.195
13650.8;0.116
13651.3;0.16
13651.8;0.127
13652.3;0.111
13652.8;0.023
13653.3;0.093
13653.8;0.17
13654.3;0.102
13654.8;0.022
13655.3;0.079
13655.8;0.196
13656.3;0.089
13656.8;0.219
13657.3;0.092
13657.8;0.062
13658.3;0.156
13658.8;0.239
13659.3;0.153
13659.8;0.126
13660.3;0.015
13660.8;0.061
13661.3;0.152
13661.8;0.23
13662.3;0.096
13662.8;0.239
13663.3;0.155
13663.8;0.027
13664.3;0.188
13664.8;0.166
13665.3;0.191
13665.8;0.201
13666.3;0.174
13666.8;0.194
13667.3;0.075
13667.8;0.222
13668.3;0.187
13668.8;0.114
13669.3;0.162
13669.8;0.052
13670.3;0.161
13670.8;0.104
13671.3;0.125
13671.8;0.084
13672.3;0.063
13672.8;0.226
13673.3;0.286
13673.8;0.079
13674.3;0.299
13674.8;0.233
13675.3;0.445
13675.8;0.181
13676.3;0.175
13676.8;0.131
13677.3;0.285
13677.8;0.047
13678.3;0.158
13678.8;0.138
13679.3;0.17
13679.8;0.183
13680.3;0.13
13680.8;0.1
13681.3;0.236
13681.8;0.149
13682.3;0.185
13682.8;0.096
13683.3;0.112
13683.8;0.308
13684.3;0.065
13684.8;0.085
13685.3;0.121
13685.8;0.276
13686.3;0.192
13686.8;0.073
13687.3;0.034
13687.8;0.119
13688.3;0.058
13688.8;0.255
13689.3;0.162
13689.8;0.079
13690.3;0.235
13690.8;0.129
13691.3;0.325
13691.8;0.249
13692.3;0.083
13692.8;0.182
13693.3;0.102
13693.8;0.174
13694.3;0.039
13694.8;0.099
13695.3;0.251
13695.8;0.091
13696.3;0.089
13696.8;0.093
13697.3;0.254
13697.8;0.183
13698.3;0.134
13698.8;0.179
13699.3;0.078
13699.8;0.03
13700.3;0.157
13700.8;0.149
13701.3;0.132
13701.8;0.116
13702.3;0.187
13702.8;0.101
13703.3;0.099
13703.8;0.261
13704.3;0.018
13704.8;0.192
13705.3;0.099
13705.8;0.07
13706.3;0.062
13706.8;0.148
13707.3;0.233
13707.8;0.071
13708.3;0.154
13708.8;0.014
13709.3;0.121
13709.8;0.068
13710.3;0.328
13710.8;0.032
13711.3;0.131
13711.8;0.143
13712.3;0.354
13712.8;0.087
13713.3;0.178
13713.8;0.204
13714.3;0.104
13714.8;0.087
13715.3;0.095
13715.8;0.051
13716.3;0.139
13716.8;0.152
13717.3;0.207
13717.8;0.09
13718.3;0.241
13718.8;0.1
13719.3;0.194
13719.8;0.059
13720.3;0.391
13720.8;0.25
13721.3;0.186
13721.8;0.095
13722.3;0.245
13722.8;0.358
13723.3;0.262
13723.8;0.146
13724.3;0.097
13724.8;0.28
13725.3;0.073
13725.8;0.13
13726.3;0.298
13726.8;0.038
13727.3;0.189
13727.8;0.197
13728.3;0.272
13728.8;0.361
13729.3;0.24
13729.8;0.354
13730.3;0.117
13730.8;0.35
13731.3;0.186
13731.8;0.213
13732.3;0.308
13732.8;0.186
13733.3;0.146
13733.8;0.212
13734.3;0.429
13734.8;0.155
13735.3;0.072
13735.8;0.529
13736.3;0.444
13736.8;0.174
13737.3;0.081
13737.8;0.387
13738.3;0.22
13738.8;0.084
13739.3;0.172
13739.8;0.097
13740.3;0.153
13740.8;0.185
13741.3;0.178
13741.8;0.217
13742.3;0.204
13742.8;0.209
13743.3;0.034
13743.8;0.319
13744.3;0.16
13744.8;0.128
13745.3;0.198
13745.8;0.122
13746.3;0.111
13746.8;0.24
13747.3;0.117
13747.8;0.089
13748.3;0.12
13748.8;0.099
13749.3;0.074
13749.8;0.051
13750.3;0.245
13750.8;0.155
13751.3;0.082
13751.8;0.046
13752.3;0.056
13752.8;0.198
13753.3;0.062
13753.8;0.135
13754.3;0.157
13754.8;0.05
13755.3;0.023
13755.8;0.147
13756.3;0.206
13756.8;0.155
13757.3;0.12
13757.8;0.045
13758.3;0.204
13758.8;0.041
13759.3;0.239
13759.8;0.181
13760.3;0.079
13760.8;0.181
13761.3;0.104
13761.8;0.087
13762.3;0.066
13762.8;0.225
13763.3;0.273
13763.8;0.07
13764.3;0.083
13764.8;0.114
13765.3;0.245
13765.8;0.09
13766.3;0.161
13766.8;0.086
13767.3;0.172
13767.8;0.195
13768.3;0.084
13768.8;0.076
13769.3;0.039
13769.8;0.179
13770.3;0.147
13770.8;0.141
13771.3;0.217
13771.8;0.266
13772.3;0.07
13772.8;0.086
13773.3;0.34
13773.8;0.245
13774.3;0.102
13774.8;0.094
13775.3;0.225
13775.8;0.348
13776.3;0.182
13776.8;0.088
13777.3;0.079
13777.8;0.042
13778.3;0.219
13778.8;0.16
13779.3;0.108
13779.8;0.09
13780.3;0.117
13780.8;0.159
13781.3;0.155
13781.8;0.273
13782.3;0.123
13782.8;0.032
13783.3;0.182
13783.8;0.196
13784.3;0.088
13784.8;0.147
13785.3;0.169
13785.8;0.267
13786.3;0.155
13786.8;0.12
13787.3;0.025
13787.8;0.183
13788.3;0.03
13788.8;0.041
13789.3;0.147
13789.8;0.22
13790.3;0.014
13790.8;0.066
13791.3;0.025
13791.8;0.244
13792.3;0.383
13792.8;0.007
13793.3;0.075
13793.8;0.083
13794.3;0.231
13794.8;0.249
13795.3;0.122
13795.8;0.163
13796.3;0.125
13796.8;0.207
13797.3;0.104
13797.8;0.044
13798.3;0.162
13798.8;0.121
13799.3;0.332
13799.8;0.323
13800.3;0.089
13800.8;0.095
13801.3;0.092
13801.8;0.148
13802.3;0.442
13802.8;0.13
13803.3;0.125
13803.8;0.052
13804.3;0.245
13804.8;0.174
13805.3;0.067
13805.8;0.266
13806.3;0.017
13806.8;0.186
13807.3;0.171
13807.8;0.051
13808.3;0.248
13808.8;0.117
13809.3;0.304
13809.8;0.164
13810.3;0.094
13810.8;0.13
13811.3;0.29
13811.8;0.144
13812.3;0.191
13812.8;0.116
13813.3;0.153
13813.8;0.109
13814.3;0.083
13814.8;0.207
13815.3;0.07
13815.8;0.208
13816.3;0.221
13816.8;0.082
13817.3;0.045
13817.8;0.325
13818.3;0.266
13818.8;0.282
13819.3;0.046
13819.8;0.076
13820.3;0.159
13820.8;0.393
13821.3;0.234
13821.8;0.192
13822.3;0.18
13822.8;0.205
13823.3;0.409
13823.8;0.243
13824.3;0.414
13824.8;0.188
13825.3;0.274
13825.8;0.357
13826.3;0.348
13826.8;0.231
13827.3;0.063
13827.8;0.337
13828.3;0.317
13828.8;0.083
13829.3;0.24
13829.8;0.186
13830.3;0.206
13830.8;0.27
13831.3;0.115
13831.8;0.25
13832.3;0.15
13832.8;0.125
13833.3;0.157
13833.8;0.266
13834.3;0.401
13834.8;0.19
13835.3;0.064
13835.8;0.157
13836.3;0.366
13836.8;0.323
13837.3;0.092
13837.8;0.152
13838.3;0.122
13838.8;0.143
13839.3;0.153
13839.8;0.189
13840.3;0.117
13840.8;0.166
13841.3;0.151
13841.8;0.3
13842.3;0.254
13842.8;0.263
13843.3;0.072
13843.8;0.306
13844.3;0.336
13844.8;0.336
13845.3;0.083
13845.8;0.044
13846.3;0.278
13846.8;0.368
13847.3;0.09
13847.8;0.079
13848.3;0.095
13848.8;0.251
13849.3;0.103
13849.8;0.261
13850.3;0.318
13850.8;0.099
13851.3;0.302
13851.8;0.253
13852.3;0.207
13852.8;0.076
13853.3;0.164
13853.8;0.478
13854.3;0.27
13854.8;0.123
13855.3;0.049
13855.8;0.348
13856.3;0.282
13856.8;0.055
13857.3;0.255
13857.8;0.116
13858.3;0.325
13858.8;0.225
13859.3;0.31
13859.8;0.073
13860.3;0.134
13860.8;0.338
13861.3;0.355
13861.8;0.148
13862.3;0.271
13862.8;0.1
13863.3;0.238
13863.8;0.136
13864.3;0.382
13864.8;0.264
13865.3;0.212
13865.8;0.383
13866.3;0.404
13866.8;0.299
13867.3;0.047
13867.8;0.087
13868.3;0.245
13868.8;0.288
13869.3;0.186
13869.8;0.252
13870.3;0.091
13870.8;0.078
13871.3;0.129
13871.8;0.341
13872.3;0.161
13872.8;0.117
13873.3;0.134
13873.8;0.189
13874.3;0.172
13874.8;0.252
13875.3;0.199
13875.8;0.155
13876.3;0.153
13876.8;0.093
13877.3;0.269
13877.8;0.097
13878.3;0.313
13878.8;0.089
13879.3;0.05
13879.8;0.139
13880.3;0.36
13880.8;0.474
13881.3;0.273
13881.8;0.059
13882.3;0.103
13882.8;0.342
13883.3;0.327
13883.8;0.26
13884.3;0.124
13884.8;0.153
13885.3;0.131
13885.8;0.28
13886.3;0.085
13886.8;0.49
13887.3;0.29
13887.8;0.268
13888.3;0.207
13888.8;0.544
13889.3;0.747
13889.8;0.646
13890.3;0.539
13890.8;0.515
13891.3;0.837
13891.8;0.731
13892.3;0.778
13892.8;0.394
13893.3;0.51
13893.8;0.669
13894.3;0.673
13894.8;0.662
13895.3;0.346
13895.8;0.397
13896.3;0.516
13896.8;0.481
13897.3;0.294
13897.8;0.141
13898.3;0.469
13898.8;0.382
13899.3;0.308
13899.8;0.112
13900.3;0.133
13900.8;0.289
13901.3;0.253
13901.8;0.343
13902.3;0.255
13902.8;0.142
13903.3;0.08
13903.8;0.152
13904.3;0.063
13904.8;0.113
13905.3;0.076
13905.8;0.124
13906.3;0.208
13906.8;0.092
13907.3;0.336
13907.8;0.076
13908.3;0.086
13908.8;0.255
13909.3;0.107
13909.8;0.093
13910.3;0.183
13910.8;0.355
13911.3;0.225
13911.8;0.076
13912.3;0.12
13912.8;0.111
13913.3;0.357
13913.8;0.276
13914.3;0.043
13914.8;0.267
13915.3;0.197
13915.8;0.323
13916.3;0.074
13916.8;0.15
13917.3;0.503
13917.8;0.16
13918.3;0.333
13918.8;0.112
13919.3;0.162
13919.8;0.288
13920.3;0.197
13920.8;0.403
13921.3;0.05
13921.8;0.214
13922.3;0.024
13922.8;0.343
13923.3;0.216
13923.8;0.23
13924.3;0.24
13924.8;0.074
13925.3;0.245
13925.8;0.166
13926.3;0.293
13926.8;0.209
13927.3;0.35
13927.8;0.139
13928.3;0.157
13928.8;0.268
13929.3;0.223
13929.8;0.333
13930.3;0.023
13930.8;0.145
13931.3;0.145
13931.8;0.173
13932.3;0.27
13932.8;0.148
13933.3;0.397
13933.8;0.123
13934.3;0.297
13934.8;0.059
13935.3;0.161
13935.8;0.232
13936.3;0.27
13936.8;0.205
13937.3;0.326
13937.8;0.23
13938.3;0.106
13938.8;0.22
13939.3;0.096
13939.8;0.191
13940.3;0.168
13940.8;0.167
13941.3;0.114
13941.8;0.274
13942.3;0.186
13942.8;0.139
13943.3;0.187
13943.8;0.236
13944.3;0.362
13944.8;0.238
13945.3;0.125
13945.8;0.34
13946.3;0.161
13946.8;0.17
13947.3;0.088
13947.8;0.258
13948.3;0.167
13948.8;0.066
13949.3;0.098
13949.8;0.241
13950.3;0.241
13950.8;0.175
13951.3;0.339
13951.8;0.24
13952.3;0.477
13952.8;0.262
13953.3;0.109
13953.8;0.165
13954.3;0.342
13954.8;0.163
13955.3;0.104
13955.8;0.301
13956.3;0.323
13956.8;0.515
13957.3;0.278
13957.8;0.162
13958.3;0.241
13958.8;0.198
13959.3;0.153
13959.8;0.129
13960.3;0.118
13960.8;0.027
13961.3;0.138
13961.8;0.196
13962.3;0.06
13962.8;0.324
13963.3;0.061
13963.8;0.146
13964.3;0.184
13964.8;0.035
13965.3;0.358
13965.8;0.125
13966.3;0.126
13966.8;0.141
13967.3;0.193
13967.8;0.194
13968.3;0.102
13968.8;0.305
13969.3;0.35
13969.8;0.244
13970.3;0.114
13970.8;0.107
13971.3;0.251
13971.8;0.139
13972.3;0.181
13972.8;0.234
13973.3;0.136
13973.8;0.27
13974.3;0.179
13974.8;0.27
13975.3;0.129
13975.8;0.187
13976.3;0.333
13976.8;0.181
13977.3;0.1
13977.8;0.138
13978.3;0.25
13978.8;0.264
13979.3;0.208
13979.8;0.18
13980.3;0.02
13980.8;0.234
13981.3;0.196
13981.8;0.064
13982.3;0.202
13982.8;0.177
13983.3;0.254
13983.8;0.107
13984.3;0.077
13984.8;0.312
13985.3;0.141
13985.8;0.021
13986.3;0.112
13986.8;0.365
13987.3;0.217
13987.8;0.065
13988.3;0.105
13988.8;0.107
13989.3;0.237
13989.8;0.145
13990.3;0.117
13990.8;0.095
13991.3;0.168
13991.8;0.247
13992.3;0.118
13992.8;0.083
13993.3;0.105
13993.8;0.174
13994.3;0.209
13994.8;0.176
13995.3;0.065
13995.8;0.157
13996.3;0.233
13996.8;0.163
13997.3;0.093
13997.8;0.16
13998.3;0.079
13998.8;0.182
13999.3;0.086
13999.8;0.111
14000.3;0.115
14000.8;0.082
14001.3;0.216
14001.8;0.11
14002.3;0.111
14002.8;0.159
14003.3;0.228
14003.8;0.158
14004.3;0.127
14004.8;0.072
14005.3;0.197
14005.8;0.127
14006.3;0.198
14006.8;0.173
14007.3;0.24
14007.8;0.263
14008.3;0.066
14008.8;0.266
14009.3;0.041
14009.8;0.317
14010.3;0.109
14010.8;0.187
14011.3;0.198
14011.8;0.106
14012.3;0.202
14012.8;0.256
14013.3;0.039
14013.8;0.239
14014.3;0.097
14014.8;0.245
14015.3;0.197
14015.8;0.222
14016.3;0.324
14016.8;0.19
14017.3;0.25
14017.8;0.017
14018.3;0.283
14018.8;0.197
14019.3;0.073
14019.8;0.076
14020.3;0.105
14020.8;0.212
14021.3;0.268
14021.8;0.126
14022.3;0.134
14022.8;0.071
14023.3;0.376
14023.8;0.202
14024.3;0.327
14024.8;0.281
14025.3;0.19
14025.8;0.255
14026.3;0.263
14026.8;0.231
14027.3;0.015
14027.8;0.127
14028.3;0.225
14028.8;0.224
14029.3;0.277
14029.8;0.211
14030.3;0.153
14030.8;0.188
14031.3;0.188
14031.8;0.401
14032.3;0.163
14032.8;0.085
14033.3;0.104
14033.8;0.362
14034.3;0.263
14034.8;0.257
14035.3;0.145
14035.8;0.254
14036.3;0.242
14036.8;0.179
14037.3;0.187
14037.8;0.128
14038.3;0.076
14038.8;0.201
14039.3;0.256
14039.8;0.201
14040.3;0.173
14040.8;0.218
14041.3;0.041
14041.8;0.266
14042.3;0.402
14042.8;0.291
14043.3;0.084
14043.8;0.08
14044.3;0.224
14044.8;0.41
14045.3;0.309
14045.8;0.177
14046.3;0.166
14046.8;0.125
14047.3;0.3
14047.8;0.352
14048.3;0.361
14048.8;0.165
14049.3;0.199
14049.8;0.282
14050.3;0.278
14050.8;0.39
14051.3;0.164
14051.8;0.19
14052.3;0.331
14052.8;0.328
14053.3;0.214
14053.8;0.224
14054.3;0.213
14054.8;0.266
14055.3;0.328
14055.8;0.467
14056.3;0.304
14056.8;0.026
14057.3;0.292
14057.8;0.445
14058.3;0.447
14058.8;0.227
14059.3;0.106
14059.8;0.348
14060.3;0.279
14060.8;0.321
14061.3;0.198
14061.8;0.046
14062.3;0.139
14062.8;0.26
14063.3;0.212
14063.8;0.132
14064.3;0.259
14064.8;0.037
14065.3;0.117
14065.8;0.235
14066.3;0.286
14066.8;0.157
14067.3;0.224
14067.8;0.134
14068.3;0.182
14068.8;0.157
14069.3;0.256
14069.8;0.098
14070.3;0.117
14070.8;0.051
14071.3;0.107
14071.8;0.022
14072.3;0.163
14072.8;0.139
14073.3;0.127
14073.8;0.09
14074.3;0.277
14074.8;0.092
14075.3;0.16
14075.8;0.039
14076.3;0.198
14076.8;0.045
14077.3;0.22
14077.8;0.099
14078.3;0.083
14078.8;0.242
14079.3;0.25
14079.8;0.065
14080.3;0.179
14080.8;0.176
14081.3;0.144
14081.8;0.09
14082.3;0.268
14082.8;0.184
14083.3;0.027
14083.8;0.149
14084.3;0.208
14084.8;0.193
14085.3;0.26
14085.8;0.1
14086.3;0.233
14086.8;0.203
14087.3;0.237
14087.8;0.153
14088.3;0.115
14088.8;0.176
14089.3;0.058
14089.8;0.126
14090.3;0.207
14090.8;0.082
14091.3;0.307
14091.8;0.162
14092.3;0.136
14092.8;0.183
14093.3;0.164
14093.8;0.364
14094.3;0.077
14094.8;0.201
14095.3;0.039
14095.8;0.319
14096.3;0.119
14096.8;0.128
14097.3;0.156
14097.8;0.276
14098.3;0.295
14098.8;0.258
14099.3;0.117
14099.8;0.107
14100.3;0.127
14100.8;0.231
14101.3;0.185
14101.8;0.075
14102.3;0.139
14102.8;0.226
14103.3;0.338
14103.8;0.091
14104.3;0.215
14104.8;0.074
14105.3;0.316
14105.8;0.199
14106.3;0.02
14106.8;0.287
14107.3;0.089
14107.8;0.205
14108.3;0.204
14108.8;0.186
14109.3;0.227
14109.8;0.031
14110.3;0.212
14110.8;0.261
14111.3;0.226
14111.8;0.29
14112.3;0.214
14112.8;0.373
14113.3;0.102
14113.8;0.241
14114.3;0.119
14114.8;0.106
14115.3;0.137
14115.8;0.144
14116.3;0.122
14116.8;0.125
14117.3;0.029
14117.8;0.321
14118.3;0.092
14118.8;0.232
14119.3;0.187
14119.8;0.221
14120.3;0.259
14120.8;0.223
14121.3;0.252
14121.8;0.071
14122.3;0.163
14122.8;0.084
14123.3;0.109
14123.8;0.086
14124.3;0.121
14124.8;0.126
14125.3;0.126
14125.8;0.062
14126.3;0.224
14126.8;0.152
14127.3;0.286
14127.8;0.152
14128.3;0.197
14128.8;0.151
14129.3;0.216
14129.8;0.168
14130.3;0.226
14130.8;0.009
14131.3;0.178
14131.8;0.068
14132.3;0.104
14132.8;0.063
14133.3;0.151
14133.8;0.182
14134.3;0.163
14134.8;0.155
14135.3;0.104
14135.8;0.311
14136.3;0.113
14136.8;0.11
14137.3;0.207
14137.8;0.247
14138.3;0.104
14138.8;0.158
14139.3;0.051
14139.8;0.083
14140.3;0.218
14140.8;0.136
14141.3;0.074
14141.8;0.139
14142.3;0.137
14142.8;0.257
14143.3;0.196
14143.8;0.164
14144.3;0.161
14144.8;0.117
14145.3;0.253
14145.8;0.064
14146.3;0.12
14146.8;0.112
14147.3;0.2
14147.8;0.192
14148.3;0.098
14148.8;0.134
14149.3;0.23
14149.8;0.165
14150.3;0.129
14150.8;0.181
14151.3;0.333
14151.8;0.087
14152.3;0.228
14152.8;0.173
14153.3;0.157
14153.8;0.38
14154.3;0.131
14154.8;0.298
14155.3;0.241
14155.8;0.045
14156.3;0.198
14156.8;0.127
14157.3;0.186
14157.8;0.342
14158.3;0.066
14158.8;0.231
14159.3;0.126
14159.8;0.25
14160.3;0.271
14160.8;0.295
14161.3;0.24
14161.8;0.11
14162.3;0.297
14162.8;0.21
14163.3;0.192
14163.8;0.084
14164.3;0.155
14164.8;0.307
14165.3;0.078
14165.8;0.218
14166.3;0.333
14166.8;0.149
14167.3;0.426
14167.8;0.062
14168.3;0.185
14168.8;0.186
14169.3;0.252
14169.8;0.397
14170.3;0.101
14170.8;0.035
14171.3;0.105
14171.8;0.248
14172.3;0.112
14172.8;0.1
14173.3;0.184
14173.8;0.166
14174.3;0.167
14174.8;0.12
14175.3;0.136
14175.8;0.166
14176.3;0.073
14176.8;0.288
14177.3;0.231
14177.8;0.107
14178.3;0.046
14178.8;0.311
14179.3;0.201
14179.8;0.181
14180.3;0.178
14180.8;0.05
14181.3;0.213
14181.8;0.137
14182.3;0.071
14182.8;0.123
14183.3;0.16
14183.8;0.201
14184.3;0.156
14184.8;0.307
14185.3;0.311
14185.8;0.072
14186.3;0.192
14186.8;0.143
14187.3;0.363
14187.8;0.174
14188.3;0.271
14188.8;0.193
14189.3;0.113
14189.8;0.129
14190.3;0.043
14190.8;0.171
14191.3;0.226
14191.8;0.171
14192.3;0.3
14192.8;0.243
14193.3;0.153
14193.8;0.077
14194.3;0.222
14194.8;0.321
14195.3;0.138
14195.8;0.061
14196.3;0.154
14196.8;0.169
14197.3;0.069
14197.8;0.08
14198.3;0.026
14198.8;0.159
14199.3;0.147
14199.8;0.149
14200.3;0.112
14200.8;0.143
14201.3;0.066
14201.8;0.094
14202.3;0.139
14202.8;0.29
14203.3;0.17
14203.8;0.031
14204.3;0.089
14204.8;0.213
14205.3;0.34
14205.8;0.088
14206.3;0.245
14206.8;0.166
14207.3;0.075
14207.8;0.187
14208.3;0.255
14208.8;0.248
14209.3;0.35
14209.8;0.235
14210.3;0.098
14210.8;0.241
14211.3;0.419
14211.8;0.269
14212.3;0.179
14212.8;0.213
14213.3;0.157
14213.8;0.267
14214.3;0.108
14214.8;0.096
14215.3;0.098
14215.8;0.202
14216.3;0.164
14216.8;0.136
14217.3;0.073
14217.8;0.253
14218.3;0.231
14218.8;0.235
14219.3;0.138
14219.8;0.32
14220.3;0.318
14220.8;0.349
14221.3;0.378
14221.8;0.388
14222.3;0.34
14222.8;0.31
14223.3;0.425
14223.8;0.185
14224.3;0.211
14224.8;0.32
14225.3;0.259
14225.8;0.17
14226.3;0.065
14226.8;0.138
14227.3;0.229
14227.8;0.096
14228.3;0.097
14228.8;0.099
14229.3;0.186
14229.8;0.09
14230.3;0.312
14230.8;0.103
14231.3;0.282
14231.8;0.307
14232.3;0.201
14232.8;0.168
14233.3;0.259
14233.8;0.282
14234.3;0.244
14234.8;0.148
14235.3;0.27
14235.8;0.249
14236.3;0.078
14236.8;0.129
14237.3;0.222
14237.8;0.22
14238.3;0.071
14238.8;0.226
14239.3;0.153
14239.8;0.125
14240.3;0.089
14240.8;0.002
14241.3;0.177
14241.8;0.119
14242.3;0.172
14242.8;0.022
14243.3;0.211
14243.8;0.117
14244.3;0.066
14244.8;0.061
14245.3;0.055
14245.8;0.201
14246.3;0.209
14246.8;0.112
14247.3;0.071
14247.8;0.107
14248.3;0.249
14248.8;0.227
14249.3;0.14
14249.8;0.182
14250.3;0.124
14250.8;0.116
14251.3;0.082
14251.8;0.044
14252.3;0.109
14252.8;0.092
14253.3;0.147
14253.8;0.008
14254.3;0.097
14254.8;0.053
14255.3;0.032
14255.8;0.152
14256.3;0.116
14256.8;0.184
14257.3;0.176
14257.8;0.083
14258.3;0.185
14258.8;0.244
14259.3;0.028
14259.8;0.129
14260.3;0.04
14260.8;0.037
14261.3;0.066
14261.8;0.106
14262.3;0.116
14262.8;0.038
14263.3;0.115
14263.8;0.104
14264.3;0.074
14264.8;0.175
14265.3;0.061
14265.8;0.161
14266.3;0.036
14266.8;0.244
14267.3;0.172
14267.8;0.119
14268.3;0.105
14268.8;0.158
14269.3;0.051
14269.8;0.041
14270.3;0.117
14270.8;0.087
14271.3;0.094
14271.8;0.112
14272.3;0.145
14272.8;0.071
14273.3;0.1
14273.8;0.178
14274.3;0.23
14274.8;0.148
14275.3;0.112
14275.8;0.111
14276.3;0.273
14276.8;0.142
14277.3;0.296
14277.8;0.08
14278.3;0.092
14278.8;0.075
14279.3;0.161
14279.8;0.038
14280.3;0.153
14280.8;0.105
14281.3;0.249
14281.8;0.068
14282.3;0.26
14282.8;0.066
14283.3;0.344
14283.8;0.205
14284.3;0.384
14284.8;0.278
14285.3;0.274
14285.8;0.23
14286.3;0.213
14286.8;0.242
14287.3;0.211
14287.8;0.145
14288.3;0.233
14288.8;0.033
14289.3;0.156
14289.8;0.208
14290.3;0.087
14290.8;0.294
14291.3;0.114
14291.8;0.204
14292.3;0.079
14292.8;0.326
14293.3;0.047
14293.8;0.233
14294.3;0.08
14294.8;0.092
14295.3;0.072
14295.8;0.077
14296.3;0.178
14296.8;0.078
14297.3;0.167
14297.8;0.204
14298.3;0.171
14298.8;0.04
14299.3;0.207
14299.8;0.182
14300.3;0.146
14300.8;0.03
14301.3;0.206
14301.8;0.141
14302.3;0.234
14302.8;0.058
14303.3;0.108
14303.8;0.195
14304.3;0.112
14304.8;0.221
14305.3;0.134
14305.8;0.155
14306.3;0.175
14306.8;0.02
14307.3;0.084
14307.8;0.273
14308.3;0.123
14308.8;0.137
14309.3;0.157
14309.8;0.147
14310.3;0.123
14310.8;0.146
14311.3;0.173
14311.8;0.054
14312.3;0.113
14312.8;0.158
14313.3;0.113
14313.8;0.04
14314.3;0.031
14314.8;0.122
14315.3;0.092
14315.8;0.073
14316.3;0.017
14316.8;0.228
14317.3;0.061
14317.8;0.179
14318.3;0.067
14318.8;0.221
14319.3;0.154
14319.8;0.255
14320.3;0.131
14320.8;0.002
14321.3;0.101
14321.8;0.157
14322.3;0.046
14322.8;0.125
14323.3;0.024
14323.8;0.176
14324.3;0.071
14324.8;0.072
14325.3;0.211
14325.8;0.091
14326.3;0.255
14326.8;0.091
14327.3;0.135
14327.8;0.197
14328.3;0.171
14328.8;0.173
14329.3;0.038
14329.8;0.051
14330.3;0.067
14330.8;0.183
14331.3;0.048
14331.8;0.135
14332.3;0.186
14332.8;0.24
14333.3;0.152
14333.8;0.211
14334.3;0.046
14334.8;0.282
14335.3;0.176
14335.8;0.217
14336.3;0.091
14336.8;0.129
14337.3;0.228
14337.8;0.091
14338.3;0.132
14338.8;0.082
14339.3;0.016
14339.8;0.165
14340.3;0.067
14340.8;0.103
14341.3;0.16
14341.8;0.021
14342.3;0.268
14342.8;0.095
14343.3;0.128
14343.8;0.029
14344.3;0.163
14344.8;0.131
14345.3;0.142
14345.8;0.181
14346.3;0.164
14346.8;0.283
14347.3;0.247
14347.8;0.07
14348.3;0.194
14348.8;0.172
14349.3;0.135
14349.8;0.112
14350.3;0.22
14350.8;0.279
14351.3;0.188
14351.8;0.173
14352.3;0.126
14352.8;0.27
14353.3;0.27
14353.8;0.324
14354.3;0.275
14354.8;0.096
14355.3;0.206
14355.8;0.142
14356.3;0.136
14356.8;0.095
14357.3;0.13
14357.8;0.177
14358.3;0.268
14358.8;0.014
14359.3;0.167
14359.8;0.157
14360.3;0.205
14360.8;0.257
14361.3;0.037
14361.8;0.133
14362.3;0.253
14362.8;0.124
14363.3;0.047
14363.8;0.121
14364.3;0.113
14364.8;0.208
14365.3;0.053
14365.8;0.056
14366.3;0.097
14366.8;0.064
14367.3;0.081
14367.8;0.035
14368.3;0.064
14368.8;0.137
14369.3;0.013
14369.8;0.067
14370.3;0.084
14370.8;0.142
14371.3;0.095
14371.8;0.061
14372.3;0.061
14372.8;0.053
14373.3;0.152
14373.8;0.16
14374.3;0.144
14374.8;0.107
14375.3;0.188
14375.8;0.113
14376.3;0.125
14376.8;0.094
14377.3;0.258
14377.8;0.164
14378.3;0.178
14378.8;0.112
14379.3;0.118
14379.8;0.129
14380.3;0.251
14380.8;0.27
14381.3;0.068
14381.8;0.137
14382.3;0.091
14382.8;0.139
14383.3;0.112
14383.8;0.161
14384.3;0.155
14384.8;0.178
14385.3;0.075
14385.8;0.15
14386.3;0.078
14386.8;0.115
14387.3;0.111
14387.8;0.101
14388.3;0.117
14388.8;0.194
14389.3;0.146
14389.8;0.086
14390.3;0.06
14390.8;0.108
14391.3;0.158
14391.8;0.132
14392.3;0.157
14392.8;0.133
14393.3;0.136
14393.8;0.191
14394.3;0.015
14394.8;0.171
14395.3;0.236
14395.8;0.212
14396.3;0.043
14396.8;0.14
14397.3;0.241
14397.8;0.226
14398.3;0.059
14398.8;0.111
14399.3;0.24
14399.8;0.156
14400.3;0.106
14400.8;0.105
14401.3;0.081
14401.8;0.116
14402.3;0.137
14402.8;0.123
14403.3;0.042
14403.8;0.323
14404.3;0.134
14404.8;0.091
14405.3;0.21
14405.8;0.317
14406.3;0.233
14406.8;0.171
14407.3;0.087
14407.8;0.202
14408.3;0.165
14408.8;0.142
14409.3;0.165
14409.8;0.131
14410.3;0.117
14410.8;0.111
14411.3;0.248
14411.8;0.115
14412.3;0.353
14412.8;0.141
14413.3;0.153
14413.8;0.226
14414.3;0.222
14414.8;0.139
14415.3;0.174
14415.8;0.127
14416.3;0.335
14416.8;0.165
14417.3;0.052
14417.8;0.134
14418.3;0.365
14418.8;0.143
14419.3;0.239
14419.8;0.091
14420.3;0.17
14420.8;0.155
14421.3;0.151
14421.8;0.097
14422.3;0.172
14422.8;0.232
14423.3;0.221
14423.8;0.048
14424.3;0.107
14424.8;0.315
14425.3;0.136
14425.8;0.191
14426.3;0.09
14426.8;0.229
14427.3;0.222
14427.8;0.221
14428.3;0.149
14428.8;0.186
14429.3;0.207
14429.8;0.179
14430.3;0.21
14430.8;0.228
14431.3;0.295
14431.8;0.181
14432.3;0.049
14432.8;0.074
14433.3;0.131
14433.8;0.194
14434.3;0.269
14434.8;0.094
14435.3;0.14
14435.8;0.176
14436.3;0.212
14436.8;0.171
14437.3;0.177
14437.8;0.143
14438.3;0.142
14438.8;0.17
14439.3;0.115
14439.8;0.148
14440.3;0.142
14440.8;0.098
14441.3;0.059
14441.8;0.071
14442.3;0.045
14442.8;0.157
14443.3;0.231
14443.8;0.069
14444.3;0.125
14444.8;0.124
14445.3;0.183
14445.8;0.17
14446.3;0.225
14446.8;0.078
14447.3;0.206
14447.8;0.103
14448.3;0.045
14448.8;0.146
14449.3;0.176
14449.8;0.26
14450.3;0.185
14450.8;0.136
14451.3;0.283
14451.8;0.229
14452.3;0.185
14452.8;0.117
14453.3;0.251
14453.8;0.346
14454.3;0.107
14454.8;0.016
14455.3;0.139
14455.8;0.42
14456.3;0.212
14456.8;0.039
14457.3;0.215
14457.8;0.189
14458.3;0.273
14458.8;0.119
14459.3;0.131
14459.8;0.319
14460.3;0.159
14460.8;0.265
14461.3;0.139
14461.8;0.228
14462.3;0.33
14462.8;0.105
14463.3;0.249
14463.8;0.299
14464.3;0.242
14464.8;0.265
14465.3;0.095
14465.8;0.186
14466.3;0.238
14466.8;0.211
14467.3;0.295
14467.8;0.175
14468.3;0.179
14468.8;0.133
14469.3;0.156
14469.8;0.345
14470.3;0.247
14470.8;0.135
14471.3;0.136
14471.8;0.32
14472.3;0.276
14472.8;0.03
14473.3;0.068
14473.8;0.248
14474.3;0.17
14474.8;0.092
14475.3;0.134
14475.8;0.212
14476.3;0.173
14476.8;0.272
14477.3;0.303
14477.8;0.2
14478.3;0.236
14478.8;0.121
14479.3;0.214
14479.8;0.082
14480.3;0.299
14480.8;0.232
14481.3;0.206
14481.8;0.077
14482.3;0.199
14482.8;0.224
14483.3;0.053
14483.8;0.152
14484.3;0.089
14484.8;0.093
14485.3;0.043
14485.8;0.143
14486.3;0.05
14486.8;0.096
14487.3;0.079
14487.8;0.205
14488.3;0.069
14488.8;0.2
14489.3;0.086
14489.8;0.186
14490.3;0.179
14490.8;0.161
14491.3;0.17
14491.8;0.076
14492.3;0.097
14492.8;0.053
14493.3;0.102
14493.8;0.164
14494.3;0.171
14494.8;0.05
14495.3;0.103
14495.8;0.136
14496.3;0.288
14496.8;0.025
14497.3;0.135
14497.8;0.077
14498.3;0.202
14498.8;0.114
14499.3;0.066
14499.8;0.054
14500.3;0.113
14500.8;0.178
14501.3;0.113
14501.8;0.069
14502.3;0.029
14502.8;0.045
14503.3;0.088
14503.8;0.071
14504.3;0.142
14504.8;0.135
14505.3;0.054
14505.8;0.209
14506.3;0.175
14506.8;0.142
14507.3;0.095
14507.8;0.204
14508.3;0.115
14508.8;0.054
14509.3;0.061
14509.8;0.096
14510.3;0.129
14510.8;0.138
14511.3;0.016
14511.8;0.115
14512.3;0.042
14512.8;0.076
14513.3;0.023
14513.8;0.174
14514.3;0.197
14514.8;0.064
14515.3;0.086
14515.8;0.272
14516.3;0.163
14516.8;0.085
14517.3;0.021
14517.8;0.232
14518.3;0.093
14518.8;0.125
14519.3;0.145
14519.8;0.095
14520.3;0.049
14520.8;0.141
14521.3;0.279
14521.8;0.127
14522.3;0.159
14522.8;0.142
14523.3;0.17
14523.8;0.189
14524.3;0.215
14524.8;0.11
14525.3;0.099
14525.8;0.123
14526.3;0.266
14526.8;0.056
14527.3;0.112
14527.8;0.141
14528.3;0.128
14528.8;0.141
14529.3;0.054
14529.8;0.206
14530.3;0.082
14530.8;0.175
14531.3;0.138
14531.8;0.09
14532.3;0.105
14532.8;0.064
14533.3;0.241
14533.8;0.136
14534.3;0.086
14534.8;0.071
14535.3;0.245
14535.8;0.177
14536.3;0.063
14536.8;0.112
14537.3;0.108
14537.8;0.17
14538.3;0.119
14538.8;0.16
14539.3;0.123
14539.8;0.12
14540.3;0.174
14540.8;0.206
14541.3;0.103
14541.8;0.241
14542.3;0.104
14542.8;0.12
14543.3;0.011
14543.8;0.23
14544.3;0.088
14544.8;0.14
14545.3;0.06
14545.8;0.066
14546.3;0.202
14546.8;0.141
14547.3;0.176
14547.8;0.011
14548.3;0.083
14548.8;0.297
14549.3;0.235
14549.8;0.103
14550.3;0.064
14550.8;0.185
14551.3;0.388
14551.8;0.108
14552.3;0.132
14552.8;0.071
14553.3;0.275
14553.8;0.163
14554.3;0.027
14554.8;0.07
14555.3;0.074
14555.8;0.156
14556.3;0.127
14556.8;0.068
14557.3;0.209
14557.8;0.169
14558.3;0.119
14558.8;0.032
14559.3;0.232
14559.8;0.401
14560.3;0.127
14560.8;0.293
14561.3;0.206
14561.8;0.227
14562.3;0.223
14562.8;0.152
14563.3;0.249
14563.8;0.143
14564.3;0.137
14564.8;0.051
14565.3;0.084
14565.8;0.057
14566.3;0.105
14566.8;0.109
14567.3;0.237
14567.8;0.035
14568.3;0.221
14568.8;0.037
14569.3;0.35
14569.8;0.266
14570.3;0.033
14570.8;0.021
14571.3;0.125
14571.8;0.305
14572.3;0.158
14572.8;0.248
14573.3;0.127
14573.8;0.107
14574.3;0.284
14574.8;0.326
14575.3;0.119
14575.8;0.412
14576.3;0.223
14576.8;0.358
14577.3;0.106
14577.8;0.337
14578.3;0.085
14578.8;0.323
14579.3;0.076
14579.8;0.096
14580.3;0.097
14580.8;0.082
14581.3;0.19
14581.8;0.008
14582.3;0.19
14582.8;0.241
14583.3;0.172
14583.8;0.057
14584.3;0.218
14584.8;0.173
14585.3;0.226
14585.8;0.137
14586.3;0.182
14586.8;0.05
14587.3;0.177
14587.8;0.181
14588.3;0.054
14588.8;0.106
14589.3;0.163
14589.8;0.22
14590.3;0.072
14590.8;0.095
14591.3;0.234
14591.8;0.029
14592.3;0.088
14592.8;0.063
14593.3;0.172
14593.8;0.104
14594.3;0.191
14594.8;0.112
14595.3;0.155
14595.8;0.174
14596.3;0.19
14596.8;0.139
14597.3;0.169
14597.8;0.236
14598.3;0.223
14598.8;0.075
14599.3;0.271
14599.8;0.289
14600.3;0.07
14600.8;0.216
14601.3;0.199
14601.8;0.196
14602.3;0.139
14602.8;0.079
14603.3;0.166
14603.8;0.141
14604.3;0.241
14604.8;0.241
14605.3;0.175
14605.8;0.103
14606.3;0.326
14606.8;0.101
14607.3;0.147
14607.8;0.288
14608.3;0.207
14608.8;0.08
14609.3;0.203
14609.8;0.075
14610.3;0.262
14610.8;0.23
14611.3;0.016
14611.8;0.028
14612.3;0.19
14612.8;0.165
14613.3;0.033
14613.8;0.013
14614.3;0.083
14614.8;0.184
14615.3;0.073
14615.8;0.099
14616.3;0.134
14616.8;0.31
14617.3;0.295
14617.8;0.238
14618.3;0.11
14618.8;0.224
14619.3;0.136
14619.8;0.103
14620.3;0.086
14620.8;0.253
14621.3;0.137
14621.8;0.038
14622.3;0.078
14622.8;0.152
14623.3;0.19
14623.8;0.12
14624.3;0.27
14624.8;0.023
14625.3;0.182
14625.8;0.122
14626.3;0.167
14626.8;0.114
14627.3;0.212
14627.8;0.076
14628.3;0.292
14628.8;0.095
14629.3;0.126
14629.8;0.234
14630.3;0.288
14630.8;0.247
14631.3;0.141
14631.8;0.019
14632.3;0.136
14632.8;0.18
14633.3;0.055
14633.8;0.086
14634.3;0.136
14634.8;0.162
14635.3;0.1
14635.8;0.148
14636.3;0.03
14636.8;0.316
14637.3;0.198
14637.8;0.234
14638.3;0.214
14638.8;0.101
14639.3;0.182
14639.8;0.181
14640.3;0.091
14640.8;0.082
14641.3;0.107
14641.8;0.082
14642.3;0.165
14642.8;0.061
14643.3;0.119
14643.8;0.049
14644.3;0.176
14644.8;0.223
14645.3;0.082
14645.8;0.081
14646.3;0.191
14646.8;0.188
14647.3;0.077
14647.8;0.038
14648.3;0.09
14648.8;0.117
14649.3;0.153
14649.8;0.139
14650.3;0.118
14650.8;0.233
14651.3;0.177
14651.8;0.262
14652.3;0.092
14652.8;0.138
14653.3;0.061
14653.8;0.095
14654.3;0.184
14654.8;0.08
14655.3;0.03
14655.8;0.046
14656.3;0.165
14656.8;0.096
14657.3;0.051
14657.8;0.174
14658.3;0.127
14658.8;0.092
14659.3;0.013
14659.8;0.05
14660.3;0.193
14660.8;0.13
14661.3;0.147
14661.8;0.123
14662.3;0.106
14662.8;0.169
14663.3;0.076
14663.8;0.13
14664.3;0.098
14664.8;0.105
14665.3;0.084
14665.8;0.107
14666.3;0.057
14666.8;0.159
14667.3;0.147
14667.8;0.196
14668.3;0.036
14668.8;0.271
14669.3;0.089
14669.8;0.111
14670.3;0.074
14670.8;0.197
14671.3;0.08
14671.8;0.074
14672.3;0.134
14672.8;0.096
14673.3;0.088
14673.8;0.218
14674.3;0.181
14674.8;0.042
14675.3;0.136
14675.8;0.139
14676.3;0.188
14676.8;0.094
14677.3;0.138
14677.8;0.156
14678.3;0.178
14678.8;0.246
14679.3;0.25
14679.8;0.19
14680.3;0.185
14680.8;0.197
14681.3;0.199
14681.8;0.087
14682.3;0.133
14682.8;0.147
14683.3;0.163
14683.8;0.121
14684.3;0.067
14684.8;0.168
14685.3;0.086
14685.8;0.148
14686.3;0.041
14686.8;0.107
14687.3;0.264
14687.8;0.084
14688.3;0.125
14688.8;0.269
14689.3;0.282
14689.8;0.131
14690.3;0.06
14690.8;0.233
14691.3;0.24
14691.8;0.221
14692.3;0.137
14692.8;0.031
14693.3;0.102
14693.8;0.028
14694.3;0.232
14694.8;0.101
14695.3;0.289
14695.8;0.217
14696.3;0.187
14696.8;0.207
14697.3;0.219
14697.8;0.189
14698.3;0.246
14698.8;0.138
14699.3;0.088
14699.8;0.194
14700.3;0.3
14700.8;0.203
14701.3;0.11
14701.8;0.155
14702.3;0.076
14702.8;0.082
14703.3;0.027
14703.8;0.164
14704.3;0.107
14704.8;0.228
14705.3;0.125
14705.8;0.083
14706.3;0.124
14706.8;0.292
14707.3;0.221
14707.8;0.166
14708.3;0.035
14708.8;0.12
14709.3;0.245
14709.8;0.21
14710.3;0.171
14710.8;0.117
14711.3;0.096
14711.8;0.191
14712.3;0.203
14712.8;0.336
14713.3;0.178
14713.8;0.284
14714.3;0.255
14714.8;0.176
14715.3;0.194
14715.8;0.151
14716.3;0.391
14716.8;0.329
14717.3;0.27
14717.8;0.059
14718.3;0.249
14718.8;0.184
14719.3;0.262
14719.8;0.141
14720.3;0.198
14720.8;0.256
14721.3;0.159
14721.8;0.147
14722.3;0.177
14722.8;0.112
14723.3;0.122
14723.8;0.135
14724.3;0.222
14724.8;0.104
14725.3;0.063
14725.8;0.149
14726.3;0.157
14726.8;0.158
14727.3;0.084
14727.8;0.148
14728.3;0.104
14728.8;0.128
14729.3;0.109
14729.8;0.122
14730.3;0.095
14730.8;0.097
14731.3;0.159
14731.8;0.023
14732.3;0.175
14732.8;0.145
14733.3;0.167
14733.8;0.151
14734.3;0.086
14734.8;0.132
14735.3;0.059
14735.8;0.098
14736.3;0.128
14736.8;0.175
14737.3;0.07
14737.8;0.124
14738.3;0.105
14738.8;0.025
14739.3;0.059
14739.8;0.117
14740.3;0.116
14740.8;0.058
14741.3;0.15
14741.8;0.058
14742.3;0.106
14742.8;0.103
14743.3;0.109
14743.8;0.073
14744.3;0.026
14744.8;0.145
14745.3;0.145
14745.8;0.118
14746.3;0.068
14746.8;0.047
14747.3;0.184
14747.8;0.146
14748.3;0.027
14748.8;0.131
14749.3;0.17
14749.8;0.232
14750.3;0.116
14750.8;0.09
14751.3;0.127
14751.8;0.052
14752.3;0.187
14752.8;0.058
14753.3;0.12
14753.8;0.174
14754.3;0.062
14754.8;0.146
14755.3;0.031
14755.8;0.108
14756.3;0.194
14756.8;0.052
14757.3;0.054
14757.8;0.153
14758.3;0.217
14758.8;0.167
14759.3;0.041
14759.8;0.143
14760.3;0.15
14760.8;0.175
14761.3;0.136
14761.8;0.107
14762.3;0.123
14762.8;0.105
14763.3;0.138
14763.8;0.153
14764.3;0.076
14764.8;0.12
14765.3;0.141
14765.8;0.188
14766.3;0.061
14766.8;0.131
14767.3;0.051
14767.8;0.138
14768.3;0.061
14768.8;0.092
14769.3;0.02
14769.8;0.079
14770.3;0.159
14770.8;0.106
14771.3;0.056
14771.8;0.122
14772.3;0.163
14772.8;0.037
14773.3;0.093
14773.8;0.146
14774.3;0.231
14774.8;0.007
14775.3;0.093
14775.8;0.137
14776.3;0.286
14776.8;0.037
14777.3;0.148
14777.8;0.042
14778.3;0.208
14778.8;0.089
14779.3;0.118
14779.8;0.081
14780.3;0.135
14780.8;0.083
14781.3;0.035
14781.8;0.088
14782.3;0.157
14782.8;0.206
14783.3;0.057
14783.8;0.2
14784.3;0.051
14784.8;0.334
14785.3;0.131
14785.8;0.184
14786.3;0.091
14786.8;0.168
14787.3;0.101
14787.8;0.145
14788.3;0.096
14788.8;0.194
14789.3;0.08
14789.8;0.146
14790.3;0.076
14790.8;0.144
14791.3;0.131
14791.8;0.104
14792.3;0.151
14792.8;0.012
14793.3;0.135
14793.8;0.106
14794.3;0.174
14794.8;0.031
14795.3;0.097
14795.8;0.155
14796.3;0.12
14796.8;0.087
14797.3;0.112
14797.8;0.101
14798.3;0.213
14798.8;0.031
14799.3;0.095
14799.8;0.132
14800.3;0.224
14800.8;0.042
14801.3;0.045
14801.8;0.087
14802.3;0.082
14802.8;0.049
14803.3;0.203
14803.8;0.124
14804.3;0.112
14804.8;0.033
14805.3;0.132
14805.8;0.088
14806.3;0.113
14806.8;0.122
14807.3;0.054
14807.8;0.125
14808.3;0.076
14808.8;0.086
14809.3;0.25
14809.8;0.07
14810.3;0.191
14810.8;0.144
14811.3;0.034
14811.8;0.135
14812.3;0.073
14812.8;0.121
14813.3;0.132
14813.8;0.05
14814.3;0.17
14814.8;0.078
14815.3;0.184
14815.8;0.107
14816.3;0.237
14816.8;0.162
14817.3;0.016
14817.8;0.142
14818.3;0.042
14818.8;0.242
14819.3;0.168
14819.8;0.1
14820.3;0.143
14820.8;0.089
14821.3;0.224
14821.8;0.013
14822.3;0.186
14822.8;0.26
14823.3;0.086
14823.8;0.176
14824.3;0.143
14824.8;0.264
14825.3;0.204
14825.8;0.069
14826.3;0.227
14826.8;0.099
14827.3;0.176
14827.8;0.031
14828.3;0.164
14828.8;0.162
14829.3;0.094
14829.8;0.155
14830.3;0.184
14830.8;0.223
14831.3;0.119
14831.8;0.1
14832.3;0.15
14832.8;0.075
14833.3;0.107
14833.8;0.043
14834.3;0.166
14834.8;0.16
14835.3;0.068
14835.8;0.009
14836.3;0.098
14836.8;0.064
14837.3;0.059
14837.8;0.105
14838.3;0.025
14838.8;0.063
14839.3;0.019
14839.8;0.02
14840.3;0.096
14840.8;0.144
14841.3;0.069
14841.8;0.121
14842.3;0.183
14842.8;0.183
14843.3;0.088
14843.8;0.107
14844.3;0.046
14844.8;0.006
14845.3;0.074
14845.8;0.097
14846.3;0.12
14846.8;0.137
14847.3;0.071
14847.8;0.099
14848.3;0.04
14848.8;0.163
14849.3;0.139
14849.8;0.104
14850.3;0.086
14850.8;0.203
14851.3;0.211
14851.8;0.118
14852.3;0.151
14852.8;0.084
14853.3;0.218
14853.8;0.12
14854.3;0.088
14854.8;0.11
14855.3;0.133
14855.8;0.157
14856.3;0.246
14856.8;0.076
14857.3;0.056
14857.8;0.117
14858.3;0.258
14858.8;0.211
14859.3;0.134
14859.8;0.007
14860.3;0.206
14860.8;0.186
14861.3;0.136
14861.8;0.1
14862.3;0.219
14862.8;0.215
14863.3;0.086
14863.8;0.128
14864.3;0.224
14864.8;0.22
14865.3;0.136
14865.8;0.097
14866.3;0.264
14866.8;0.076
14867.3;0.115
14867.8;0.146
14868.3;0.173
14868.8;0.305
14869.3;0.039
14869.8;0.152
14870.3;0.175
14870.8;0.147
14871.3;0.158
14871.8;0.103
14872.3;0.184
14872.8;0.194
14873.3;0.158
14873.8;0.125
14874.3;0.151
14874.8;0.215
14875.3;0.218
14875.8;0.06
14876.3;0.117
14876.8;0.241
14877.3;0.326
14877.8;0.193
14878.3;0.155
14878.8;0.25
14879.3;0.255
14879.8;0.318
14880.3;0.18
14880.8;0.188
14881.3;0.287
14881.8;0.288
14882.3;0.308
14882.8;0.194
14883.3;0.189
14883.8;0.146
14884.3;0.176
14884.8;0.27
14885.3;0.057
14885.8;0.071
14886.3;0.095
14886.8;0.151
14887.3;0.274
14887.8;0.135
14888.3;0.094
14888.8;0.14
14889.3;0.144
14889.8;0.061
14890.3;0.102
14890.8;0.163
14891.3;0.102
14891.8;0.101
14892.3;0.034
14892.8;0.134
14893.3;0.259
14893.8;0.141
14894.3;0.151
14894.8;0.055
14895.3;0.189
14895.8;0.101
14896.3;0.096
14896.8;0.045
14897.3;0.173
14897.8;0.136
14898.3;0.092
14898.8;0.029
14899.3;0.016
14899.8;0.112
14900.3;0.06
14900.8;0.206
14901.3;0.019
14901.8;0.135
14902.3;0.087
14902.8;0.131
14903.3;0.108
14903.8;0.138
14904.3;0.147
14904.8;0.066
14905.3;0.141
14905.8;0.05
14906.3;0.251
14906.8;0.246
14907.3;0.144
14907.8;0.137
14908.3;0.124
14908.8;0.115
14909.3;0.254
14909.8;0.065
14910.3;0.095
14910.8;0.034
14911.3;0.183
14911.8;0.054
14912.3;0.22
14912.8;0.104
14913.3;0.067
14913.8;0.218
14914.3;0.172
14914.8;0.268
14915.3;0.203
14915.8;0.054
14916.3;0.143
14916.8;0.221
14917.3;0.129
14917.8;0.114
14918.3;0.203
14918.8;0.058
14919.3;0.135
14919.8;0.185
14920.3;0.088
14920.8;0.274
14921.3;0.072
14921.8;0.158
14922.3;0.151
14922.8;0.174
14923.3;0.264
14923.8;0.159
14924.3;0.087
14924.8;0.063
14925.3;0.276
14925.8;0.056
14926.3;0.021
14926.8;0.155
14927.3;0.082
14927.8;0.11
14928.3;0.037
14928.8;0.187
14929.3;0.19
14929.8;0.151
14930.3;0.145
14930.8;0.079
14931.3;0.118
14931.8;0.172
14932.3;0.163
14932.8;0.102
14933.3;0.082
14933.8;0.141
14934.3;0.189
14934.8;0.071
14935.3;0.123
14935.8;0.19
14936.3;0.075
14936.8;0.146
14937.3;0.041
14937.8;0.192
14938.3;0.055
14938.8;0.243
14939.3;0.146
14939.8;0.096
14940.3;0.068
14940.8;0.194
14941.3;0.187
14941.8;0.163
14942.3;0.094
14942.8;0.148
14943.3;0.054
14943.8;0.1
14944.3;0.117
14944.8;0.125
14945.3;0.094
14945.8;0.178
14946.3;0.081
14946.8;0.084
14947.3;0.14
14947.8;0.228
14948.3;0.081
14948.8;0.193
14949.3;0.053
14949.8;0.164
14950.3;0.052
14950.8;0.125
14951.3;0.063
14951.8;0.062
14952.3;0.056
14952.8;0.089
14953.3;0.075
14953.8;0.034
14954.3;0.134
14954.8;0.201
14955.3;0.047
14955.8;0.164
14956.3;0.209
14956.8;0.112
14957.3;0.062
14957.8;0.211
14958.3;0.18
14958.8;0.06
14959.3;0.053
14959.8;0.007
14960.3;0.136
14960.8;0.079
14961.3;0.042
14961.8;0.139
14962.3;0.128
14962.8;0.101
14963.3;0.135
14963.8;0.075
14964.3;0.124
14964.8;0.04
14965.3;0.109
14965.8;0.079
14966.3;0.183
14966.8;0.155
14967.3;0.187
14967.8;0.103
14968.3;0.058
14968.8;0.046
14969.3;0.018
14969.8;0.07
14970.3;0.052
14970.8;0.065
14971.3;0.061
14971.8;0.12
14972.3;0.119
14972.8;0.038
14973.3;0.129
14973.8;0.132
14974.3;0.132
14974.8;0.104
14975.3;0.053
14975.8;0.032
14976.3;0.179
14976.8;0.061
14977.3;0.165
14977.8;0.172
14978.3;0.101
14978.8;0.04
14979.3;0.045
14979.8;0.012
14980.3;0.037
14980.8;0.107
14981.3;0.142
14981.8;0.066
14982.3;0.21
14982.8;0.143
14983.3;0.124
14983.8;0.276
14984.3;0.053
14984.8;0.24
14985.3;0.066
14985.8;0.142
14986.3;0.03
14986.8;0.182
14987.3;0.109
14987.8;0.034
14988.3;0.093
14988.8;0.144
14989.3;0.032
14989.8;0.214
14990.3;0.046
14990.8;0.146
14991.3;0.027
14991.8;0.078
14992.3;0.167
14992.8;0.141
14993.3;0.108
14993.8;0.154
14994.3;0.098
14994.8;0.063
14995.3;0.175
14995.8;0.028
14996.3;0.099
14996.8;0.147
14997.3;0.043
14997.8;0.035
14998.3;0.047
14998.8;0.225
14999.3;0.045
14999.8;0.167
15000.3;0.038
15000.8;0.138
15001.3;0.16
15001.8;0.135
15002.3;0.188
15002.8;0.193
15003.3;0.118
15003.8;0.164
15004.3;0.097
15004.8;0.206
15005.3;0.082
15005.8;0.165
15006.3;0.126
15006.8;0.09
15007.3;0.089
15007.8;0.11
15008.3;0.09
15008.8;0.151
15009.3;0.107
15009.8;0.173
15010.3;0.153
15010.8;0.105
15011.3;0.007
15011.8;0.147
15012.3;0.025
15012.8;0.101
15013.3;0.049
15013.8;0.151
15014.3;0.067
15014.8;0.072
15015.3;0.104
15015.8;0.184
15016.3;0.132
15016.8;0.072
15017.3;0.308
15017.8;0.143
15018.3;0.138
15018.8;0.082
15019.3;0.32
15019.8;0.134
15020.3;0.103
15020.8;0.07
15021.3;0.179
15021.8;0.186
15022.3;0.126
15022.8;0.134
15023.3;0.093
15023.8;0.067
15024.3;0.103
15024.8;0.206
15025.3;0.131
15025.8;0.116
15026.3;0.135
15026.8;0.235
15027.3;0.112
15027.8;0.205
15028.3;0.087
15028.8;0.179
15029.3;0.249
15029.8;0.148
15030.3;0.112
15030.8;0.12
15031.3;0.245
15031.8;0.195
15032.3;0.048
15032.8;0.243
15033.3;0.151
15033.8;0.148
15034.3;0.025
15034.8;0.169
15035.3;0.281
15035.8;0.141
15036.3;0.052
15036.8;0.016
15037.3;0.216
15037.8;0.334
15038.3;0.082
15038.8;0.216
15039.3;0.116
15039.8;0.306
15040.3;0.16
15040.8;0.103
15041.3;0.072
15041.8;0.07
15042.3;0.196
15042.8;0.042
15043.3;0.106
15043.8;0.243
15044.3;0.107
15044.8;0.05
15045.3;0.182
15045.8;0.122
15046.3;0.196
15046.8;0.084
15047.3;0.194
15047.8;0.032
15048.3;0.113
15048.8;0.243
15049.3;0.052
15049.8;0.125
15050.3;0.123
15050.8;0.097
15051.3;0.11
15051.8;0.052
15052.3;0.121
15052.8;0.03
15053.3;0.183
15053.8;0.228
15054.3;0.095
15054.8;0.124
15055.3;0.064
15055.8;0.164
15056.3;0.15
15056.8;0.07
15057.3;0.117
15057.8;0.031
15058.3;0.126
15058.8;0.177
15059.3;0.06
15059.8;0.126
15060.3;0.089
15060.8;0.047
15061.3;0.074
15061.8;0.16
15062.3;0.124
15062.8;0.134
15063.3;0.008
15063.8;0.084
15064.3;0.133
15064.8;0.151
15065.3;0.203
15065.8;0.123
15066.3;0.12
15066.8;0.11
15067.3;0.194
15067.8;0.116
15068.3;0.152
15068.8;0.185
15069.3;0.127
15069.8;0.152
15070.3;0.091
15070.8;0.124
15071.3;0.08
15071.8;0.135
15072.3;0.277
15072.8;0.084
15073.3;0.107
15073.8;0.127
15074.3;0.143
15074.8;0.133
15075.3;0.117
15075.8;0.108
15076.3;0.068
15076.8;0.098
15077.3;0.082
15077.8;0.031
15078.3;0.162
15078.8;0.108
15079.3;0.12
15079.8;0.047
15080.3;0.186
15080.8;0.143
15081.3;0.159
15081.8;0.125
15082.3;0.063
15082.8;0.177
15083.3;0.184
15083.8;0.148
15084.3;0.038
15084.8;0.06
15085.3;0.169
15085.8;0.131
15086.3;0.068
15086.8;0.064
15087.3;0.048
15087.8;0.065
15088.3;0.128
15088.8;0.21
15089.3;0.13
15089.8;0.094
15090.3;0.066
15090.8;0.168
15091.3;0.206
15091.8;0.189
15092.3;0.078
15092.8;0.179
15093.3;0.136
15093.8;0.081
15094.3;0.235
15094.8;0.092
15095.3;0.059
15095.8;0.081
15096.3;0.047
15096.8;0.119
15097.3;0.148
15097.8;0.053
15098.3;0.103
15098.8;0.12
15099.3;0.248
15099.8;0.09
15100.3;0.231
15100.8;0.12
15101.3;0.114
15101.8;0.159
15102.3;0.117
15102.8;0.132
15103.3;0.132
15103.8;0.025
15104.3;0.092
15104.8;0.173
15105.3;0.173
15105.8;0.23
15106.3;0.147
15106.8;0.112
15107.3;0.294
15107.8;0.209
15108.3;0.146
15108.8;0.2
15109.3;0.106
15109.8;0.23
15110.3;0.057
15110.8;0.018
15111.3;0.196
15111.8;0.159
15112.3;0.188
15112.8;0.228
15113.3;0.065
15113.8;0.242
15114.3;0.141
15114.8;0.122
15115.3;0.103
15115.8;0.213
15116.3;0.127
15116.8;0.086
15117.3;0.081
15117.8;0.106
15118.3;0.155
15118.8;0.037
15119.3;0.1
15119.8;0.02
15120.3;0.108
15120.8;0.095
15121.3;0.07
15121.8;0.101
15122.3;0.085
15122.8;0.15
15123.3;0.061
15123.8;0.068
15124.3;0.176
15124.8;0.027
15125.3;0.156
15125.8;0.102
15126.3;0.176
15126.8;0.029
15127.3;0.107
15127.8;0.098
15128.3;0.064
15128.8;0.069
15129.3;0.155
15129.8;0.135
15130.3;0.064
15130.8;0.087
15131.3;0.11
15131.8;0.143
15132.3;0.073
15132.8;0.075
15133.3;0.098
15133.8;0.13
15134.3;0.074
15134.8;0.066
15135.3;0.028
15135.8;0.177
15136.3;0.167
15136.8;0.145
15137.3;0.115
15137.8;0.121
15138.3;0.097
15138.8;0.08
15139.3;0.091
15139.8;0.002
15140.3;0.058
15140.8;0.018
15141.3;0.079
15141.8;0.014
15142.3;0.122
15142.8;0.096
15143.3;0.183
15143.8;0.08
15144.3;0.092
15144.8;0.106
15145.3;0.1
15145.8;0.107
15146.3;0.083
15146.8;0.075
15147.3;0.049
15147.8;0.106
15148.3;0.09
15148.8;0.1
15149.3;0.111
15149.8;0.033
15150.3;0.035
15150.8;0.12
15151.3;0.018
15151.8;0.186
15152.3;0.11
15152.8;0.058
15153.3;0.031
15153.8;0.145
15154.3;0.14
15154.8;0.117
15155.3;0.009
15155.8;0.079
15156.3;0.122
15156.8;0.086
15157.3;0.04
15157.8;0.052
15158.3;0.114
15158.8;0.091
15159.3;0.124
15159.8;0.085
15160.3;0.156
15160.8;0.074
15161.3;0.119
15161.8;0.076
15162.3;0.203
15162.8;0.157
15163.3;0.072
15163.8;0.139
15164.3;0.052
15164.8;0.195
15165.3;0.076
15165.8;0.072
15166.3;0.019
15166.8;0.057
15167.3;0.117
15167.8;0.051
15168.3;0.001
15168.8;0.096
15169.3;0.054
15169.8;0.159
15170.3;0.032
15170.8;0.189
15171.3;0.205
15171.8;0.123
15172.3;0.202
15172.8;0.115
15173.3;0.073
15173.8;0.076
15174.3;0.113
15174.8;0.088
15175.3;0.102
15175.8;0.075
15176.3;0.115
15176.8;0.084
15177.3;0.131
15177.8;0.079
15178.3;0.219
15178.8;0.143
15179.3;0.118
15179.8;0.028
15180.3;0.123
15180.8;0.132
15181.3;0.176
15181.8;0.1
15182.3;0.031
15182.8;0.034
15183.3;0.044
15183.8;0.093
15184.3;0.03
15184.8;0.188
15185.3;0.048
15185.8;0.092
15186.3;0.077
15186.8;0.134
15187.3;0.181
15187.8;0.144
15188.3;0.158
15188.8;0.092
15189.3;0.094
15189.8;0.085
15190.3;0.203
15190.8;0.094
15191.3;0.093
15191.8;0.065
15192.3;0.027
15192.8;0.096
15193.3;0.058
15193.8;0.075
15194.3;0.123
15194.8;0.029
15195.3;0.142
15195.8;0.12
15196.3;0.094
15196.8;0.186
15197.3;0.148
15197.8;0.089
15198.3;0.012
15198.8;0.143
15199.3;0.092
15199.8;0.162
15200.3;0.01
15200.8;0.05
15201.3;0.035
15201.8;0.034
15202.3;0.019
15202.8;0.044
15203.3;0.177
15203.8;0.066
15204.3;0.074
15204.8;0.031
15205.3;0.149
15205.8;0.074
15206.3;0.092
15206.8;0.064
15207.3;0.072
15207.8;0.073
15208.3;0.101
15208.8;0.093
15209.3;0.064
15209.8;0.034
15210.3;0.051
15210.8;0.055
15211.3;0.042
15211.8;0.059
15212.3;0.065
15212.8;0.037
15213.3;0.093
15213.8;0.049
15214.3;0.072
15214.8;0.086
15215.3;0.146
15215.8;0.07
15216.3;0.052
15216.8;0.101
15217.3;0.063
15217.8;0.089
15218.3;0.066
15218.8;0.124
15219.3;0.036
15219.8;0.044
15220.3;0.064
15220.8;0.064
15221.3;0.089
15221.8;0.141
15222.3;0.148
15222.8;0.095
15223.3;0.097
15223.8;0.196
15224.3;0.173
15224.8;0.151
15225.3;0.077
15225.8;0.207
15226.3;0.237
15226.8;0.107
15227.3;0.157
15227.8;0.169
15228.3;0.191
15228.8;0.148
15229.3;0.159
15229.8;0.163
15230.3;0.03
15230.8;0.067
15231.3;0.053
15231.8;0.119
15232.3;0.128
15232.8;0.106
15233.3;0.108
15233.8;0.136
15234.3;0.076
15234.8;0.152
15235.3;0.083
15235.8;0.182
15236.3;0.094
15236.8;0.029
15237.3;0.123
15237.8;0.027
15238.3;0.151
15238.8;0.079
15239.3;0.051
15239.8;0.139
15240.3;0.094
15240.8;0.038
15241.3;0.036
15241.8;0.234
15242.3;0.22
15242.8;0.104
15243.3;0.096
15243.8;0.181
15244.3;0.116
15244.8;0.228
15245.3;0.048
15245.8;0.03
15246.3;0.127
15246.8;0.071
15247.3;0.128
15247.8;0.053
15248.3;0.228
15248.8;0.144
15249.3;0.127
15249.8;0.224
15250.3;0.105
15250.8;0.124
15251.3;0.135
15251.8;0.183
15252.3;0.244
15252.8;0.066
15253.3;0.137
15253.8;0.05
15254.3;0.18
15254.8;0.116
15255.3;0.056
15255.8;0.133
15256.3;0.056
15256.8;0.066
15257.3;0.021
15257.8;0.151
15258.3;0.278
15258.8;0.099
15259.3;0.057
15259.8;0.084
15260.3;0.184
15260.8;0.192
15261.3;0.104
15261.8;0.051
15262.3;0.101
15262.8;0.257
15263.3;0.129
15263.8;0.06
15264.3;0.097
15264.8;0.095
15265.3;0.168
15265.8;0.108
15266.3;0.058
15266.8;0.075
15267.3;0.107
15267.8;0.138
15268.3;0.097
15268.8;0.141
15269.3;0.08
15269.8;0.131
15270.3;0.115
15270.8;0.046
15271.3;0.172
15271.8;0.06
15272.3;0.022
15272.8;0.052
15273.3;0.089
15273.8;0.056
15274.3;0.037
15274.8;0.075
15275.3;0.135
15275.8;0.067
15276.3;0.096
15276.8;0.075
15277.3;0.21
15277.8;0.074
15278.3;0.095
15278.8;0.061
15279.3;0.154
15279.8;0.102
15280.3;0.094
15280.8;0.078
15281.3;0.114
15281.8;0.086
15282.3;0.063
15282.8;0.056
15283.3;0.082
15283.8;0.095
15284.3;0.084
15284.8;0.164
15285.3;0.095
15285.8;0.167
15286.3;0.034
15286.8;0.129
15287.3;0.094
15287.8;0.11
15288.3;0.1
15288.8;0.106
15289.3;0.05
15289.8;0.149
15290.3;0.073
15290.8;0.054
15291.3;0.049
15291.8;0.099
15292.3;0.096
15292.8;0.074
15293.3;0.102
15293.8;0.035
15294.3;0.037
15294.8;0.044
15295.3;0.133
15295.8;0.118
15296.3;0.087
15296.8;0.165
15297.3;0.047
15297.8;0.076
15298.3;0.114
15298.8;0.202
15299.3;0.096
15299.8;0.067
15300.3;0.09
15300.8;0.03
15301.3;0.128
15301.8;0.038
15302.3;0.083
15302.8;0.017
15303.3;0.127
15303.8;0.067
15304.3;0.124
15304.8;0.052
15305.3;0.202
15305.8;0.082
15306.3;0.039
15306.8;0.096
15307.3;0.071
15307.8;0.237
15308.3;0.03
15308.8;0.092
15309.3;0.104
15309.8;0.169
15310.3;0.068
15310.8;0.105
15311.3;0.153
15311.8;0.14
15312.3;0.114
15312.8;0.061
15313.3;0.114
15313.8;0.18
15314.3;0.137
15314.8;0.075
15315.3;0.101
15315.8;0.047
15316.3;0.214
15316.8;0.043
15317.3;0.186
15317.8;0.062
15318.3;0.165
15318.8;0.112
15319.3;0.099
15319.8;0.074
15320.3;0.096
15320.8;0.133
15321.3;0.095
15321.8;0.074
15322.3;0.098
15322.8;0.024
15323.3;0.179
15323.8;0.142
15324.3;0.092
15324.8;0.068
15325.3;0.073
15325.8;0.176
15326.3;0.09
15326.8;0.049
15327.3;0.124
15327.8;0.106
15328.3;0.088
15328.8;0.008
15329.3;0.108
15329.8;0.097
15330.3;0.037
15330.8;0.052
15331.3;0.077
15331.8;0.171
15332.3;0.11
15332.8;0.107
15333.3;0.083
15333.8;0.069
15334.3;0.072
15334.8;0.05
15335.3;0.091
15335.8;0.033
15336.3;0.109
15336.8;0.056
15337.3;0.056
15337.8;0.05
15338.3;0.113
15338.8;0.031
15339.3;0.095
15339.8;0.056
15340.3;0.16
15340.8;0.027
15341.3;0.154
15341.8;0.058
15342.3;0.156
15342.8;0.062
15343.3;0.129
15343.8;0.045
15344.3;0.1
15344.8;0.058
15345.3;0.068
15345.8;0.083
15346.3;0.046
15346.8;0.082
15347.3;0.017
15347.8;0.034
15348.3;0.14
15348.8;0.156
15349.3;0.117
15349.8;0.068
15350.3;0.15
15350.8;0.129
15351.3;0.105
15351.8;0.13
15352.3;0.136
15352.8;0.087
15353.3;0.081
15353.8;0.163
15354.3;0.066
15354.8;0.163
15355.3;0.058
15355.8;0.015
15356.3;0.108
15356.8;0.177
15357.3;0.077
15357.8;0.059
15358.3;0.072
15358.8;0.27
15359.3;0.102
15359.8;0.02
15360.3;0.045
15360.8;0.132
15361.3;0.162
15361.8;0.067
15362.3;0.08
15362.8;0.044
15363.3;0.068
15363.8;0.084
15364.3;0.004
15364.8;0.096
15365.3;0.125
15365.8;0.089
15366.3;0.065
15366.8;0.117
15367.3;0.06
15367.8;0.083
15368.3;0.042
15368.8;0.124
15369.3;0.049
15369.8;0.059
15370.3;0.045
15370.8;0.004
15371.3;0.105
15371.8;0.114
15372.3;0.036
15372.8;0.069
15373.3;0.098
15373.8;0.151
15374.3;0.038
15374.8;0.121
15375.3;0.16
15375.8;0.053
15376.3;0.054
15376.8;0.086
15377.3;0.171
15377.8;0.153
15378.3;0.126
15378.8;0.105
15379.3;0.07
15379.8;0.121
15380.3;0.025
15380.8;0.116
15381.3;0.123
15381.8;0.065
15382.3;0.117
15382.8;0.137
15383.3;0.099
15383.8;0.145
15384.3;0.02
15384.8;0.271
15385.3;0.076
15385.8;0.029
15386.3;0.061
15386.8;0.173
15387.3;0.168
15387.8;0.043
15388.3;0.124
15388.8;0.123
15389.3;0.157
15389.8;0.094
15390.3;0.171
15390.8;0.054
15391.3;0.118
15391.8;0.131
15392.3;0.072
15392.8;0.039
15393.3;0.157
15393.8;0.068
15394.3;0.196
15394.8;0.059
15395.3;0.066
15395.8;0.052
15396.3;0.153
15396.8;0.178
15397.3;0.17
15397.8;0.056
15398.3;0.1
15398.8;0.15
15399.3;0.082
15399.8;0.103
15400.3;0.22
15400.8;0.037
15401.3;0.074
15401.8;0.091
15402.3;0.105
15402.8;0.128
15403.3;0.12
15403.8;0.134
15404.3;0.072
15404.8;0.087
15405.3;0.079
15405.8;0.157
15406.3;0.128
15406.8;0.122
15407.3;0.032
15407.8;0.035
15408.3;0.077
15408.8;0.103
15409.3;0.05
15409.8;0.125
15410.3;0.124
15410.8;0.041
15411.3;0.038
15411.8;0.054
15412.3;0.199
15412.8;0.093
15413.3;0.125
15413.8;0.045
15414.3;0.063
15414.8;0.109
15415.3;0.183
15415.8;0.142
15416.3;0.003
15416.8;0.038
15417.3;0.1
15417.8;0.11
15418.3;0.034
15418.8;0.188
15419.3;0.03
15419.8;0.04
15420.3;0.087
15420.8;0.15
15421.3;0.107
15421.8;0.171
15422.3;0.118
15422.8;0.136
15423.3;0.118
15423.8;0.103
15424.3;0.128
15424.8;0.036
15425.3;0.072
15425.8;0.044
15426.3;0.128
15426.8;0.031
15427.3;0.085
15427.8;0.076
15428.3;0.104
15428.8;0.178
15429.3;0.012
15429.8;0.161
15430.3;0.078
15430.8;0.18
15431.3;0.072
15431.8;0.096
15432.3;0.037
15432.8;0.156
15433.3;0.165
15433.8;0.103
15434.3;0.102
15434.8;0.058
15435.4;0.013
15435.9;0.05
15436.4;0.127
15436.9;0.089
15437.4;0.197
15437.9;0.073
15438.4;0.038
15438.9;0.093
15439.4;0.129
15439.9;0.12
15440.4;0.115
15440.9;0.089
15441.4;0.024
15441.9;0.083
15442.4;0.059
15442.9;0.087
15443.4;0.073
15443.9;0.028
15444.4;0.073
15444.9;0.024
15445.4;0.046
15445.9;0.026
15446.4;0.126
15446.9;0.112
15447.4;0.071
15447.9;0.083
15448.4;0.084
15448.9;0.088
15449.4;0.11
15449.9;0.042
15450.4;0.049
15450.9;0.055
15451.4;0.02
15451.9;0.026
15452.4;0.028
15452.9;0.045
15453.4;0.128
15453.9;0.044
15454.4;0.065
15454.9;0.05
15455.4;0.086
15455.9;0.068
15456.4;0.074
15456.9;0.047
15457.4;0.066
15457.9;0.011
15458.4;0.08
15458.9;0.05
15459.4;0.055
15459.9;0.038
15460.4;0.044
15460.9;0.064
15461.4;0.032
15461.9;0.106
15462.4;0.105
15462.9;0.059
15463.4;0.102
15463.9;0.078
15464.4;0.078
15464.9;0.021
15465.4;0.127
15465.9;0.093
15466.4;0.123
15466.9;0.085
15467.4;0.028
15467.9;0.044
15468.4;0.091
15468.9;0.017
15469.4;0.126
15469.9;0.128
15470.4;0.032
15470.9;0.064
15471.4;0.119
15471.9;0.224
15472.4;0.051
15472.9;0.052
15473.4;0.081
15473.9;0.183
15474.4;0.076
15474.9;0.042
15475.4;0.076
15475.9;0.135
15476.4;0.075
15476.9;0.066
15477.4;0.107
15477.9;0.157
15478.4;0.146
15478.9;0.064
15479.4;0.089
15479.9;0.113
15480.4;0.191
15480.9;0.066
15481.4;0.143
15481.9;0.063
15482.4;0.107
15482.9;0.075
15483.4;0.138
15483.9;0.044
15484.4;0.141
15484.9;0.026
15485.4;0.186
15485.9;0.105
15486.4;0.136
15486.9;0.063
15487.4;0.183
15487.9;0.098
15488.4;0.073
15488.9;0.018
15489.4;0.087
15489.9;0.124
15490.4;0.051
15490.9;0.038
15491.4;0.081
15491.9;0.074
15492.4;0.045
15492.9;0.109
15493.4;0.177
15493.9;0.159
15494.4;0.052
15494.9;0.069
15495.4;0.128
15495.9;0.198
15496.4;0.052
15496.9;0.096
15497.4;0.08
15497.9;0.095
15498.4;0.104
15498.9;0.041
15499.4;0.087
15499.9;0.067
15500.4;0.058
15500.9;0.091
15501.4;0.099
15501.9;0.049
15502.4;0.083
15502.9;0.071
15503.4;0.19
15503.9;0.131
15504.4;0.137
15504.9;0.055
15505.4;0.143
15505.9;0.069
15506.4;0.056
15506.9;0.114
15507.4;0.154
15507.9;0.061
15508.4;0.045
15508.9;0.137
15509.4;0.166
15509.9;0.133
15510.4;0.022
15510.9;0.092
15511.4;0.155
15511.9;0.163
15512.4;0.082
15512.9;0.078
15513.4;0.021
15513.9;0.15
15514.4;0.156
15514.9;0.11
15515.4;0.058
15515.9;0.121
15516.4;0.116
15516.9;0.168
15517.4;0.172
15517.9;0.138
15518.4;0.068
15518.9;0.093
15519.4;0.169
15519.9;0.139
15520.4;0.038
15520.9;0.089
15521.4;0.149
15521.9;0.129
15522.4;0.037
15522.9;0.13
15523.4;0.118
15523.9;0.023
15524.4;0.042
15524.9;0.107
15525.4;0.063
15525.9;0.101
15526.4;0.043
15526.9;0.068
15527.4;0.12
15527.9;0.16
15528.4;0.137
15528.9;0.066
15529.4;0.058
15529.9;0.085
15530.4;0.098
15530.9;0.066
15531.4;0.056
15531.9;0.177
15532.4;0.052
15532.9;0.048
15533.4;0.076
15533.9;0.151
15534.4;0.08
15534.9;0.111
15535.4;0.102
15535.9;0.231
15536.4;0.064
15536.9;0.116
15537.4;0.038
15537.9;0.147
15538.4;0.061
15538.9;0.159
15539.4;0.092
15539.9;0.067
15540.4;0.084
15540.9;0.149
15541.4;0.075
15541.9;0.241
15542.4;0.219
15542.9;0.07
15543.4;0.069
15543.9;0.096
15544.4;0.235
15544.9;0.073
15545.4;0.113
15545.9;0.083
15546.4;0.182
15546.9;0.135
15547.4;0.127
15547.9;0.101
15548.4;0.14
15548.9;0.056
15549.4;0.081
15549.9;0.074
15550.4;0.046
15550.9;0.081
15551.4;0.068
15551.9;0.082
15552.4;0.098
15552.9;0.078
15553.4;0.018
15553.9;0.063
15554.4;0.013
15554.9;0.032
15555.4;0.045
15555.9;0.109
15556.4;0.031
15556.9;0.051
15557.4;0.038
15557.9;0.027
15558.4;0.018
15558.9;0.088
15559.4;0.106
15559.9;0.099
15560.4;0.01
15560.9;0.04
15561.4;0.094
15561.9;0.121
15562.4;0.094
15562.9;0.054
15563.4;0.077
15563.9;0.127
15564.4;0.071
15564.9;0.084
15565.4;0.14
15565.9;0.011
15566.4;0.037
15566.9;0.095
15567.4;0.194
15567.9;0.062
15568.4;0.039
15568.9;0.08
15569.4;0.108
15569.9;0.048
15570.4;0.078
15570.9;0.092
15571.4;0.105
15571.9;0.037
15572.4;0.076
15572.9;0.122
15573.4;0.055
15573.9;0.133
15574.4;0.043
15574.9;0.113
15575.4;0.109
15575.9;0.134
15576.4;0.022
15576.9;0.122
15577.4;0.07
15577.9;0.03
15578.4;0.022
15578.9;0.079
15579.4;0.08
15579.9;0.059
15580.4;0.051
15580.9;0.079
15581.4;0.055
15581.9;0.035
15582.4;0.108
15582.9;0.027
15583.4;0.176
15583.9;0.063
15584.4;0.182
15584.9;0.07
15585.4;0.134
15585.9;0.081
15586.4;0.157
15586.9;0.066
15587.4;0.178
15587.9;0.094
15588.4;0.109
15588.9;0.024
15589.4;0.091
15589.9;0.034
15590.4;0.098
15590.9;0.125
15591.4;0.071
15591.9;0.178
15592.4;0.062
15592.9;0.179
15593.4;0.033
15593.9;0.176
15594.4;0.066
15594.9;0.098
15595.4;0.109
15595.9;0.132
15596.4;0.086
15596.9;0.141
15597.4;0.04
15597.9;0.115
15598.4;0.061
15598.9;0.045
15599.4;0.113
15599.9;0.161
15600.4;0.103
15600.9;0.068
15601.4;0.065
15601.9;0.05
15602.4;0.165
15602.9;0.028
15603.4;0.137
15603.9;0.017
15604.4;0.062
15604.9;0.037
15605.4;0.095
15605.9;0.079
15606.4;0.12
15606.9;0.067
15607.4;0.053
15607.9;0.057
15608.4;0.106
15608.9;0.081
15609.4;0.062
15609.9;0.033
15610.4;0.06
15610.9;0.078
15611.4;0.046
15611.9;0.123
15612.4;0.037
15612.9;0.15
15613.4;0.027
15613.9;0.099
15614.4;0.096
15614.9;0.149
15615.4;0.024
15615.9;0.086
15616.4;0.031
15616.9;0.075
15617.4;0.063
15617.9;0.061
15618.4;0.15
15618.9;0.031
15619.4;0.036
15619.9;0.091
15620.4;0.154
15620.9;0.043
15621.4;0.127
15621.9;0.082
15622.4;0.066
15622.9;0.061
15623.4;0.085
15623.9;0.042
15624.4;0.076
15624.9;0.07
15625.4;0.048
15625.9;0.006
15626.4;0.058
15626.9;0.046
15627.4;0.131
15627.9;0.06
15628.4;0.11
15628.9;0.049
15629.4;0.061
15629.9;0.061
15630.4;0.101
15630.9;0.103
15631.4;0.069
15631.9;0.025
15632.4;0.105
15632.9;0.066
15633.4;0.075
15633.9;0.053
15634.4;0.082
15634.9;0.042
15635.4;0.033
15635.9;0.063
15636.4;0.115
15636.9;0.141
15637.4;0.075
15637.9;0.05
15638.4;0.08
15638.9;0.103
15639.4;0.121
15639.9;0.098
15640.4;0.053
15640.9;0.06
15641.4;0.074
15641.9;0.073
15642.4;0.038
15642.9;0.099
15643.4;0.027
15643.9;0.03
15644.4;0.036
15644.9;0.084
15645.4;0.073
15645.9;0.123
15646.4;0.12
15646.9;0.112
15647.4;0.064
15647.9;0.064
15648.4;0.089
15648.9;0.136
15649.4;0.083
15649.9;0.03
15650.4;0.04
15650.9;0.09
15651.4;0.115
15651.9;0.037
15652.4;0.121
15652.9;0.128
15653.4;0.045
15653.9;0.077
15654.4;0.052
15654.9;0.139
15655.4;0.127
15655.9;0.113
15656.4;0.063
15656.9;0.041
15657.4;0.102
15657.9;0.083
15658.4;0.216
15658.9;0.024
15659.4;0.087
15659.9;0.075
15660.4;0.191
15660.9;0.022
15661.4;0.171
15661.9;0.129
15662.4;0.076
15662.9;0.121
15663.4;0.131
15663.9;0.144
15664.4;0.128
15664.9;0.025
15665.4;0.096
15665.9;0.135
15666.4;0.067
15666.9;0.172
15667.4;0.168
15667.9;0.099
15668.4;0.068
15668.9;0.134
15669.4;0.068
15669.9;0.155
15670.4;0.065
15670.9;0.041
15671.4;0.14
15671.9;0.092
15672.4;0.111
15672.9;0.111
15673.4;0.091
15673.9;0.207
15674.4;0.064
15674.9;0.068
15675.4;0.06
15675.9;0.199
15676.4;0.156
15676.9;0.019
15677.4;0.154
15677.9;0.071
15678.4;0.079
15678.9;0.068
15679.4;0.121
15679.9;0.174
15680.4;0.047
15680.9;0.08
15681.4;0.109
15681.9;0.196
15682.4;0.117
15682.9;0.03
15683.4;0.075
15683.9;0.109
15684.4;0.181
15684.9;0.075
15685.4;0.098
15685.9;0.163
15686.4;0.113
15686.9;0.05
15687.4;0.085
15687.9;0.057
15688.4;0.116
15688.9;0.065
15689.4;0.123
15689.9;0.067
15690.4;0.14
15690.9;0.083
15691.4;0.154
15691.9;0.071
15692.4;0.145
15692.9;0.013
15693.4;0.088
15693.9;0.053
15694.4;0.065
15694.9;0.106
15695.4;0.021
15695.9;0.043
15696.4;0.064
15696.9;0.101
15697.4;0.086
15697.9;0.143
15698.4;0.127
15698.9;0.052
15699.4;0.034
15699.9;0.13
15700.4;0.118
15700.9;0.065
15701.4;0.103
15701.9;0.037
15702.4;0.13
15702.9;0.064
15703.4;0.122
15703.9;0.057
15704.4;0.082
15704.9;0.025
15705.4;0.127
15705.9;0.082
15706.4;0.176
15706.9;0.076
15707.4;0.076
15707.9;0.039
15708.4;0.136
15708.9;0.112
15709.4;0.037
15709.9;0.139
15710.4;0.026
15710.9;0.149
15711.4;0.071
15711.9;0.11
15712.4;0.008
15712.9;0.098
15713.4;0.084
15713.9;0.146
15714.4;0.039
15714.9;0.081
15715.4;0.056
15715.9;0.122
15716.4;0.068
15716.9;0.064
15717.4;0.097
15717.9;0.009
15718.4;0.102
15718.9;0.046
15719.4;0.075
15719.9;0.039
15720.4;0.105
15720.9;0.094
15721.4;0.06
15721.9;0.028
15722.4;0.087
15722.9;0.046
15723.4;0.087
15723.9;0.07
15724.4;0.101
15724.9;0.046
15725.4;0.069
15725.9;0.096
15726.4;0.067
15726.9;0.067
15727.4;0.055
15727.9;0.08
15728.4;0.019
15728.9;0.064
15729.4;0.07
15729.9;0.022
15730.4;0.066
15730.9;0.045
15731.4;0.063
15731.9;0.017
15732.4;0.076
15732.9;0.054
15733.4;0.069
15733.9;0.046
15734.4;0.077
15734.9;0.074
15735.4;0.075
15735.9;0.022
15736.4;0.07
15736.9;0.026
15737.4;0.042
15737.9;0.08
15738.4;0.076
15738.9;0.046
15739.4;0.048
15739.9;0.046
15740.4;0.023
15740.9;0.065
15741.4;0.088
15741.9;0.097
15742.4;0.075
15742.9;0.062
15743.4;0.052
15743.9;0.071
15744.4;0.054
15744.9;0.041
15745.4;0.076
15745.9;0.05
15746.4;0.061
15746.9;0.049
15747.4;0.054
15747.9;0.006
15748.4;0.066
15748.9;0.041
15749.4;0.083
15749.9;0.071
15750.4;0.059
15750.9;0.042
15751.4;0.079
15751.9;0.03
15752.4;0.053
15752.9;0.062
15753.4;0.072
15753.9;0.055
15754.4;0.061
15754.9;0.032
15755.4;0.044
15755.9;0.054
15756.4;0.057
15756.9;0.048
15757.4;0.054
15757.9;0.048
15758.4;0.051
15758.9;0.026
15759.4;0.053
15759.9;0.044
15760.4;0.058
15760.9;0.054
15761.4;0.063
15761.9;0.054
15762.4;0.042
15762.9;0.054
15763.4;0.047
15763.9;0.062
15764.4;0.052
15764.9;0.069
15765.4;0.036
15765.9;0.056
15766.4;0.043
15766.9;0.055
15767.4;0.032
15767.9;0.048
15768.4;0.055
15768.9;0.047
15769.4;0.049
15769.9;0.045
15770.4;0.061
15770.9;0.033
15771.4;0.059
15771.9;0.068
15772.4;0.074
15772.9;0.057
15773.4;0.057
15773.9;0.044
15774.4;0.053
15774.9;0.045
15775.4;0.05
15775.9;0.038
15776.4;0.056
15776.9;0.032
15777.4;0.048
15777.9;0.034
15778.4;0.058
15778.9;0.056
15779.4;0.063
15779.9;0.059
15780.4;0.078
15780.9;0.072
15781.4;0.055
15781.9;0.052
15782.4;0.052
15782.9;0.062
15783.4;0.045
15783.9;0.05
15784.4;0.037
15784.9;0.037
15785.4;0.026
15785.9;0.032
15786.4;0.042
15786.9;0.055
15787.4;0.055
15787.9;0.065
15788.4;0.051
15788.9;0.064
15789.4;0.061
15789.9;0.07
15790.4;0.054
15790.9;0.071
15791.4;0.059
15791.9;0.051
15792.4;0.036
15792.9;0.034
15793.4;0.045
15793.9;0.034
15794.4;0.038
15794.9;0.042
15795.4;0.056
15795.9;0.047
15796.4;0.054
15796.9;0.057
15797.4;0.069
15797.9;0.06
15798.4;0.07
15798.9;0.061
15799.4;0.07
15799.9;0.063
15800.4;0.049
15800.9;0.036
15801.4;0.044
15801.9;0.051
15802.4;0.037
15802.9;0.04
15803.4;0.041
15803.9;0.05
15804.4;0.037
15804.9;0.05
15805.4;0.053
15805.9;0.069
15806.4;0.054
15806.9;0.062
15807.4;0.057
15807.9;0.066
15808.4;0.056
15808.9;0.054
15809.4;0.05
15809.9;0.051
15810.4;0.046
15810.9;0.038
15811.4;0.036
15811.9;0.045
15812.4;0.042
15812.9;0.046
15813.4;0.046
15813.9;0.053
15814.4;0.056
15814.9;0.046
15815.4;0.058
15815.9;0.058
15816.4;0.07
15816.9;0.056
15817.4;0.057
15817.9;0.047
15818.4;0.052
15818.9;0.045
15819.4;0.041
15819.9;0.044
15820.4;0.041
15820.9;0.046
15821.4;0.036
15821.9;0.049
15822.4;0.044
15822.9;0.056
15823.4;0.045
15823.9;0.062
15824.4;0.056
15824.9;0.065
15825.4;0.059
15825.9;0.057
15826.4;0.053
15826.9;0.053
15827.4;0.048
15827.9;0.049
15828.4;0.044
15828.9;0.05
15829.4;0.041
15829.9;0.041
15830.4;0.044
15830.9;0.05
15831.4;0.05
15831.9;0.053
15832.4;0.055
15832.9;0.057
15833.4;0.054
15833.9;0.057
15834.4;0.059
15834.9;0.059
15835.4;0.056
15835.9;0.051
15836.4;0.047
15836.9;0.046
15837.4;0.045
15837.9;0.041
15838.4;0.044
15838.9;0.044
15839.4;0.052
15839.9;0.043
15840.4;0.052
15840.9;0.048
15841.4;0.059
15841.9;0.05
15842.4;0.058
15842.9;0.055
15843.4;0.062
15843.9;0.051
15844.4;0.053
15844.9;0.047
15845.4;0.049
15845.9;0.044
15846.4;0.044
15846.9;0.045
15847.4;0.044
15847.9;0.047
15848.4;0.045
15848.9;0.05
15849.4;0.05
15849.9;0.055
15850.4;0.049
15850.9;0.057
15851.4;0.054
15851.9;0.06
15852.4;0.051
15852.9;0.056
15853.4;0.049
15853.9;0.051
15854.4;0.042
15854.9;0.046
15855.4;0.043
15855.9;0.048
15856.4;0.044
15856.9;0.046
15857.4;0.046
15857.9;0.05
15858.4;0.048
15858.9;0.05
15859.4;0.056
15859.9;0.055
15860.4;0.056
15860.9;0.054
15861.4;0.056
15861.9;0.052
15862.4;0.052
15862.9;0.047
15863.4;0.047
15863.9;0.046
15864.4;0.047
15864.9;0.043
15865.4;0.046
15865.9;0.043
15866.4;0.047
15866.9;0.045
15867.4;0.052
15867.9;0.056
15868.4;0.055
15868.9;0.053
15869.4;0.054
15869.9;0.054
15870.4;0.055
15870.9;0.053
15871.4;0.05
15871.9;0.049
15872.4;0.047
15872.9;0.043
15873.4;0.044
15873.9;0.043
15874.4;0.047
15874.9;0.046
15875.4;0.047
15875.9;0.046
15876.4;0.053
15876.9;0.053
15877.4;0.054
15877.9;0.053
15878.4;0.058
15878.9;0.054
15879.4;0.052
15879.9;0.051
15880.4;0.051
15880.9;0.049
15881.4;0.044
15881.9;0.042
15882.4;0.046
15882.9;0.047
15883.4;0.045
15883.9;0.046
15884.4;0.049
15884.9;0.051
15885.4;0.05
15885.9;0.052
15886.4;0.056
15886.9;0.057
15887.4;0.056
15887.9;0.053
15888.4;0.052
15888.9;0.053
15889.4;0.051
15889.9;0.045
15890.4;0.044
15890.9;0.046
15891.4;0.046
15891.9;0.042
15892.4;0.043
15892.9;0.05
15893.4;0.05
15893.9;0.05
15894.4;0.048
15894.9;0.054
15895.4;0.056
15895.9;0.055
15896.4;0.052
15896.9;0.059
15897.4;0.053
15897.9;0.052
15898.4;0.045
15898.9;0.05
15899.4;0.046
15899.9;0.047
15900.4;0.041
15900.9;0.044
15901.4;0.044
15901.9;0.045
15902.4;0.045
15902.9;0.05
15903.4;0.056
15903.9;0.053
15904.4;0.051
15904.9;0.054
15905.4;0.058
15905.9;0.053
15906.4;0.052
15906.9;0.047
15907.4;0.052
15907.9;0.046
15908.4;0.046
15908.9;0.042
15909.4;0.046
15909.9;0.045
15910.4;0.045
15910.9;0.047
15911.4;0.048
15911.9;0.054
15912.4;0.052
15912.9;0.052
15913.4;0.052
15913.9;0.056
15914.4;0.055
15914.9;0.054
15915.4;0.05
15915.9;0.052
15916.4;0.049
15916.9;0.045
15917.4;0.043
15917.9;0.046
15918.4;0.049
15918.9;0.043
15919.4;0.044
15919.9;0.046
15920.4;0.052
15920.9;0.049
15921.4;0.051
15921.9;0.054
15922.4;0.056
15922.9;0.054
15923.4;0.05
15923.9;0.053
15924.4;0.053
15924.9;0.053
15925.4;0.047
15925.9;0.047
15926.4;0.048
15926.9;0.048
15927.4;0.043
15927.9;0.044
15928.4;0.047
15928.9;0.05
15929.4;0.047
15929.9;0.049
15930.4;0.053
15930.9;0.053
15931.4;0.053
15931.9;0.048
15932.4;0.055
15932.9;0.052
15933.4;0.056
15933.9;0.046
15934.4;0.051
15934.9;0.047
15935.4;0.05
15935.9;0.043
15936.4;0.048
15936.9;0.049
15937.4;0.047
15937.9;0.046
15938.4;0.046
15938.9;0.053
15939.4;0.049
15939.9;0.052
15940.4;0.05
15940.9;0.053
15941.4;0.05
15941.9;0.054
15942.4;0.05
15942.9;0.052
15943.4;0.048
15943.9;0.049
15944.4;0.044
15944.9;0.046
15945.4;0.051
15945.9;0.05
15946.4;0.047
15946.9;0.047
15947.4;0.051
15947.9;0.048
15948.4;0.052
15948.9;0.051
15949.4;0.057
15949.9;0.052
15950.4;0.055
15950.9;0.048
15951.4;0.052
15951.9;0.05
15952.4;0.051
15952.9;0.044
15953.4;0.05
15953.9;0.047
15954.4;0.05
15954.9;0.045
15955.4;0.053
15955.9;0.05
15956.4;0.05
15956.9;0.046
15957.4;0.056
15957.9;0.05
15958.4;0.055
15958.9;0.045
15959.4;0.052
15959.9;0.048
15960.4;0.054
15960.9;0.046
15961.4;0.051
15961.9;0.047
15962.4;0.049
15962.9;0.046
15963.4;0.043
15963.9;0.046
15964.4;0.051
15964.9;0.051
15965.4;0.046
15965.9;0.05
15966.4;0.05
15966.9;0.051
15967.4;0.047
15967.9;0.051
15968.4;0.051
15968.9;0.052
15969.4;0.049
15969.9;0.05
15970.4;0.049
15970.9;0.046
15971.4;0.05
15971.9;0.046
15972.4;0.051
15972.9;0.045
15973.4;0.049
15973.9;0.043
15974.4;0.051
15974.9;0.048
15975.4;0.051
15975.9;0.045
15976.4;0.051
15976.9;0.05
15977.4;0.05
15977.9;0.05
15978.4;0.05
15978.9;0.049
15979.4;0.047
15979.9;0.047
15980.4;0.05
15980.9;0.053
15981.4;0.046
15981.9;0.048
15982.4;0.05
15982.9;0.048
15983.4;0.046
15983.9;0.05
15984.4;0.052
15984.9;0.049
15985.4;0.05
15985.9;0.05
15986.4;0.052
15986.9;0.052
15987.4;0.051
15987.9;0.049
15988.4;0.05
15988.9;0.047
15989.4;0.048
15989.9;0.048
15990.4;0.05
15990.9;0.041
15991.4;0.049
15991.9;0.048
15992.4;0.054
15992.9;0.047
15993.4;0.052
15993.9;0.049
15994.4;0.049
15994.9;0.048
15995.4;0.05
15995.9;0.053
15996.4;0.051
15996.9;0.052
15997.4;0.044
15997.9;0.05
15998.4;0.048
15998.9;0.047
15999.4;0.049
15999.9;0.051
16000.4;0.047
16000.9;0.048
16001.4;0.05
16001.9;0.048
16002.4;0.051
16002.9;0.052
16003.4;0.051
16003.9;0.049
16004.4;0.054
16004.9;0.053
16005.4;0.05
16005.9;0.049
16006.4;0.056
16006.9;0.047
16007.4;0.048
16007.9;0.048
16008.4;0.049
16008.9;0.049
16009.4;0.046
16009.9;0.05
16010.4;0.049
16010.9;0.05
16011.4;0.048
16011.9;0.053
16012.4;0.049
16012.9;0.055
16013.4;0.048
16013.9;0.051
16014.4;0.051
16014.9;0.053
16015.4;0.047
16015.9;0.05
16016.4;0.048
16016.9;0.047
16017.4;0.046
16017.9;0.046
16018.4;0.047
16018.9;0.05
16019.4;0.047
16019.9;0.049
16020.4;0.052
16020.9;0.05
16021.4;0.051
16021.9;0.055
16022.4;0.051
16022.9;0.051
16023.4;0.054
16023.9;0.053
16024.4;0.05
16024.9;0.048
16025.4;0.049
16025.9;0.049
16026.4;0.045
16026.9;0.047
16027.4;0.046
16027.9;0.05
16028.4;0.044
16028.9;0.049
16029.4;0.05
16029.9;0.055
16030.4;0.052
16030.9;0.052
16031.4;0.051
16031.9;0.053
16032.4;0.051
16032.9;0.051
16033.4;0.049
16033.9;0.049
16034.4;0.045
16034.9;0.042
16035.4;0.047
16035.9;0.049
16036.4;0.048
16036.9;0.046
16037.4;0.048
16037.9;0.048
16038.4;0.05
16038.9;0.051
16039.4;0.055
16039.9;0.052
16040.4;0.051
16040.9;0.05
16041.4;0.055
16041.9;0.048
16042.4;0.051
16042.9;0.048
16043.4;0.048
16043.9;0.044
16044.4;0.047
16044.9;0.048
16045.4;0.049
16045.9;0.043
16046.4;0.048
16046.9;0.049
16047.4;0.051
16047.9;0.051
16048.4;0.055
16048.9;0.049
16049.4;0.053
16049.9;0.05
16050.4;0.055
16050.9;0.055
16051.4;0.055
16051.9;0.048
16052.4;0.047
16052.9;0.045
16053.4;0.046
16053.9;0.044
16054.4;0.047
16054.9;0.047
16055.4;0.045
16055.9;0.046
16056.4;0.05
16056.9;0.052
16057.4;0.053
16057.9;0.051
16058.4;0.053
16058.9;0.057
16059.4;0.054
16059.9;0.051
16060.4;0.05
16060.9;0.051
16061.4;0.047
16061.9;0.044
16062.4;0.044
16062.9;0.046
16063.4;0.045
16063.9;0.045
16064.4;0.045
16064.9;0.049
16065.4;0.048
16065.9;0.052
16066.4;0.051
16066.9;0.056
16067.4;0.051
16067.9;0.053
16068.4;0.052
16068.9;0.055
16069.4;0.051
16069.9;0.048
16070.4;0.046
16070.9;0.045
16071.4;0.045
16071.9;0.042
16072.4;0.046
16072.9;0.044
16073.4;0.048
16073.9;0.046
16074.4;0.05
16074.9;0.052
16075.4;0.055
16075.9;0.054
16076.4;0.055
16076.9;0.053
16077.4;0.054
16077.9;0.054
16078.4;0.052
16078.9;0.048
16079.4;0.048
16079.9;0.045
16080.4;0.044
16080.9;0.045
16081.4;0.045
16081.9;0.047
16082.4;0.046
16082.9;0.047
16083.4;0.05
16083.9;0.052
16084.4;0.052
16084.9;0.054
16085.4;0.053
16085.9;0.055
16086.4;0.053
16086.9;0.055
16087.4;0.05
16087.9;0.05
16088.4;0.047
16088.9;0.047
16089.4;0.045
16089.9;0.043
16090.4;0.045
16090.9;0.044
16091.4;0.046
16091.9;0.047
16092.4;0.051
16092.9;0.05
16093.4;0.052
16093.9;0.055
16094.4;0.054
16094.9;0.054
16095.4;0.054
16095.9;0.054
16096.4;0.053
16096.9;0.048
16097.4;0.049
16097.9;0.045
16098.4;0.046
16098.9;0.044
16099.4;0.044
16099.9;0.045
16100.4;0.046
16100.9;0.047
16101.4;0.05
16101.9;0.051
16102.4;0.054
16102.9;0.055
16103.4;0.052
16103.9;0.056
16104.4;0.054
16104.9;0.054
16105.4;0.05
16105.9;0.05
16106.4;0.048
16106.9;0.046
16107.4;0.045
16107.9;0.043
16108.4;0.042
16108.9;0.043
16109.4;0.046
16109.9;0.047
16110.4;0.049
16110.9;0.051
16111.4;0.054
16111.9;0.054
16112.4;0.057
16112.9;0.056
16113.4;0.055
16113.9;0.054
16114.4;0.053
16114.9;0.05
16115.4;0.048
16115.9;0.045
16116.4;0.044
16116.9;0.043
16117.4;0.043
16117.9;0.042
16118.4;0.046
16118.9;0.047
16119.4;0.05
16119.9;0.052
16120.4;0.053
16120.9;0.054
16121.4;0.056
16121.9;0.054
16122.4;0.055
16122.9;0.053
16123.4;0.052
16123.9;0.049
16124.4;0.048
16124.9;0.045
16125.4;0.045
16125.9;0.041
16126.4;0.042
16126.9;0.044
16127.4;0.043
16127.9;0.046
16128.4;0.049
16128.9;0.052
16129.4;0.053
16129.9;0.055
16130.4;0.056
16130.9;0.056
16131.4;0.055
16131.9;0.053
16132.4;0.053
16132.9;0.051
16133.4;0.048
16133.9;0.044
16134.4;0.044
16134.9;0.043
16135.4;0.041
16135.9;0.045
16136.4;0.047
16136.9;0.048
16137.4;0.049
16137.9;0.052
16138.4;0.054
16138.9;0.054
16139.4;0.054
16139.9;0.056
16140.4;0.056
16140.9;0.054
16141.4;0.052
16141.9;0.049
16142.4;0.048
16142.9;0.044
16143.4;0.044
16143.9;0.042
16144.4;0.042
16144.9;0.044
16145.4;0.044
16145.9;0.049
16146.4;0.049
16146.9;0.051
16147.4;0.054
16147.9;0.055
16148.4;0.057
16148.9;0.055
16149.4;0.054
16149.9;0.052
16150.4;0.051
16150.9;0.049
16151.4;0.047
16151.9;0.044
16152.4;0.043
16152.9;0.042
16153.4;0.043
16153.9;0.046
16154.4;0.045
16154.9;0.047
16155.4;0.049
16155.9;0.053
16156.4;0.054
16156.9;0.054
16157.4;0.055
16157.9;0.056
16158.4;0.055
16158.9;0.053
16159.4;0.051
16159.9;0.047
16160.4;0.047
16160.9;0.045
16161.4;0.043
16161.9;0.042
16162.4;0.043
16162.9;0.043
16163.4;0.045
16163.9;0.047
16164.4;0.05
16164.9;0.053
16165.4;0.053
16165.9;0.055
16166.4;0.057
16166.9;0.055
16167.4;0.054
16167.9;0.053
16168.4;0.051
16168.9;0.048
16169.4;0.047
16169.9;0.045
16170.4;0.043
16170.9;0.044
16171.4;0.044
16171.9;0.045
16172.4;0.046
16172.9;0.047
16173.4;0.05
16173.9;0.051
16174.4;0.054
16174.9;0.054
16175.4;0.055
16175.9;0.054
16176.4;0.054
16176.9;0.053
16177.4;0.05
16177.9;0.047
16178.4;0.045
16178.9;0.045
16179.4;0.044
16179.9;0.042
16180.4;0.044
16180.9;0.045
16181.4;0.047
16181.9;0.048
16182.4;0.049
16182.9;0.052
16183.4;0.055
16183.9;0.054
16184.4;0.055
16184.9;0.053
16185.4;0.054
16185.9;0.053
16186.4;0.05
16186.9;0.049
16187.4;0.047
16187.9;0.045
16188.4;0.043
16188.9;0.042
16189.4;0.044
16189.9;0.045
16190.4;0.047
16190.9;0.048
16191.4;0.049
16191.9;0.052
16192.4;0.053
16192.9;0.054
16193.4;0.055
16193.9;0.055
16194.4;0.054
16194.9;0.051
16195.4;0.05
16195.9;0.048
16196.4;0.046
16196.9;0.045
16197.4;0.045
16197.9;0.045
16198.4;0.044
16198.9;0.045
16199.4;0.046
16199.9;0.049
16200.4;0.05
16200.9;0.051
16201.4;0.052
16201.9;0.054
16202.4;0.053
16202.9;0.053
16203.4;0.053
16203.9;0.05
16204.4;0.049
16204.9;0.049
16205.4;0.047
16205.9;0.045
16206.4;0.045
16206.9;0.044
16207.4;0.044
16207.9;0.044
16208.4;0.048
16208.9;0.049
16209.4;0.049
16209.9;0.053
16210.4;0.054
16210.9;0.053
16211.4;0.055
16211.9;0.054
16212.4;0.052
16212.9;0.05
16213.4;0.05
16213.9;0.049
16214.4;0.046
16214.9;0.045
16215.4;0.045
16215.9;0.045
16216.4;0.046
16216.9;0.046
16217.4;0.048
16217.9;0.048
16218.4;0.051
16218.9;0.051
16219.4;0.051
16219.9;0.053
16220.4;0.054
16220.9;0.051
16221.4;0.052
16221.9;0.052
16222.4;0.05
16222.9;0.049
16223.4;0.046
16223.9;0.044
16224.4;0.046
16224.9;0.045
16225.4;0.046
16225.9;0.047
16226.4;0.048
16226.9;0.049
16227.4;0.051
16227.9;0.05
16228.4;0.052
16228.9;0.053
16229.4;0.053
16229.9;0.052
16230.4;0.051
16230.9;0.049
16231.4;0.049
16231.9;0.047
16232.4;0.048
16232.9;0.046
16233.4;0.046
16233.9;0.046
16234.4;0.046
16234.9;0.048
16235.4;0.048
16235.9;0.049
16236.4;0.05
16236.9;0.051
16237.4;0.051
16237.9;0.053
16238.4;0.052
16238.9;0.051
16239.4;0.051
16239.9;0.051
16240.4;0.049
16240.9;0.047
16241.4;0.047
16241.9;0.046
16242.4;0.046
16242.9;0.047
16243.4;0.047
16243.9;0.047
16244.4;0.048
16244.9;0.048
16245.4;0.049
16245.9;0.052
16246.4;0.05
16246.9;0.052
16247.4;0.052
16247.9;0.05
16248.4;0.05
16248.9;0.049
16249.4;0.048
16249.9;0.047
16250.4;0.047
16250.9;0.046
16251.4;0.047
16251.9;0.045
16252.4;0.046
16252.9;0.047
16253.4;0.049
16253.9;0.048
16254.4;0.049
16254.9;0.05
16255.4;0.051
16255.9;0.052
16256.4;0.051
16256.9;0.05
16257.4;0.05
16257.9;0.051
16258.4;0.049
16258.9;0.047
16259.4;0.048
16259.9;0.047
16260.4;0.046
16260.9;0.047
16261.4;0.047
16261.9;0.048
16262.4;0.048
16262.9;0.049
16263.4;0.05
16263.9;0.05
16264.4;0.05
16264.9;0.05
16265.4;0.051
16265.9;0.049
16266.4;0.05
16266.9;0.05
16267.4;0.05
16267.9;0.049
16268.4;0.048
16268.9;0.047
16269.4;0.047
16269.9;0.047
16270.4;0.046
16270.9;0.048
16271.4;0.05
16271.9;0.048
16272.4;0.05
16272.9;0.049
16273.4;0.05
16273.9;0.05
16274.4;0.05
16274.9;0.051
16275.4;0.049
16275.9;0.05
16276.4;0.049
16276.9;0.05
16277.4;0.047
16277.9;0.047
16278.4;0.048
16278.9;0.048
16279.4;0.048
16279.9;0.049
16280.4;0.049
16280.9;0.049
16281.4;0.049
16281.9;0.049
16282.4;0.049
16282.9;0.05
16283.4;0.049
16283.9;0.05
16284.4;0.048
16284.9;0.05
16285.4;0.049
16285.9;0.049
16286.4;0.049
16286.9;0.049
16287.4;0.048
16287.9;0.049
16288.4;0.049
16288.9;0.049
16289.4;0.05
16289.9;0.049
16290.4;0.049
16290.9;0.049
16291.4;0.047
16291.9;0.049
16292.4;0.051
16292.9;0.05
16293.4;0.048
16293.9;0.049
16294.4;0.049
16294.9;0.05
16295.4;0.048
16295.9;0.048
16296.4;0.05
16296.9;0.049
16297.4;0.049
16297.9;0.047
16298.4;0.049
16298.9;0.047
16299.4;0.05
16299.9;0.049
16300.4;0.049
16300.9;0.048
16301.4;0.05
16301.9;0.05
16302.4;0.049
16302.9;0.048
16303.4;0.05
16303.9;0.049
16304.4;0.05
16304.9;0.048
16305.4;0.049
16305.9;0.05
16306.4;0.049
16306.9;0.05
16307.4;0.049
16307.9;0.049
16308.4;0.048
16308.9;0.049
16309.4;0.048
16309.9;0.049
16310.4;0.049
16310.9;0.048
16311.4;0.05
16311.9;0.049
16312.4;0.049
16312.9;0.048
16313.4;0.049
16313.9;0.048
16314.4;0.048
16314.9;0.048
16315.4;0.048
16315.9;0.048
16316.4;0.049
16316.9;0.049
16317.4;0.048
16317.9;0.05
16318.4;0.048
16318.9;0.048
16319.4;0.049
16319.9;0.049
16320.4;0.047
16320.9;0.048
16321.4;0.049
16321.9;0.049
16322.4;0.05
16322.9;0.05
16323.4;0.05
16323.9;0.049
16324.4;0.05
16324.9;0.048
16325.4;0.049
16325.9;0.049
16326.4;0.049
16326.9;0.047
16327.4;0.049
16327.9;0.047
16328.4;0.049
16328.9;0.048
16329.4;0.048
16329.9;0.049
16330.4;0.05
16330.9;0.049
16331.4;0.048
16331.9;0.048
16332.4;0.049
16332.9;0.05
16333.4;0.048
16333.9;0.05
16334.4;0.049
16334.9;0.049
16335.4;0.048
16335.9;0.05
16336.4;0.047
16336.9;0.048
16337.4;0.049
16337.9;0.05
16338.4;0.048
16338.9;0.049
16339.4;0.049
16339.9;0.049
16340.4;0.049
16340.9;0.049
16341.4;0.05
16341.9;0.049
16342.4;0.05
16342.9;0.049
16343.4;0.049
16343.9;0.05
16344.4;0.047
16344.9;0.049
16345.4;0.048
16345.9;0.048
16346.4;0.049
16346.9;0.049
16347.4;0.049
16347.9;0.05
16348.4;0.049
16348.9;0.049
16349.4;0.049
16349.9;0.049
16350.4;0.048
16350.9;0.048
16351.4;0.049
16351.9;0.05
16352.4;0.05
16352.9;0.049
16353.4;0.049
16353.9;0.048
16354.4;0.048
16354.9;0.048
16355.4;0.05
16355.9;0.049
16356.4;0.048
16356.9;0.049
16357.4;0.049
16357.9;0.048
16358.4;0.048
16358.9;0.05
16359.4;0.049
16359.9;0.049
16360.4;0.051
16360.9;0.049
16361.4;0.049
16361.9;0.05
16362.4;0.048
16362.9;0.048
16363.4;0.049
16363.9;0.048
16364.4;0.049
16364.9;0.049
16365.4;0.049
16365.9;0.048
16366.4;0.049
16366.9;0.049
16367.4;0.048
16367.9;0.049
16368.4;0.049
16368.9;0.05
16369.4;0.049
16369.9;0.049
16370.4;0.047
16370.9;0.049
16371.4;0.049
16371.9;0.048
16372.4;0.047
16372.9;0.047
16373.4;0.049
16373.9;0.048
16374.4;0.047
16374.9;0.049
16375.4;0.049
16375.9;0.048
16376.4;0.05
16376.9;0.049
16377.4;0.048
16377.9;0.05
16378.4;0.049
16378.9;0.049
16379.4;0.049
16379.9;0.049
16380.4;0.048
16380.9;0.049
16381.4;0.048
16381.9;0.049
16382.4;0.048
16382.9;0.049
16383.4;0.049
16383.9;0.048
16384.4;0.049
16384.9;0.049
16385.4;0.049
16385.9;0.05
16386.4;0.048
16386.9;0.049
16387.4;0.049
16387.9;0.049
16388.4;0.049
16388.9;0.048
16389.4;0.049
16389.9;0.05
16390.4;0.049
16390.9;0.048
16391.4;0.048
16391.9;0.049
16392.4;0.048
16392.9;0.049
16393.4;0.049
16393.9;0.048
16394.4;0.048
16394.9;0.049
16395.4;0.049
16395.9;0.048
16396.4;0.048
16396.9;0.051
16397.4;0.049
16397.9;0.048
16398.4;0.048
16398.9;0.049
16399.4;0.048
16399.9;0.047
16400.4;0.049
16400.9;0.048
16401.4;0.049
16401.9;0.048
16402.4;0.048
16402.9;0.05
16403.4;0.048
16403.9;0.049
16404.4;0.049
16404.9;0.049
16405.4;0.048
16405.9;0.047
16406.4;0.048
16406.9;0.048
16407.4;0.049
16407.9;0.049
16408.4;0.047
16408.9;0.049
16409.4;0.049
16409.9;0.049
16410.4;0.049
16410.9;0.049
16411.4;0.05
16411.9;0.049
16412.4;0.048
16412.9;0.048
16413.4;0.049
16413.9;0.049
16414.4;0.048
16414.9;0.048
16415.4;0.047
16415.9;0.048
16416.4;0.048
16416.9;0.048
16417.4;0.049
16417.9;0.047
16418.4;0.048
16418.9;0.049
16419.4;0.048
16419.9;0.048
16420.4;0.05
16420.9;0.048
16421.4;0.047
16421.9;0.049
16422.4;0.049
16422.9;0.048
16423.4;0.049
16423.9;0.049
16424.4;0.05
16424.9;0.048
16425.4;0.049
16425.9;0.048
16426.4;0.05
16426.9;0.048
16427.4;0.049
16427.9;0.049
16428.4;0.049
16428.9;0.048
16429.4;0.048
16429.9;0.049
16430.4;0.049
16430.9;0.048
16431.4;0.048
16431.9;0.048
16432.4;0.049
16432.9;0.048
16433.4;0.049
16433.9;0.05
16434.4;0.049
16434.9;0.049
16435.4;0.048
16435.9;0.05
16436.4;0.05
16436.9;0.05
16437.4;0.048
16437.9;0.049
16438.4;0.048
16438.9;0.048
16439.4;0.047
16439.9;0.049
16440.4;0.049
16440.9;0.048
16441.4;0.049
16441.9;0.048
16442.4;0.048
16442.9;0.05
16443.4;0.048
16443.9;0.049
16444.4;0.049
16444.9;0.049
16445.4;0.049
16445.9;0.049
16446.4;0.048
16446.9;0.049
16447.4;0.048
16447.9;0.049
16448.4;0.048
16448.9;0.049
16449.4;0.048
16449.9;0.047
16450.4;0.049
16450.9;0.049
16451.4;0.047
16451.9;0.048
16452.4;0.048
16452.9;0.049
16453.4;0.049
16453.9;0.048
16454.4;0.049
16454.9;0.049
16455.4;0.05
16455.9;0.047
16456.4;0.05
16456.9;0.05
16457.4;0.049
16457.9;0.048
16458.4;0.048
16458.9;0.049
16459.4;0.048
16459.9;0.049
16460.4;0.049
16460.9;0.049
16461.4;0.048
16461.9;0.05
16462.4;0.05
16462.9;0.048
16463.4;0.048
16463.9;0.049
16464.4;0.049
16464.9;0.05
16465.4;0.049
16465.9;0.049
16466.4;0.049
16466.9;0.047
16467.4;0.049
16467.9;0.049
16468.4;0.048
16468.9;0.049
16469.4;0.048
16469.9;0.049
16470.4;0.049
16470.9;0.049
16471.4;0.048
16471.9;0.048
16472.4;0.049
16472.9;0.05
16473.4;0.049
16473.9;0.048
16474.4;0.049
16474.9;0.048
16475.4;0.047
16475.9;0.049
16476.4;0.048
16476.9;0.047
16477.4;0.047
16477.9;0.048
16478.4;0.048
16478.9;0.049
16479.4;0.048
16479.9;0.048
16480.4;0.048
16480.9;0.046
16481.4;0.048
16481.9;0.048
16482.4;0.048
16482.9;0.049
16483.4;0.05
16483.9;0.049
16484.4;0.048
16484.9;0.049
16485.4;0.049
16485.9;0.049
16486.4;0.047
16486.9;0.048
16487.4;0.05
16487.9;0.047
16488.4;0.049
16488.9;0.049
16489.4;0.048
16489.9;0.048
16490.4;0.049
16490.9;0.048
16491.4;0.049
16491.9;0.05
16492.4;0.049
16492.9;0.049
16493.4;0.047
16493.9;0.048
16494.4;0.049
16494.9;0.049
16495.4;0.049
16495.9;0.05
16496.4;0.049
16496.9;0.047
16497.4;0.049
16497.9;0.049
16498.4;0.047
16498.9;0.047
16499.4;0.05
16499.9;0.05
16500.4;0.049
16500.9;0.049
16501.4;0.048
16501.9;0.047
16502.4;0.048
16502.9;0.048
16503.4;0.048
16503.9;0.047
16504.4;0.048
16504.9;0.05
16505.4;0.048
16505.9;0.049
16506.4;0.048
16506.9;0.049
16507.4;0.048
16507.9;0.05
16508.4;0.049
16508.9;0.048
16509.4;0.048
16509.9;0.049
16510.4;0.048
16510.9;0.049
16511.4;0.048
16511.9;0.049
16512.4;0.047
16512.9;0.048
16513.4;0.049
16513.9;0.05
16514.4;0.048
16514.9;0.048
16515.4;0.048
16515.9;0.049
16516.4;0.048
16516.9;0.049
16517.4;0.047
16517.9;0.047
16518.4;0.049
16518.9;0.049
16519.4;0.049
16519.9;0.049
16520.4;0.048
16520.9;0.049
16521.4;0.047
16521.9;0.049
16522.4;0.049
16522.9;0.047
16523.4;0.048
16523.9;0.049
16524.4;0.048
16524.9;0.047
16525.4;0.048
16525.9;0.048
16526.4;0.048
16526.9;0.049
16527.4;0.048
16527.9;0.049
16528.4;0.05
16528.9;0.049
16529.4;0.047
16529.9;0.048
16530.4;0.048
16530.9;0.048
16531.4;0.048
16531.9;0.048
16532.4;0.048
16532.9;0.049
16533.4;0.047
16533.9;0.049
16534.4;0.05
16534.9;0.048
16535.4;0.049
16535.9;0.047
16536.4;0.047
16536.9;0.048
16537.4;0.047
16537.9;0.049
16538.4;0.048
16538.9;0.049
16539.4;0.048
16539.9;0.049
16540.4;0.048
16540.9;0.048
16541.4;0.05
16541.9;0.048
16542.4;0.049
16542.9;0.049
16543.4;0.048
16543.9;0.049
16544.4;0.047
16544.9;0.047
16545.4;0.048
16545.9;0.049
16546.4;0.05
16546.9;0.049
16547.4;0.048
16547.9;0.049
16548.4;0.048
16548.9;0.049
16549.4;0.048
16549.9;0.049
16550.4;0.047
16550.9;0.047
16551.4;0.048
16551.9;0.049
16552.4;0.048
16552.9;0.048
16553.4;0.049
16553.9;0.048
16554.4;0.048
16554.9;0.048
16555.4;0.049
16555.9;0.05
16556.4;0.048
16556.9;0.049
16557.4;0.046
16557.9;0.049
16558.4;0.048
16558.9;0.049
16559.4;0.047
16559.9;0.048
16560.4;0.049
16560.9;0.048
16561.4;0.048
16561.9;0.048
16562.4;0.049
16562.9;0.05
16563.4;0.049
16563.9;0.048
16564.4;0.049
16564.9;0.048
16565.4;0.048
16565.9;0.048
16566.4;0.048
16566.9;0.049
16567.4;0.048
16567.9;0.049
16568.4;0.049
16568.9;0.049
16569.4;0.048
16569.9;0.048
16570.4;0.047
16570.9;0.048
16571.4;0.048
16571.9;0.049
16572.4;0.049
16572.9;0.049
16573.4;0.048
16573.9;0.048
16574.4;0.048
16574.9;0.048
16575.4;0.048
16575.9;0.048
16576.4;0.049
16576.9;0.047
16577.4;0.048
16577.9;0.048
16578.4;0.049
16578.9;0.048
16579.4;0.048
16579.9;0.048
16580.4;0.048
16580.9;0.048
16581.4;0.048
16581.9;0.05
16582.4;0.047
16582.9;0.047
16583.4;0.049
16583.9;0.048
16584.4;0.048
16584.9;0.048
16585.4;0.048
16585.9;0.049
16586.4;0.049
16586.9;0.048
16587.4;0.049
16587.9;0.048
16588.4;0.048
16588.9;0.047
16589.4;0.049
16589.9;0.048
16590.4;0.048
16590.9;0.048
16591.4;0.048
16591.9;0.049
16592.4;0.049
16592.9;0.048
16593.4;0.048
16593.9;0.048
16594.4;0.049
16594.9;0.049
16595.4;0.049
16595.9;0.048
16596.4;0.049
16596.9;0.047
16597.4;0.049
16597.9;0.049
16598.4;0.049
16598.9;0.048
16599.4;0.048
16599.9;0.047
16600.4;0.048
16600.9;0.048
16601.4;0.048
16601.9;0.049
16602.4;0.048
16602.9;0.048
16603.4;0.049
16603.9;0.047
16604.4;0.048
16604.9;0.049
16605.4;0.049
16605.9;0.048
16606.4;0.049
16606.9;0.049
16607.4;0.047
16607.9;0.049
16608.4;0.049
16608.9;0.048
16609.4;0.048
16609.9;0.048
16610.4;0.049
16610.9;0.049
16611.4;0.048
16611.9;0.049
16612.4;0.047
16612.9;0.05
16613.4;0.048
16613.9;0.048
16614.4;0.047
16614.9;0.048
16615.4;0.049
16615.9;0.048
16616.4;0.049
16616.9;0.048
16617.4;0.048
16617.9;0.048
16618.4;0.049
16618.9;0.05
16619.4;0.05
16619.9;0.049
16620.4;0.05
16620.9;0.049
16621.4;0.048
16621.9;0.049
16622.4;0.047
16622.9;0.049
16623.4;0.049
16623.9;0.048
16624.4;0.048
16624.9;0.048
16625.4;0.047
16625.9;0.048
16626.4;0.048
16626.9;0.048
16627.4;0.048
16627.9;0.047
16628.4;0.048
16628.9;0.049
16629.4;0.049
16629.9;0.048
16630.4;0.048
16630.9;0.049
16631.4;0.05
16631.9;0.048
16632.4;0.047
16632.9;0.048
16633.4;0.049
16633.9;0.048
16634.4;0.047
16634.9;0.047
16635.4;0.049
16635.9;0.048
16636.4;0.048
16636.9;0.05
16637.4;0.049
16637.9;0.047
16638.4;0.049
16638.9;0.049
16639.4;0.049
16639.9;0.049
16640.4;0.048
16640.9;0.049
16641.4;0.048
16641.9;0.047
16642.4;0.048
16642.9;0.049
16643.4;0.048
16643.9;0.048
16644.4;0.048
16644.9;0.049
16645.4;0.047
16645.9;0.046
16646.4;0.048
16646.9;0.048
16647.4;0.049
16647.9;0.048
16648.4;0.048
16648.9;0.049
16649.4;0.049
16649.9;0.048
16650.4;0.047
16650.9;0.048
16651.4;0.049
16651.9;0.047
16652.4;0.049
16652.9;0.047
16653.4;0.047
16653.9;0.047
16654.4;0.049
16654.9;0.048
16655.4;0.047
16655.9;0.047
16656.4;0.049
16656.9;0.049
16657.4;0.049
16657.9;0.049
16658.4;0.048
16658.9;0.047
16659.4;0.048
16659.9;0.048
16660.4;0.048
16660.9;0.048
16661.4;0.05
16661.9;0.049
16662.4;0.048
16662.9;0.048
16663.4;0.049
16663.9;0.048
16664.4;0.048
16664.9;0.047
16665.4;0.049
16665.9;0.048
16666.4;0.048
16666.9;0.049
16667.4;0.049
16667.9;0.049
16668.4;0.046
16668.9;0.048
16669.4;0.048
16669.9;0.049
16670.4;0.05
16670.9;0.046
16671.4;0.049
16671.9;0.049
16672.4;0.049
16672.9;0.049
16673.4;0.05
16673.9;0.048
16674.4;0.047
16674.9;0.048
16675.4;0.049
16675.9;0.049
16676.4;0.048
16676.9;0.049
16677.4;0.048
16677.9;0.048
16678.4;0.048
16678.9;0.049
16679.4;0.049
16679.9;0.048
16680.4;0.048
16680.9;0.048
16681.4;0.047
16681.9;0.049
16682.4;0.049
16682.9;0.048
16683.4;0.048
16683.9;0.048
16684.4;0.048
16684.9;0.047
16685.4;0.049
16685.9;0.048
16686.4;0.049
16686.9;0.049
16687.4;0.048
16687.9;0.049
16688.4;0.048
16688.9;0.047
16689.4;0.048
16689.9;0.048
16690.4;0.048
16690.9;0.049
16691.4;0.047
16691.9;0.048
16692.4;0.047
16692.9;0.049
16693.4;0.049
16693.9;0.048
16694.4;0.048
16694.9;0.047
16695.4;0.048
16695.9;0.048
16696.4;0.05
16696.9;0.048
16697.4;0.05
16697.9;0.046
16698.4;0.049
16698.9;0.047
16699.4;0.048
16699.9;0.048
16700.4;0.048
16700.9;0.049
16701.4;0.048
16701.9;0.049
16702.4;0.048
16702.9;0.046
16703.4;0.049
16703.9;0.047
16704.4;0.049
16704.9;0.049
16705.4;0.048
16705.9;0.047
16706.4;0.049
16706.9;0.048
16707.4;0.048
16707.9;0.049
16708.4;0.048
16708.9;0.048
16709.4;0.048
16709.9;0.048
16710.4;0.047
16710.9;0.049
16711.4;0.048
16711.9;0.048
16712.4;0.048
16712.9;0.049
16713.4;0.048
16713.9;0.048
16714.4;0.049
16714.9;0.048
16715.4;0.049
16715.9;0.049
16716.4;0.048
16716.9;0.048
16717.4;0.049
16717.9;0.047
16718.4;0.048
16718.9;0.047
16719.4;0.047
16719.9;0.049
16720.4;0.049
16720.9;0.048
16721.4;0.049
16721.9;0.047
16722.4;0.048
16722.9;0.048
16723.4;0.048
16723.9;0.048
16724.4;0.048
16724.9;0.048
16725.4;0.047
16725.9;0.048
16726.4;0.047
16726.9;0.046
16727.4;0.049
16727.9;0.047
16728.4;0.048
16728.9;0.048
16729.4;0.048
16729.9;0.049
16730.4;0.049
16730.9;0.047
16731.4;0.048
16731.9;0.047
16732.4;0.047
16732.9;0.049
16733.4;0.048
16733.9;0.049
16734.4;0.049
16734.9;0.05
16735.4;0.049
16735.9;0.049
16736.4;0.048
16736.9;0.047
16737.4;0.047
16737.9;0.048
16738.4;0.047
16738.9;0.048
16739.4;0.048
16739.9;0.047
16740.4;0.048
16740.9;0.048
16741.4;0.048
16741.9;0.049
16742.4;0.049
16742.9;0.048
16743.4;0.048
16743.9;0.048
16744.4;0.048
16744.9;0.047
16745.4;0.049
16745.9;0.047
16746.4;0.048
16746.9;0.048
16747.4;0.049
16747.9;0.048
16748.4;0.049
16748.9;0.05
16749.4;0.048
16749.9;0.049
16750.4;0.049
16750.9;0.048
16751.4;0.049
16751.9;0.049
16752.4;0.048
16752.9;0.049
16753.4;0.047
16753.9;0.048
16754.4;0.048
16754.9;0.048
16755.4;0.048
16755.9;0.047
16756.4;0.047
16756.9;0.047
16757.4;0.048
16757.9;0.049
16758.4;0.048
16758.9;0.048
16759.4;0.048
16759.9;0.048
16760.4;0.047
16760.9;0.049
16761.4;0.049
16761.9;0.048
16762.4;0.048
16762.9;0.047
16763.4;0.047
16763.9;0.048
16764.4;0.048
16764.9;0.047
16765.4;0.047
16765.9;0.047
16766.4;0.05
16766.9;0.048
16767.4;0.048
16767.9;0.048
16768.4;0.046
16768.9;0.049
16769.4;0.047
16769.9;0.048
16770.4;0.048
16770.9;0.048
16771.4;0.048
16771.9;0.048
16772.4;0.047
16772.9;0.046
16773.4;0.048
16773.9;0.049
16774.4;0.048
16774.9;0.048
16775.4;0.049
16775.9;0.048
16776.4;0.048
16776.9;0.048
16777.4;0.048
16777.9;0.049
16778.4;0.047
16778.9;0.047
16779.4;0.05
16779.9;0.046
16780.4;0.048
16780.9;0.048
16781.4;0.048
16781.9;0.049
16782.4;0.048
16782.9;0.047
16783.4;0.049
16783.9;0.048
16784.4;0.05
16784.9;0.047
16785.4;0.047
16785.9;0.048
16786.4;0.049
16786.9;0.048
16787.4;0.049
16787.9;0.048
16788.4;0.047
16788.9;0.05
16789.4;0.048
16789.9;0.048
16790.4;0.047
16790.9;0.048
16791.4;0.047
16791.9;0.047
16792.4;0.048
16792.9;0.048
16793.4;0.047
16793.9;0.047
16794.4;0.048
16794.9;0.048
16795.4;0.048
16795.9;0.049
16796.4;0.048
16796.9;0.047
16797.4;0.048
16797.9;0.049
16798.4;0.049
16798.9;0.049
16799.4;0.05
16799.9;0.047
16800.4;0.049
16800.9;0.048
16801.4;0.048
16801.9;0.048
16802.4;0.048
16802.9;0.048
16803.4;0.048
16803.9;0.047
16804.4;0.049
16804.9;0.048
16805.4;0.049
16805.9;0.048
16806.4;0.047
16806.9;0.048
16807.4;0.048
16807.9;0.048
16808.4;0.048
16808.9;0.047
16809.4;0.049
16809.9;0.049
16810.4;0.047
16810.9;0.048
16811.4;0.047
16811.9;0.048
16812.4;0.049
16812.9;0.047
16813.4;0.048
16813.9;0.047
16814.4;0.048
16814.9;0.048
16815.4;0.047
16815.9;0.047
16816.4;0.047
16816.9;0.048
16817.4;0.048
16817.9;0.048
16818.4;0.047
16818.9;0.047
16819.4;0.047
16819.9;0.049
16820.4;0.048
16820.9;0.048
16821.4;0.047
16821.9;0.048
16822.4;0.048
16822.9;0.047
16823.4;0.048
16823.9;0.049
16824.4;0.048
16824.9;0.049
16825.4;0.046
16825.9;0.045
16826.4;0.047
16826.9;0.049
16827.4;0.049
16827.9;0.048
16828.4;0.049
16828.9;0.048
16829.4;0.047
16829.9;0.048
16830.4;0.047
16830.9;0.048
16831.4;0.047
16831.9;0.048
16832.4;0.048
16832.9;0.048
16833.4;0.047
16833.9;0.047
16834.4;0.048
16834.9;0.048
16835.4;0.048
16835.9;0.048
16836.4;0.047
16836.9;0.048
16837.4;0.048
16837.9;0.048
16838.4;0.048
16838.9;0.048
16839.4;0.048
16839.9;0.047
16840.4;0.05
16840.9;0.048
16841.4;0.048
16841.9;0.048
16842.4;0.048
16842.9;0.048
16843.4;0.048
16843.9;0.048
16844.4;0.047
16844.9;0.047
16845.4;0.048
16845.9;0.047
16846.4;0.048
16846.9;0.048
16847.4;0.048
16847.9;0.046
16848.4;0.049
16848.9;0.048
16849.4;0.047
16849.9;0.047
16850.4;0.049
16850.9;0.048
16851.4;0.048
16851.9;0.047
16852.4;0.048
16852.9;0.048
16853.4;0.048
16853.9;0.049
16854.4;0.048
16854.9;0.049
16855.4;0.048
16855.9;0.047
16856.4;0.049
16856.9;0.048
16857.4;0.047
16857.9;0.048
16858.4;0.048
16858.9;0.048
16859.4;0.047
16859.9;0.047
16860.4;0.049
16860.9;0.047
16861.4;0.048
16861.9;0.048
16862.4;0.047
16862.9;0.048
16863.4;0.047
16863.9;0.049
16864.4;0.048
16864.9;0.048
16865.4;0.048
16865.9;0.048
16866.4;0.048
16866.9;0.048
16867.4;0.048
16867.9;0.049
16868.4;0.048
16868.9;0.048
16869.4;0.048
16869.9;0.047
16870.4;0.048
16870.9;0.048
16871.4;0.049
16871.9;0.048
16872.4;0.049
16872.9;0.047
16873.4;0.049
16873.9;0.049
16874.4;0.049
16874.9;0.047
16875.4;0.049
16875.9;0.046
16876.4;0.049
16876.9;0.047
16877.4;0.048
16877.9;0.047
16878.4;0.048
16878.9;0.047
16879.4;0.047
16879.9;0.049
16880.4;0.047
16880.9;0.048
16881.4;0.048
16881.9;0.049
16882.4;0.048
16882.9;0.048
16883.4;0.048
16883.9;0.049
16884.4;0.047
16884.9;0.048
16885.4;0.048
16885.9;0.05
16886.4;0.049
16886.9;0.048
16887.4;0.047
16887.9;0.047
16888.4;0.049
16888.9;0.047
16889.4;0.049
16889.9;0.048
16890.4;0.048
16890.9;0.048
16891.4;0.048
16891.9;0.048
16892.4;0.048
16892.9;0.049
16893.4;0.047
16893.9;0.048
16894.4;0.048
16894.9;0.049
16895.4;0.046
16895.9;0.047
16896.4;0.048
16896.9;0.047
16897.4;0.049
16897.9;0.048
16898.4;0.047
16898.9;0.048
16899.4;0.047
16899.9;0.048
16900.4;0.048
16900.9;0.048
16901.4;0.048
16901.9;0.048
16902.4;0.047
16902.9;0.048
16903.4;0.048
16903.9;0.047
16904.4;0.047
16904.9;0.049
16905.4;0.049
16905.9;0.047
16906.4;0.048
16906.9;0.049
16907.4;0.047
16907.9;0.047
16908.4;0.048
16908.9;0.048
16909.4;0.047
16909.9;0.048
16910.4;0.049
16910.9;0.049
16911.4;0.048
16911.9;0.048
16912.4;0.048
16912.9;0.047
16913.4;0.048
16913.9;0.048
16914.4;0.049
16914.9;0.047
16915.4;0.048
16915.9;0.049
16916.4;0.049
16916.9;0.049
16917.4;0.047
16917.9;0.048
16918.4;0.047
16918.9;0.049
16919.4;0.047
16919.9;0.048
16920.4;0.048
16920.9;0.048
16921.4;0.047
16921.9;0.046
16922.4;0.048
16922.9;0.048
16923.4;0.048
16923.9;0.047
16924.4;0.047
16924.9;0.048
16925.4;0.049
16925.9;0.048
16926.4;0.049
16926.9;0.049
16927.4;0.047
16927.9;0.047
16928.4;0.047
16928.9;0.048
16929.4;0.047
16929.9;0.047
16930.4;0.049
16930.9;0.048
16931.4;0.048
16931.9;0.047
16932.4;0.05
16932.9;0.048
16933.4;0.049
16933.9;0.049
16934.4;0.048
16934.9;0.048
16935.4;0.049
16935.9;0.048
16936.4;0.048
16936.9;0.048
16937.4;0.047
16937.9;0.048
16938.4;0.049
16938.9;0.047
16939.4;0.048
16939.9;0.047
16940.4;0.047
16940.9;0.047
16941.4;0.047
16941.9;0.049
16942.4;0.049
16942.9;0.049
16943.4;0.047
16943.9;0.047
16944.4;0.048
16944.9;0.048
16945.4;0.048
16945.9;0.047
16946.4;0.048
16946.9;0.047
16947.4;0.048
16947.9;0.048
16948.4;0.048
16948.9;0.048
16949.4;0.048
16949.9;0.047
16950.4;0.049
16950.9;0.048
16951.4;0.049
16951.9;0.049
16952.4;0.047
16952.9;0.048
16953.4;0.048
16953.9;0.049
16954.4;0.047
16954.9;0.049
16955.4;0.048
16955.9;0.048
16956.4;0.047
16956.9;0.047
16957.4;0.047
16957.9;0.048
16958.4;0.048
16958.9;0.047
16959.4;0.047
16959.9;0.048
16960.4;0.048
16960.9;0.048
16961.4;0.047
16961.9;0.048
16962.4;0.048
16962.9;0.049
16963.4;0.048
16963.9;0.048
16964.4;0.048
16964.9;0.049
16965.4;0.049
16965.9;0.049
16966.4;0.048
16966.9;0.048
16967.4;0.048
16967.9;0.047
16968.4;0.048
16968.9;0.049
16969.4;0.047
16969.9;0.047
16970.4;0.047
16970.9;0.048
16971.4;0.048
16971.9;0.047
16972.4;0.048
16972.9;0.047
16973.4;0.048
16973.9;0.049
16974.4;0.048
16974.9;0.047
16975.4;0.049
16975.9;0.047
16976.4;0.047
16976.9;0.048
16977.4;0.047
16977.9;0.047
16978.4;0.047
16978.9;0.048
16979.4;0.048
16979.9;0.047
16980.4;0.049
16980.9;0.047
16981.4;0.048
16981.9;0.048
16982.4;0.048
16982.9;0.048
16983.4;0.047
16983.9;0.048
16984.4;0.048
16984.9;0.047
16985.4;0.048
16985.9;0.047
16986.4;0.048
16986.9;0.048
16987.4;0.048
16987.9;0.048
16988.4;0.047
16988.9;0.048
16989.4;0.047
16989.9;0.048
16990.4;0.048
16990.9;0.048
16991.4;0.048
16991.9;0.047
16992.4;0.048
16992.9;0.047
16993.4;0.048
16993.9;0.047
16994.4;0.048
16994.9;0.047
16995.4;0.047
16995.9;0.047
16996.4;0.049
16996.9;0.048
16997.4;0.047
16997.9;0.047
16998.4;0.048
16998.9;0.048
16999.4;0.048
16999.9;0.047
17000.4;0.049
17000.9;0.048
17001.4;0.049
17001.9;0.047
17002.4;0.048
17002.9;0.047
17003.4;0.047
17003.9;0.047
17004.4;0.047
17004.9;0.045
17005.4;0.048
17005.9;0.048
17006.4;0.047
17006.9;0.048
17007.4;0.047
17007.9;0.049
17008.4;0.047
17008.9;0.048
17009.4;0.048
17009.9;0.048
17010.4;0.047
17010.9;0.048
17011.4;0.047
17011.9;0.047
17012.4;0.047
17012.9;0.049
17013.4;0.048
17013.9;0.047
17014.4;0.048
17014.9;0.048
17015.4;0.048
17015.9;0.047
17016.4;0.048
17016.9;0.047
17017.4;0.048
17017.9;0.047
17018.4;0.048
17018.9;0.047
17019.4;0.048
17019.9;0.048
17020.4;0.048
17020.9;0.047
17021.4;0.047
17021.9;0.048
17022.4;0.047
17022.9;0.048
17023.4;0.048
17023.9;0.048
17024.4;0.048
17024.9;0.048
17025.4;0.049
17025.9;0.048
17026.4;0.048
17026.9;0.049
17027.4;0.047
17027.9;0.048
17028.4;0.048
17028.9;0.047
17029.4;0.048
17029.9;0.048
17030.4;0.048
17030.9;0.048
17031.4;0.048
17031.9;0.048
17032.4;0.047
17032.9;0.047
17033.4;0.048
17033.9;0.048
17034.4;0.048
17034.9;0.048
17035.4;0.048
17035.9;0.047
17036.4;0.048
17036.9;0.047
17037.4;0.046
17037.9;0.048
17038.4;0.047
17038.9;0.047
17039.4;0.047
17039.9;0.046
17040.4;0.048
17040.9;0.047
17041.4;0.048
17041.9;0.047
17042.4;0.048
17042.9;0.047
17043.4;0.047
17043.9;0.047
17044.4;0.048
17044.9;0.048
17045.4;0.047
17045.9;0.047
17046.4;0.048
17046.9;0.046
17047.4;0.047
17047.9;0.048
17048.4;0.046
17048.9;0.048
17049.4;0.047
17049.9;0.049
17050.4;0.047
17050.9;0.048
17051.4;0.048
17051.9;0.047
17052.4;0.048
17052.9;0.047
17053.4;0.047
17053.9;0.049
17054.4;0.048
17054.9;0.048
17055.4;0.046
17055.9;0.048
17056.4;0.048
17056.9;0.046
17057.4;0.047
17057.9;0.047
17058.4;0.047
17058.9;0.047
17059.4;0.047
17059.9;0.048
17060.4;0.047
17060.9;0.049
17061.4;0.047
17061.9;0.046
17062.4;0.049
17062.9;0.047
17063.4;0.048
17063.9;0.048
17064.4;0.048
17064.9;0.048
17065.4;0.047
17065.9;0.048
17066.4;0.047
17066.9;0.048
17067.4;0.049
17067.9;0.047
17068.4;0.049
17068.9;0.048
17069.4;0.048
17069.9;0.048
17070.4;0.048
17070.9;0.048
17071.4;0.049
17071.9;0.047
17072.4;0.047
17072.9;0.048
17073.4;0.048
17073.9;0.05
17074.4;0.047
17074.9;0.048
17075.4;0.049
17075.9;0.048
17076.4;0.048
17076.9;0.048
17077.4;0.049
17077.9;0.048
17078.4;0.049
17078.9;0.05
17079.4;0.047
17079.9;0.048
17080.4;0.047
17080.9;0.047
17081.4;0.049
17081.9;0.047
17082.4;0.048
17082.9;0.047
17083.4;0.048
17083.9;0.048
17084.4;0.048
17084.9;0.047
17085.4;0.048
17085.9;0.047
17086.4;0.048
17086.9;0.049
17087.4;0.049
17087.9;0.046
17088.4;0.047
17088.9;0.047
17089.4;0.047
17089.9;0.047
17090.4;0.047
17090.9;0.048
17091.4;0.046
17091.9;0.047
17092.4;0.047
17092.9;0.048
17093.4;0.047
17093.9;0.049
17094.4;0.049
17094.9;0.048
17095.4;0.047
17095.9;0.047
17096.4;0.047
17096.9;0.048
17097.4;0.048
17097.9;0.048
17098.4;0.048
17098.9;0.048
17099.4;0.047
17099.9;0.047
17100.4;0.047
17100.9;0.047
17101.4;0.048
17101.9;0.048
17102.4;0.048
17102.9;0.046
17103.4;0.048
17103.9;0.048
17104.4;0.049
17104.9;0.047
17105.4;0.047
17105.9;0.049
17106.4;0.048
17106.9;0.048
17107.4;0.046
17107.9;0.047
17108.4;0.048
17108.9;0.048
17109.4;0.048
17109.9;0.047
17110.4;0.047
17110.9;0.046
17111.4;0.047
17111.9;0.048
17112.4;0.048
17112.9;0.046
17113.4;0.048
17113.9;0.048
17114.4;0.047
17114.9;0.047
17115.4;0.048
17115.9;0.048
17116.4;0.047
17116.9;0.046
17117.4;0.048
17117.9;0.049
17118.4;0.048
17118.9;0.047
17119.4;0.047
17119.9;0.048
17120.4;0.048
17120.9;0.048
17121.4;0.047
17121.9;0.048
17122.4;0.048
17122.9;0.047
17123.4;0.048
17123.9;0.047
17124.4;0.048
17124.9;0.047
17125.4;0.048
17125.9;0.049
17126.4;0.048
17126.9;0.047
17127.4;0.047
17127.9;0.048
17128.4;0.048
17128.9;0.048
17129.4;0.048
17129.9;0.048
17130.4;0.048
17130.9;0.048
17131.4;0.048
17131.9;0.048
17132.4;0.048
17132.9;0.049
17133.4;0.048
17133.9;0.047
17134.4;0.048
17134.9;0.048
17135.4;0.048
17135.9;0.047
17136.4;0.047
17136.9;0.048
17137.4;0.048
17137.9;0.047
17138.4;0.047
17138.9;0.049
17139.4;0.049
17139.9;0.047
17140.4;0.047
17140.9;0.047
17141.4;0.047
17141.9;0.048
17142.4;0.047
17142.9;0.047
17143.4;0.049
17143.9;0.048
17144.4;0.047
17144.9;0.048
17145.4;0.046
17145.9;0.048
17146.4;0.047
17146.9;0.048
17147.4;0.048
17147.9;0.046
17148.4;0.048
17148.9;0.048
17149.4;0.048
17149.9;0.048
17150.4;0.048
17150.9;0.049
17151.4;0.047
17151.9;0.047
17152.4;0.048
17152.9;0.048
17153.4;0.048
17153.9;0.047
17154.4;0.048
17154.9;0.046
17155.4;0.048
17155.9;0.048
17156.4;0.048
17156.9;0.047
17157.4;0.047
17157.9;0.047
17158.4;0.048
17158.9;0.049
17159.4;0.047
17159.9;0.048
17160.4;0.048
17160.9;0.048
17161.4;0.048
17161.9;0.048
17162.4;0.048
17162.9;0.048
17163.4;0.047
17163.9;0.047
17164.4;0.048
17164.9;0.048
17165.4;0.048
17165.9;0.047
17166.4;0.047
17166.9;0.047
17167.4;0.048
17167.9;0.046
17168.4;0.048
17168.9;0.048
17169.4;0.048
17169.9;0.047
17170.4;0.048
17170.9;0.049
17171.4;0.047
17171.9;0.048
17172.4;0.048
17172.9;0.048
17173.4;0.047
17173.9;0.048
17174.4;0.047
17174.9;0.048
17175.4;0.048
17175.9;0.048
17176.4;0.047
17176.9;0.047
17177.4;0.047
17177.9;0.048
17178.4;0.047
17178.9;0.049
17179.4;0.048
17179.9;0.047
17180.4;0.047
17180.9;0.047
17181.4;0.047
17181.9;0.049
17182.4;0.048
17182.9;0.048
17183.4;0.048
17183.9;0.047
17184.4;0.048
17184.9;0.046
17185.4;0.048
17185.9;0.046
17186.4;0.048
17186.9;0.046
17187.4;0.049
17187.9;0.047
17188.4;0.049
17188.9;0.047
17189.4;0.048
17189.9;0.047
17190.4;0.047
17190.9;0.048
17191.4;0.049
17191.9;0.048
17192.4;0.048
17192.9;0.047
17193.4;0.047
17193.9;0.048
17194.4;0.047
17194.9;0.047
17195.4;0.047
17195.9;0.047
17196.4;0.046
17196.9;0.047
17197.4;0.048
17197.9;0.048
17198.4;0.048
17198.9;0.047
17199.4;0.047
17199.9;0.048
17200.4;0.047
17200.9;0.047
17201.4;0.047
17201.9;0.047
17202.4;0.047
17202.9;0.047
17203.4;0.047
17203.9;0.047
17204.4;0.047
17204.9;0.047
17205.4;0.046
17205.9;0.048
17206.4;0.048
17206.9;0.049
17207.4;0.047
17207.9;0.046
17208.4;0.048
17208.9;0.046
17209.4;0.047
17209.9;0.047
17210.4;0.048
17210.9;0.049
17211.4;0.049
17211.9;0.048
17212.4;0.046
17212.9;0.047
17213.4;0.049
17213.9;0.048
17214.4;0.047
17214.9;0.047
17215.4;0.048
17215.9;0.047
17216.4;0.05
17216.9;0.047
17217.4;0.047
17217.9;0.047
17218.4;0.046
17218.9;0.047
17219.4;0.048
17219.9;0.047
17220.4;0.046
17220.9;0.047
17221.4;0.048
17221.9;0.047
17222.4;0.047
17222.9;0.047
17223.4;0.047
17223.9;0.047
17224.4;0.047
17224.9;0.048
17225.4;0.047
17225.9;0.047
17226.4;0.047
17226.9;0.047
17227.4;0.047
17227.9;0.049
17228.4;0.049
17228.9;0.047
17229.4;0.048
17229.9;0.047
17230.4;0.046
17230.9;0.047
17231.4;0.049
17231.9;0.047
17232.4;0.048
17232.9;0.047
17233.4;0.049
17233.9;0.047
17234.4;0.048
17234.9;0.047
17235.4;0.046
17235.9;0.047
17236.4;0.048
17236.9;0.047
17237.4;0.047
17237.9;0.048
17238.4;0.047
17238.9;0.049
17239.4;0.047
17239.9;0.047
17240.4;0.047
17240.9;0.048
17241.4;0.048
17241.9;0.047
17242.4;0.049
17242.9;0.047
17243.4;0.047
17243.9;0.048
17244.4;0.049
17244.9;0.047
17245.4;0.048
17245.9;0.049
17246.4;0.047
17246.9;0.046
17247.4;0.047
17247.9;0.048
17248.4;0.048
17248.9;0.047
17249.4;0.049
17249.9;0.048
17250.4;0.046
17250.9;0.048
17251.4;0.049
17251.9;0.047
17252.4;0.047
17252.9;0.048
17253.4;0.046
17253.9;0.049
17254.4;0.047
17254.9;0.046
17255.4;0.047
17255.9;0.046
17256.4;0.048
17256.9;0.048
17257.4;0.048
17257.9;0.047
17258.4;0.048
17258.9;0.048
17259.4;0.047
17259.9;0.048
17260.4;0.048
17260.9;0.047
17261.4;0.048
17261.9;0.048
17262.4;0.046
17262.9;0.047
17263.4;0.047
17263.9;0.047
17264.4;0.047
17264.9;0.048
17265.4;0.048
17265.9;0.047
17266.4;0.047
17266.9;0.047
17267.4;0.048
17267.9;0.047
17268.4;0.047
17268.9;0.047
17269.4;0.047
17269.9;0.048
17270.4;0.047
17270.9;0.048
17271.4;0.047
17271.9;0.047
17272.4;0.048
17272.9;0.046
17273.4;0.047
17273.9;0.047
17274.4;0.047
17274.9;0.048
17275.4;0.047
17275.9;0.046
17276.4;0.047
17276.9;0.048
17277.4;0.047
17277.9;0.047
17278.4;0.047
17278.9;0.047
17279.4;0.047
17279.9;0.047
17280.4;0.047
17280.9;0.047
17281.4;0.047
17281.9;0.048
17282.4;0.048
17282.9;0.048
17283.4;0.047
17283.9;0.047
17284.4;0.048
17284.9;0.046
17285.4;0.047
17285.9;0.048
17286.4;0.047
17286.9;0.047
17287.4;0.045
17287.9;0.046
17288.4;0.047
17288.9;0.046
17289.4;0.048
17289.9;0.047
17290.4;0.048
17290.9;0.048
17291.4;0.047
17291.9;0.047
17292.4;0.048
17292.9;0.047
17293.4;0.048
17293.9;0.045
17294.4;0.048
17294.9;0.047
17295.4;0.048
17295.9;0.047
17296.4;0.047
17296.9;0.049
17297.4;0.047
17297.9;0.047
17298.4;0.048
17298.9;0.048
17299.4;0.048
17299.9;0.047
17300.4;0.048
17300.9;0.047
17301.4;0.049
17301.9;0.047
17302.4;0.048
17302.9;0.047
17303.4;0.048
17303.9;0.047
17304.4;0.048
17304.9;0.048
17305.4;0.048
17305.9;0.047
17306.4;0.049
17306.9;0.047
17307.4;0.048
17307.9;0.048
17308.4;0.049
17308.9;0.046
17309.4;0.048
17309.9;0.047
17310.4;0.046
17310.9;0.048
17311.4;0.046
17311.9;0.048
17312.4;0.048
17312.9;0.047
17313.4;0.048
17313.9;0.048
17314.4;0.048
17314.9;0.046
17315.4;0.048
17315.9;0.046
17316.4;0.047
17316.9;0.047
17317.4;0.048
17317.9;0.047
17318.4;0.048
17318.9;0.048
17319.4;0.047
17319.9;0.047
17320.4;0.049
17320.9;0.047
17321.4;0.047
17321.9;0.047
17322.4;0.048
17322.9;0.047
17323.4;0.047
17323.9;0.047
17324.4;0.047
17324.9;0.048
17325.4;0.047
17325.9;0.047
17326.4;0.049
17326.9;0.048
17327.4;0.047
17327.9;0.048
17328.4;0.048
17328.9;0.047
17329.4;0.047
17329.9;0.048
17330.4;0.047
17330.9;0.047
17331.4;0.047
17331.9;0.047
17332.4;0.047
17332.9;0.047
17333.4;0.046
17333.9;0.047
17334.4;0.047
17334.9;0.048
17335.4;0.048
17335.9;0.048
17336.4;0.047
17336.9;0.048
17337.4;0.048
17337.9;0.047
17338.4;0.047
17338.9;0.047
17339.4;0.048
17339.9;0.048
17340.4;0.046
17340.9;0.046
17341.4;0.047
17341.9;0.048
17342.4;0.048
17342.9;0.047
17343.4;0.047
17343.9;0.048
17344.4;0.047
17344.9;0.047
17345.4;0.047
17345.9;0.048
17346.4;0.048
17346.9;0.047
17347.4;0.047
17347.9;0.047
17348.4;0.047
17348.9;0.047
17349.4;0.047
17349.9;0.047
17350.4;0.047
17350.9;0.048
17351.4;0.048
17351.9;0.047
17352.4;0.048
17352.9;0.049
17353.4;0.048
17353.9;0.047
17354.4;0.047
17354.9;0.047
17355.4;0.048
17355.9;0.047
17356.4;0.047
17356.9;0.047
17357.4;0.046
17357.9;0.047
17358.4;0.047
17358.9;0.047
17359.4;0.047
17359.9;0.048
17360.4;0.047
17360.9;0.047
17361.4;0.046
17361.9;0.047
17362.4;0.047
17362.9;0.048
17363.4;0.047
17363.9;0.049
17364.4;0.047
17364.9;0.047
17365.4;0.047
17365.9;0.047
17366.4;0.046
17366.9;0.048
17367.4;0.047
17367.9;0.046
17368.4;0.047
17368.9;0.047
17369.4;0.048
17369.9;0.047
17370.4;0.047
17370.9;0.047
17371.4;0.049
17371.9;0.047
17372.4;0.048
17372.9;0.048
17373.4;0.049
17373.9;0.047
17374.4;0.048
17374.9;0.046
17375.4;0.047
17375.9;0.046
17376.4;0.047
17376.9;0.047
17377.4;0.047
17377.9;0.048
17378.4;0.048
17378.9;0.047
17379.4;0.046
17379.9;0.049
17380.4;0.048
17380.9;0.048
17381.4;0.048
17381.9;0.046
17382.4;0.047
17382.9;0.047
17383.4;0.047
17383.9;0.045
17384.4;0.046
17384.9;0.047
17385.4;0.048
17385.9;0.046
17386.4;0.048
17386.9;0.048
17387.4;0.047
17387.9;0.047
17388.4;0.047
17388.9;0.047
17389.4;0.048
17389.9;0.048
17390.4;0.047
17390.9;0.047
17391.4;0.046
17391.9;0.046
17392.4;0.047
17392.9;0.048
17393.4;0.048
17393.9;0.047
17394.4;0.047
17394.9;0.048
17395.4;0.047
17395.9;0.047
17396.4;0.048
17396.9;0.046
17397.4;0.047
17397.9;0.046
17398.4;0.048
17398.9;0.047
17399.4;0.048
17399.9;0.047
17400.4;0.048
17400.9;0.048
17401.4;0.047
17401.9;0.047
17402.4;0.047
17402.9;0.047
17403.4;0.046
17403.9;0.047
17404.4;0.048
17404.9;0.047
17405.4;0.048
17405.9;0.048
17406.4;0.048
17406.9;0.048
17407.4;0.047
17407.9;0.049
17408.4;0.048
17408.9;0.047
17409.4;0.048
17409.9;0.048
17410.4;0.048
17410.9;0.046
17411.4;0.048
17411.9;0.047
17412.4;0.047
17412.9;0.047
17413.4;0.047
17413.9;0.048
17414.4;0.046
17414.9;0.048
17415.4;0.046
17415.9;0.047
17416.4;0.048
17416.9;0.048
17417.4;0.048
17417.9;0.047
17418.4;0.048
17418.9;0.047
17419.4;0.046
17419.9;0.048
17420.4;0.048
17420.9;0.047
17421.4;0.047
17421.9;0.046
17422.4;0.047
17422.9;0.047
17423.4;0.047
17423.9;0.047
17424.4;0.047
17424.9;0.047
17425.4;0.048
17425.9;0.047
17426.4;0.047
17426.9;0.047
17427.4;0.048
17427.9;0.047
17428.4;0.048
17428.9;0.047
17429.4;0.048
17429.9;0.047
17430.4;0.046
17430.9;0.047
17431.4;0.047
17431.9;0.047
17432.4;0.047
17432.9;0.048
17433.4;0.048
17433.9;0.048
17434.4;0.049
17434.9;0.047
17435.4;0.047
17435.9;0.046
17436.4;0.048
17436.9;0.046
17437.4;0.047
17437.9;0.047
17438.4;0.047
17438.9;0.047
17439.4;0.048
17439.9;0.047
17440.4;0.047
17440.9;0.046
17441.4;0.048
17441.9;0.047
17442.4;0.048
17442.9;0.047
17443.4;0.048
17443.9;0.047
17444.4;0.046
17444.9;0.047
17445.4;0.049
17445.9;0.047
17446.4;0.047
17446.9;0.047
17447.4;0.048
17447.9;0.047
17448.4;0.046
17448.9;0.047
17449.4;0.047
17449.9;0.048
17450.4;0.046
17450.9;0.047
17451.4;0.046
17451.9;0.047
17452.4;0.047
17452.9;0.047
17453.4;0.047
17453.9;0.048
17454.4;0.047
17454.9;0.047
17455.4;0.046
17455.9;0.048
17456.4;0.047
17456.9;0.047
17457.4;0.046
17457.9;0.048
17458.4;0.047
17458.9;0.048
17459.4;0.049
17459.9;0.048
17460.4;0.046
17460.9;0.047
17461.4;0.047
17461.9;0.047
17462.4;0.047
17462.9;0.048
17463.4;0.047
17463.9;0.046
17464.4;0.048
17464.9;0.047
17465.4;0.047
17465.9;0.048
17466.4;0.048
17466.9;0.047
17467.4;0.047
17467.9;0.048
17468.4;0.046
17468.9;0.047
17469.4;0.047
17469.9;0.048
17470.4;0.047
17470.9;0.046
17471.4;0.046
17471.9;0.048
17472.4;0.045
17472.9;0.048
17473.4;0.047
17473.9;0.046
17474.4;0.048
17474.9;0.045
17475.4;0.048
17475.9;0.047
17476.4;0.046
17476.9;0.048
17477.4;0.048
17477.9;0.048
17478.4;0.046
17478.9;0.046
17479.4;0.047
17479.9;0.047
17480.4;0.047
17480.9;0.048
17481.4;0.047
17481.9;0.047
17482.4;0.047
17482.9;0.048
17483.4;0.048
17483.9;0.049
17484.4;0.046
17484.9;0.046
17485.4;0.046
17485.9;0.047
17486.4;0.047
17486.9;0.047
17487.4;0.048
17487.9;0.046
17488.4;0.047
17488.9;0.047
17489.4;0.047
17489.9;0.047
17490.4;0.047
17490.9;0.047
17491.4;0.048
17491.9;0.047
17492.4;0.047
17492.9;0.048
17493.4;0.047
17493.9;0.047
17494.4;0.048
17494.9;0.046
17495.4;0.049
17495.9;0.048
17496.4;0.048
17496.9;0.047
17497.4;0.047
17497.9;0.047
17498.4;0.047
17498.9;0.048
17499.4;0.048
17499.9;0.046
17500.4;0.046
17500.9;0.047
17501.4;0.048
17501.9;0.048
17502.4;0.049
17502.9;0.047
17503.4;0.047
17503.9;0.046
17504.4;0.048
17504.9;0.046
17505.4;0.046
17505.9;0.046
17506.4;0.047
17506.9;0.046
17507.4;0.047
17507.9;0.046
17508.4;0.047
17508.9;0.047
17509.4;0.047
17509.9;0.047
17510.4;0.046
17510.9;0.047
17511.4;0.047
17511.9;0.047
17512.4;0.047
17512.9;0.047
17513.4;0.047
17513.9;0.046
17514.4;0.048
17514.9;0.046
17515.4;0.048
17515.9;0.047
17516.4;0.048
17516.9;0.047
17517.4;0.047
17517.9;0.046
17518.4;0.048
17518.9;0.047
17519.4;0.047
17519.9;0.047
17520.4;0.047
17520.9;0.047
17521.4;0.046
17521.9;0.047
17522.4;0.047
17522.9;0.048
17523.4;0.047
17523.9;0.048
17524.4;0.046
17524.9;0.047
17525.4;0.047
17525.9;0.045
17526.4;0.047
17526.9;0.048
17527.4;0.049
17527.9;0.047
17528.4;0.047
17528.9;0.047
17529.4;0.047
17529.9;0.048
17530.4;0.047
17530.9;0.048
17531.4;0.047
17531.9;0.047
17532.4;0.047
17532.9;0.046
17533.4;0.047
17533.9;0.048
17534.4;0.047
17534.9;0.046
17535.4;0.047
17535.9;0.046
17536.4;0.048
17536.9;0.047
17537.4;0.048
17537.9;0.048
17538.4;0.047
17538.9;0.047
17539.4;0.047
17539.9;0.047
17540.4;0.047
17540.9;0.047
17541.4;0.048
17541.9;0.047
17542.4;0.046
17542.9;0.046
17543.4;0.047
17543.9;0.047
17544.4;0.046
17544.9;0.046
17545.4;0.047
17545.9;0.048
17546.4;0.047
17546.9;0.048
17547.4;0.046
17547.9;0.047
17548.4;0.047
17548.9;0.047
17549.4;0.048
17549.9;0.046
17550.4;0.047
17550.9;0.047
17551.4;0.047
17551.9;0.048
17552.4;0.047
17552.9;0.048
17553.4;0.047
17553.9;0.048
17554.4;0.048
17554.9;0.047
17555.4;0.046
17555.9;0.048
17556.4;0.048
17556.9;0.045
17557.4;0.045
17557.9;0.047
17558.4;0.047
17558.9;0.047
17559.4;0.046
17559.9;0.047
17560.4;0.046
17560.9;0.048
17561.4;0.047
17561.9;0.047
17562.4;0.047
17562.9;0.047
17563.4;0.047
17563.9;0.047
17564.4;0.046
17564.9;0.047
17565.4;0.048
17565.9;0.046
17566.4;0.048
17566.9;0.046
17567.4;0.047
17567.9;0.046
17568.4;0.048
17568.9;0.048
17569.4;0.046
17569.9;0.047
17570.4;0.048
17570.9;0.047
17571.4;0.047
17571.9;0.047
17572.4;0.048
17572.9;0.048
17573.4;0.047
17573.9;0.049
17574.4;0.046
17574.9;0.048
17575.4;0.047
17575.9;0.048
17576.4;0.048
17576.9;0.046
17577.4;0.048
17577.9;0.048
17578.4;0.048
17578.9;0.046
17579.4;0.048
17579.9;0.047
17580.4;0.047
17580.9;0.047
17581.4;0.046
17581.9;0.048
17582.4;0.048
17582.9;0.047
17583.4;0.047
17583.9;0.046
17584.4;0.047
17584.9;0.048
17585.4;0.047
17585.9;0.048
17586.4;0.047
17586.9;0.046
17587.4;0.048
17587.9;0.048
17588.4;0.046
17588.9;0.047
17589.4;0.048
17589.9;0.045
17590.4;0.048
17590.9;0.048
17591.4;0.048
17591.9;0.047
17592.4;0.046
17592.9;0.047
17593.4;0.048
17593.9;0.048
17594.4;0.046
17594.9;0.047
17595.4;0.047
17595.9;0.048
17596.4;0.047
17596.9;0.047
17597.4;0.048
17597.9;0.048
17598.4;0.046
17598.9;0.046
17599.4;0.048
17599.9;0.046
17600.4;0.046
17600.9;0.045
17601.4;0.047
17601.9;0.047
17602.4;0.049
17602.9;0.049
17603.4;0.047
17603.9;0.047
17604.4;0.048
17604.9;0.048
17605.4;0.046
17605.9;0.048
17606.4;0.047
17606.9;0.048
17607.4;0.046
17607.9;0.047
17608.4;0.047
17608.9;0.046
17609.4;0.046
17609.9;0.047
17610.4;0.047
17610.9;0.048
17611.4;0.047
17611.9;0.046
17612.4;0.047
17612.9;0.046
17613.4;0.047
17613.9;0.047
17614.4;0.048
17614.9;0.047
17615.4;0.047
17615.9;0.046
17616.4;0.046
17616.9;0.046
17617.4;0.046
17617.9;0.046
17618.4;0.046
17618.9;0.048
17619.4;0.048
17619.9;0.047
17620.4;0.047
17620.9;0.045
17621.4;0.046
17621.9;0.047
17622.4;0.047
17622.9;0.046
17623.4;0.047
17623.9;0.046
17624.4;0.047
17624.9;0.047
17625.4;0.047
17625.9;0.046
17626.4;0.047
17626.9;0.047
17627.4;0.047
17627.9;0.048
17628.4;0.047
17628.9;0.047
17629.4;0.047
17629.9;0.047
17630.4;0.047
17630.9;0.047
17631.4;0.047
17631.9;0.048
17632.4;0.048
17632.9;0.048
17633.4;0.048
17633.9;0.047
17634.4;0.047
17634.9;0.047
17635.4;0.047
17635.9;0.047
17636.4;0.047
17636.9;0.047
17637.4;0.047
17637.9;0.048
17638.4;0.046
17638.9;0.046
17639.4;0.047
17639.9;0.046
17640.4;0.047
17640.9;0.047
17641.4;0.047
17641.9;0.047
17642.4;0.047
17642.9;0.046
17643.4;0.046
17643.9;0.045
17644.4;0.047
17644.9;0.047
17645.4;0.046
17645.9;0.049
17646.4;0.048
17646.9;0.047
17647.4;0.046
17647.9;0.048
17648.4;0.045
17648.9;0.047
17649.4;0.049
17649.9;0.044
17650.4;0.047
17650.9;0.046
17651.4;0.048
17651.9;0.047
17652.4;0.047
17652.9;0.046
17653.4;0.046
17653.9;0.049
17654.4;0.046
17654.9;0.048
17655.4;0.047
17655.9;0.046
17656.4;0.047
17656.9;0.047
17657.4;0.048
17657.9;0.047
17658.4;0.048
17658.9;0.047
17659.4;0.047
17659.9;0.047
17660.4;0.047
17660.9;0.047
17661.4;0.048
17661.9;0.048
17662.4;0.047
17662.9;0.047
17663.4;0.047
17663.9;0.045
17664.4;0.046
17664.9;0.046
17665.4;0.047
17665.9;0.046
17666.4;0.046
17666.9;0.047
17667.4;0.048
17667.9;0.047
17668.4;0.047
17668.9;0.048
17669.4;0.046
17669.9;0.047
17670.4;0.047
17670.9;0.048
17671.4;0.046
17671.9;0.047
17672.4;0.046
17672.9;0.047
17673.4;0.046
17673.9;0.046
17674.4;0.047
17674.9;0.047
17675.4;0.047
17675.9;0.046
17676.4;0.047
17676.9;0.048
17677.4;0.048
17677.9;0.046
17678.4;0.047
17678.9;0.046
17679.4;0.047
17679.9;0.047
17680.4;0.047
17680.9;0.047
17681.4;0.046
17681.9;0.047
17682.4;0.046
17682.9;0.047
17683.4;0.049
17683.9;0.046
17684.4;0.046
17684.9;0.046
17685.4;0.048
17685.9;0.047
17686.4;0.047
17686.9;0.046
17687.4;0.048
17687.9;0.047
17688.4;0.047
17688.9;0.047
17689.4;0.047
17689.9;0.048
17690.4;0.048
17690.9;0.047
17691.4;0.048
17691.9;0.047
17692.4;0.046
17692.9;0.047
17693.4;0.048
17693.9;0.047
17694.4;0.047
17694.9;0.047
17695.4;0.046
17695.9;0.047
17696.4;0.046
17696.9;0.047
17697.4;0.048
17697.9;0.046
17698.4;0.046
17698.9;0.047
17699.4;0.048
17699.9;0.047
17700.4;0.046
17700.9;0.047
17701.4;0.047
17701.9;0.048
17702.4;0.047
17702.9;0.046
17703.4;0.047
17703.9;0.047
17704.4;0.048
17704.9;0.047
17705.4;0.047
17705.9;0.046
17706.4;0.046
17706.9;0.047
17707.4;0.049
17707.9;0.046
17708.4;0.046
17708.9;0.046
17709.4;0.047
17709.9;0.049
17710.4;0.049
17710.9;0.048
17711.4;0.048
17711.9;0.047
17712.4;0.047
17712.9;0.047
17713.4;0.046
17713.9;0.047
17714.4;0.047
17714.9;0.046
17715.4;0.047
17715.9;0.046
17716.4;0.046
17716.9;0.048
17717.4;0.046
17717.9;0.047
17718.4;0.047
17718.9;0.049
17719.4;0.046
17719.9;0.048
17720.4;0.046
17720.9;0.047
17721.4;0.047
17721.9;0.047
17722.4;0.048
17722.9;0.048
17723.4;0.048
17723.9;0.046
17724.4;0.047
17724.9;0.046
17725.4;0.047
17725.9;0.046
17726.4;0.046
17726.9;0.046
17727.4;0.046
17727.9;0.047
17728.4;0.046
17728.9;0.048
17729.4;0.047
17729.9;0.047
17730.4;0.047
17730.9;0.048
17731.4;0.047
17731.9;0.047
17732.4;0.046
17732.9;0.047
17733.4;0.048
17733.9;0.047
17734.4;0.047
17734.9;0.048
17735.4;0.047
17735.9;0.048
17736.4;0.047
17736.9;0.047
17737.4;0.046
17737.9;0.048
17738.4;0.047
17738.9;0.046
17739.4;0.047
17739.9;0.045
17740.4;0.047
17740.9;0.048
17741.4;0.048
17741.9;0.047
17742.4;0.047
17742.9;0.047
17743.4;0.047
17743.9;0.049
17744.4;0.046
17744.9;0.047
17745.4;0.047
17745.9;0.047
17746.4;0.047
17746.9;0.046
17747.4;0.046
17747.9;0.048
17748.4;0.046
17748.9;0.047
17749.4;0.046
17749.9;0.046
17750.4;0.046
17750.9;0.047
17751.4;0.047
17751.9;0.048
17752.4;0.047
17752.9;0.046
17753.4;0.048
17753.9;0.047
17754.4;0.047
17754.9;0.047
17755.4;0.045
17755.9;0.047
17756.4;0.046
17756.9;0.046
17757.4;0.047
17757.9;0.047
17758.4;0.047
17758.9;0.047
17759.4;0.046
17759.9;0.047
17760.4;0.047
17760.9;0.047
17761.4;0.048
17761.9;0.047
17762.4;0.047
17762.9;0.047
17763.4;0.046
17763.9;0.048
17764.4;0.047
17764.9;0.049
17765.4;0.047
17765.9;0.047
17766.4;0.047
17766.9;0.047
17767.4;0.047
17767.9;0.046
17768.4;0.046
17768.9;0.048
17769.4;0.046
17769.9;0.046
17770.4;0.047
17770.9;0.046
17771.4;0.047
17771.9;0.047
17772.4;0.045
17772.9;0.046
17773.4;0.048
17773.9;0.046
17774.4;0.046
17774.9;0.046
17775.4;0.046
17775.9;0.049
17776.4;0.046
17776.9;0.047
17777.4;0.046
17777.9;0.046
17778.4;0.047
17778.9;0.047
17779.4;0.048
17779.9;0.048
17780.4;0.047
17780.9;0.047
17781.4;0.047
17781.9;0.046
17782.4;0.047
17782.9;0.047
17783.4;0.047
17783.9;0.048
17784.4;0.048
17784.9;0.045
17785.4;0.047
17785.9;0.046
17786.4;0.047
17786.9;0.045
17787.4;0.047
17787.9;0.046
17788.4;0.046
17788.9;0.047
17789.4;0.047
17789.9;0.046
17790.4;0.047
17790.9;0.046
17791.4;0.047
17791.9;0.046
17792.4;0.045
17792.9;0.047
17793.4;0.047
17793.9;0.048
17794.4;0.047
17794.9;0.047
17795.4;0.047
17795.9;0.046
17796.4;0.047
17796.9;0.046
17797.4;0.047
17797.9;0.046
17798.4;0.046
17798.9;0.046
17799.4;0.047
17799.9;0.047
17800.4;0.046
17800.9;0.047
17801.4;0.047
17801.9;0.046
17802.4;0.048
17802.9;0.048
17803.4;0.047
17803.9;0.048
17804.4;0.047
17804.9;0.047
17805.4;0.048
17805.9;0.045
17806.4;0.047
17806.9;0.046
17807.4;0.045
17807.9;0.047
17808.4;0.046
17808.9;0.047
17809.4;0.047
17809.9;0.048
17810.4;0.046
17810.9;0.048
17811.4;0.048
17811.9;0.046
17812.4;0.046
17812.9;0.047
17813.4;0.047
17813.9;0.046
17814.4;0.046
17814.9;0.046
17815.4;0.046
17815.9;0.046
17816.4;0.046
17816.9;0.046
17817.4;0.046
17817.9;0.046
17818.4;0.047
17818.9;0.048
17819.4;0.047
17819.9;0.047
17820.4;0.047
17820.9;0.048
17821.4;0.046
17821.9;0.046
17822.4;0.046
17822.9;0.046
17823.4;0.047
17823.9;0.046
17824.4;0.047
17824.9;0.047
17825.4;0.046
17825.9;0.048
17826.4;0.047
17826.9;0.046
17827.4;0.047
17827.9;0.047
17828.4;0.047
17828.9;0.047
17829.4;0.047
17829.9;0.045
17830.4;0.046
17830.9;0.047
17831.4;0.046
17831.9;0.047
17832.4;0.048
17832.9;0.047
17833.4;0.046
17833.9;0.048
17834.4;0.047
17834.9;0.047
17835.4;0.047
17835.9;0.046
17836.4;0.047
17836.9;0.046
17837.4;0.046
17837.9;0.049
17838.4;0.048
17838.9;0.047
17839.4;0.047
17839.9;0.045
17840.4;0.045
17840.9;0.047
17841.4;0.047
17841.9;0.046
17842.4;0.046
17842.9;0.048
17843.4;0.046
17843.9;0.046
17844.4;0.045
17844.9;0.046
17845.4;0.046
17845.9;0.047
17846.4;0.047
17846.9;0.047
17847.4;0.046
17847.9;0.048
17848.4;0.046
17848.9;0.047
17849.4;0.047
17849.9;0.047
17850.4;0.047
17850.9;0.046
17851.4;0.045
17851.9;0.047
17852.4;0.047
17852.9;0.047
17853.4;0.048
17853.9;0.047
17854.4;0.047
17854.9;0.046
17855.4;0.047
17855.9;0.047
17856.4;0.046
17856.9;0.047
17857.4;0.047
17857.9;0.047
17858.4;0.047
17858.9;0.047
17859.4;0.048
17859.9;0.047
17860.4;0.047
17860.9;0.047
17861.4;0.046
17861.9;0.047
17862.4;0.047
17862.9;0.047
17863.4;0.047
17863.9;0.049
17864.4;0.047
17864.9;0.047
17865.4;0.046
17865.9;0.048
17866.4;0.048
17866.9;0.046
17867.4;0.047
17867.9;0.047
17868.4;0.047
17868.9;0.046
17869.4;0.046
17869.9;0.046
17870.4;0.047
17870.9;0.048
17871.4;0.046
17871.9;0.047
17872.4;0.047
17872.9;0.045
17873.4;0.046
17873.9;0.048
17874.4;0.045
17874.9;0.048
17875.4;0.047
17875.9;0.047
17876.4;0.047
17876.9;0.047
17877.4;0.046
17877.9;0.046
17878.4;0.046
17878.9;0.048
17879.4;0.046
17879.9;0.047
17880.4;0.047
17880.9;0.047
17881.4;0.046
17881.9;0.045
17882.4;0.047
17882.9;0.048
17883.4;0.048
17883.9;0.048
17884.4;0.047
17884.9;0.046
17885.4;0.046
17885.9;0.046
17886.4;0.048
17886.9;0.047
17887.4;0.049
17887.9;0.047
17888.4;0.046
17888.9;0.046
17889.4;0.047
17889.9;0.046
17890.4;0.047
17890.9;0.048
17891.4;0.046
17891.9;0.047
17892.4;0.048
17892.9;0.045
17893.4;0.047
17893.9;0.046
17894.4;0.047
17894.9;0.047
17895.4;0.048
17895.9;0.047
17896.4;0.047
17896.9;0.047
17897.4;0.046
17897.9;0.045
17898.4;0.046
17898.9;0.047
17899.4;0.046
17899.9;0.047
17900.4;0.048
17900.9;0.047
17901.4;0.046
17901.9;0.047
17902.4;0.048
17902.9;0.047
17903.4;0.047
17903.9;0.047
17904.4;0.046
17904.9;0.046
17905.4;0.046
17905.9;0.047
17906.4;0.046
17906.9;0.047
17907.4;0.046
17907.9;0.048
17908.4;0.045
17908.9;0.046
17909.4;0.046
17909.9;0.046
17910.4;0.048
17910.9;0.046
17911.4;0.046
17911.9;0.047
17912.4;0.047
17912.9;0.046
17913.4;0.047
17913.9;0.046
17914.4;0.048
17914.9;0.048
17915.4;0.047
17915.9;0.047
17916.4;0.046
17916.9;0.046
17917.4;0.047
17917.9;0.046
17918.4;0.048
17918.9;0.046
17919.4;0.047
17919.9;0.047
17920.4;0.047
17920.9;0.045
17921.4;0.047
17921.9;0.047
17922.4;0.046
17922.9;0.046
17923.4;0.047
17923.9;0.046
17924.4;0.047
17924.9;0.046
17925.4;0.047
17925.9;0.047
17926.4;0.048
17926.9;0.047
17927.4;0.047
17927.9;0.046
17928.4;0.047
17928.9;0.048
17929.4;0.046
17929.9;0.047
17930.4;0.047
17930.9;0.047
17931.4;0.047
17931.9;0.048
17932.4;0.047
17932.9;0.046
17933.4;0.047
17933.9;0.045
17934.4;0.047
17934.9;0.047
17935.4;0.047
17935.9;0.047
17936.4;0.047
17936.9;0.046
17937.4;0.046
17937.9;0.046
17938.4;0.046
17938.9;0.046
17939.4;0.046
17939.9;0.046
17940.4;0.047
17940.9;0.046
17941.4;0.047
17941.9;0.046
17942.4;0.046
17942.9;0.046
17943.4;0.046
17943.9;0.047
17944.4;0.045
17944.9;0.046
17945.4;0.047
17945.9;0.047
17946.4;0.046
17946.9;0.046
17947.4;0.045
17947.9;0.046
17948.4;0.047
17948.9;0.047
17949.4;0.047
17949.9;0.045
17950.4;0.047
17950.9;0.046
17951.4;0.047
17951.9;0.047
17952.4;0.045
17952.9;0.047
17953.4;0.047
17953.9;0.047
17954.4;0.045
17954.9;0.046
17955.4;0.047
17955.9;0.046
17956.4;0.046
17956.9;0.047
17957.4;0.046
17957.9;0.046
17958.4;0.044
17958.9;0.047
17959.4;0.046
17959.9;0.046
17960.4;0.046
17960.9;0.046
17961.4;0.047
17961.9;0.047
17962.4;0.046
17962.9;0.046
17963.4;0.047
17963.9;0.046
17964.4;0.047
17964.9;0.047
17965.4;0.047
17965.9;0.047
17966.4;0.046
17966.9;0.047
17967.4;0.047
17967.9;0.046
17968.4;0.046
17968.9;0.046
17969.4;0.046
17969.9;0.047
17970.4;0.047
17970.9;0.047
17971.4;0.047
17971.9;0.046
17972.4;0.047
17972.9;0.046
17973.4;0.046
17973.9;0.046
17974.4;0.047
17974.9;0.047
17975.4;0.046
17975.9;0.048
17976.4;0.047
17976.9;0.046
17977.4;0.045
17977.9;0.046
17978.4;0.046
17978.9;0.046
17979.4;0.046
17979.9;0.047
17980.4;0.047
17980.9;0.045
17981.4;0.047
17981.9;0.048
17982.4;0.047
17982.9;0.048
17983.4;0.047
17983.9;0.046
17984.4;0.048
17984.9;0.047
17985.4;0.047
17985.9;0.047
17986.4;0.046
17986.9;0.046
17987.4;0.047
17987.9;0.046
17988.4;0.047
17988.9;0.047
17989.4;0.047
17989.9;0.047
17990.4;0.047
17990.9;0.047
17991.4;0.047
17991.9;0.047
17992.4;0.047
17992.9;0.047
17993.4;0.045
17993.9;0.047
17994.4;0.046
17994.9;0.048
17995.4;0.047
17995.9;0.046
17996.4;0.046
17996.9;0.048
17997.4;0.046
17997.9;0.046
17998.4;0.048
17998.9;0.048
17999.4;0.044
17999.9;0.047
