Frequence;Amplitude
0.0;1.19
0.5;1.107
1.0;0.997
1.5;0.125
2.0;1.035
2.5;0.94
3.0;0.607
3.5;1.009
4.0;0.33
4.5;0.568
5.0;0.356
5.5;0.554
6.0;0.636
6.5;0.732
7.0;0.25
7.5;0.648
8.0;0.313
8.5;1.008
9.0;0.464
9.5;0.834
10.0;0.855
10.5;0.456
11.0;0.056
11.5;0.532
12.0;0.296
12.5;0.331
13.0;0.318
13.5;0.159
14.0;0.792
14.5;0.841
15.0;0.311
15.5;0.889
16.0;0.51
16.5;0.473
17.0;0.769
17.5;0.877
18.0;0.603
18.5;0.57
19.0;0.789
19.5;0.754
20.0;0.742
20.5;0.219
21.0;0.153
21.5;0.31
22.0;0.427
22.5;0.852
23.0;0.809
23.5;0.611
24.0;0.539
24.5;0.813
25.0;0.343
25.5;0.347
26.0;0.163
26.5;0.246
27.0;0.845
27.5;1.435
28.0;1.289
28.5;0.92
29.0;0.906
29.5;0.496
30.0;0.472
30.5;0.746
31.0;0.536
31.5;0.75
32.0;0.533
32.5;1.192
33.0;0.573
33.5;0.852
34.0;0.816
34.5;0.489
35.0;1.067
35.5;0.234
36.0;0.446
36.5;0.567
37.0;0.611
37.5;0.648
38.0;0.581
38.5;0.405
39.0;0.988
39.5;0.658
40.0;0.541
40.5;0.157
41.0;0.309
41.5;0.669
42.0;0.495
42.5;0.355
43.0;0.603
43.5;0.533
44.0;0.427
44.5;0.346
45.0;0.53
45.5;1.095
46.0;0.887
46.5;0.412
47.0;1.168
47.5;0.691
48.0;1.235
48.5;1.317
49.0;3.172
49.5;2.583
50.0;2.141
50.5;0.64
51.0;0.575
51.5;0.658
52.0;0.778
52.5;0.514
53.0;0.535
53.5;0.7
54.0;0.612
54.5;1.224
55.0;0.836
55.5;0.397
56.0;1.15
56.5;0.815
57.0;1.017
57.5;1.031
58.0;1.037
58.5;0.599
59.0;0.157
59.5;0.382
60.0;1.248
60.5;0.637
61.0;0.529
61.5;0.986
62.0;0.576
62.5;0.655
63.0;1.014
63.5;1.199
64.0;1.394
64.5;1.122
65.0;0.566
65.5;0.646
66.0;0.443
66.5;0.843
67.0;0.926
67.5;0.464
68.0;0.487
68.5;0.466
69.0;0.766
69.5;0.471
70.0;0.46
70.5;0.318
71.0;0.959
71.5;0.229
72.0;0.416
72.5;0.281
73.0;0.855
73.5;0.466
74.0;0.493
74.5;0.496
75.0;0.646
75.5;0.624
76.0;1.318
76.5;1.11
77.0;1.539
77.5;0.53
78.0;0.702
78.5;1.065
79.0;0.679
79.5;0.722
80.0;2.001
80.5;1.037
81.0;0.65
81.5;0.66
82.0;2.323
82.5;0.7
83.0;0.933
83.5;1.58
84.0;0.443
84.5;0.995
85.0;0.62
85.5;1.132
86.0;0.63
86.5;0.479
87.0;1.482
87.5;1.239
88.0;0.894
88.5;0.894
89.0;0.34
89.5;0.649
90.0;0.751
90.5;0.906
91.0;0.369
91.5;0.971
92.0;0.805
92.5;0.651
93.0;1.301
93.5;1.329
94.0;1.902
94.5;1.567
95.0;1.065
95.5;2.65
96.0;1.408
96.5;1.633
97.0;1.709
97.5;4.04
98.0;1.243
98.5;0.614
99.0;1.936
99.5;1.886
100.0;2.364
100.5;0.854
101.0;1.61
101.5;2.431
102.0;1.558
102.5;1.188
103.0;0.901
103.5;1.903
104.0;0.411
104.5;0.478
105.0;0.896
105.5;0.487
106.0;1.256
106.5;0.463
107.0;0.155
107.5;1.379
108.0;0.428
108.5;0.66
109.0;2.001
109.5;1.863
110.0;1.571
110.5;1.374
111.0;1.042
111.5;0.922
112.0;0.8
112.5;0.954
113.0;0.886
113.5;0.89
114.0;1.336
114.5;1.915
115.0;2.61
115.5;1.815
116.0;1.799
116.5;1.683
117.0;1.081
117.5;1.686
118.0;1.245
118.5;1.146
119.0;1.486
119.5;1.38
120.0;0.783
120.5;1.086
121.0;0.74
121.5;1.654
122.0;1.663
122.5;1.49
123.0;0.764
123.5;0.34
124.0;0.439
124.5;0.951
125.0;0.771
125.5;0.49
126.0;1.067
126.5;1.316
127.0;0.842
127.5;0.902
128.0;1.26
128.5;0.749
129.0;0.243
129.5;0.484
130.0;0.458
130.5;0.667
131.0;1.374
131.5;1.568
132.0;1.254
132.5;1.576
133.0;1.172
133.5;1.03
134.0;1.698
134.5;1.078
135.0;1.336
135.5;1.027
136.0;1.282
136.5;1.127
137.0;1.109
137.5;0.891
138.0;1.049
138.5;0.993
139.0;0.103
139.5;0.608
140.0;0.825
140.5;0.732
141.0;0.412
141.5;1.135
142.0;0.565
142.5;0.458
143.0;1.08
143.5;1.117
144.0;1.124
144.5;1.578
145.0;0.976
145.5;0.703
146.0;0.504
146.5;0.898
147.0;0.536
147.5;1.095
148.0;0.731
148.5;0.694
149.0;1.765
149.5;1.007
150.0;0.306
150.5;0.4
151.0;0.741
151.5;0.831
152.0;0.95
152.5;0.921
153.0;0.687
153.5;0.66
154.0;0.715
154.5;1.636
155.0;1.082
155.5;1.663
156.0;1.944
156.5;1.366
157.0;0.985
157.5;1.623
158.0;1.106
158.5;1.4
159.0;0.893
159.5;1.306
160.0;1.823
160.5;2.233
161.0;1.36
161.5;1.295
162.0;1.235
162.5;1.964
163.0;0.446
163.5;0.831
164.0;1.264
164.5;0.41
165.0;0.851
165.5;0.735
166.0;1.277
166.5;0.802
167.0;0.318
167.5;1.633
168.0;0.649
168.5;0.657
169.0;1.094
169.5;2.345
170.0;0.883
170.5;1.15
171.0;1.026
171.5;0.568
172.0;0.774
172.5;1.564
173.0;1.369
173.5;2.335
174.0;1.887
174.5;2.09
175.0;1.447
175.5;2.736
176.0;1.018
176.5;1.792
177.0;1.893
177.5;2.329
178.0;1.266
178.5;1.462
179.0;1.928
179.5;1.87
180.0;1.161
180.5;2.166
181.0;2.899
181.5;1.664
182.0;1.965
182.5;2.155
183.0;2.307
183.5;2.026
184.0;3.089
184.5;4.268
185.0;2.557
185.5;6.394
186.0;2.554
186.5;3.17
187.0;3.614
187.5;4.304
188.0;4.292
188.5;3.452
189.0;4.026
189.5;5.258
190.0;4.755
190.5;5.479
191.0;5.775
191.5;5.267
192.0;6.482
192.5;4.875
193.0;6.114
193.5;6.843
194.0;8.946
194.5;9.384
195.0;11.643
195.5;13.317
196.0;24.227
196.5;17.232
197.0;40.431
197.5;43.194
198.0;15.114
198.5;6.572
199.0;3.196
199.5;3.791
200.0;1.497
200.5;0.52
201.0;2.888
201.5;3.295
202.0;1.886
202.5;3.633
203.0;4.924
203.5;3.056
204.0;1.822
204.5;2.508
205.0;4.034
205.5;3.431
206.0;1.704
206.5;3.967
207.0;4.1
207.5;4.431
208.0;3.824
208.5;4.469
209.0;4.978
209.5;4.827
210.0;2.234
210.5;3.285
211.0;3.558
211.5;2.343
212.0;1.346
212.5;2.427
213.0;2.407
213.5;1.759
214.0;1.112
214.5;2.089
215.0;1.991
215.5;1.21
216.0;0.974
216.5;1.042
217.0;2.068
217.5;0.677
218.0;1.511
218.5;1.803
219.0;0.797
219.5;1.224
220.0;1.444
220.5;1.743
221.0;1.262
221.5;1.216
222.0;2.569
222.5;2.425
223.0;0.574
223.5;1.292
224.0;2.58
224.5;2.56
225.0;2.014
225.5;2.323
226.0;2.568
226.5;2.326
227.0;1.644
227.5;1.581
228.0;2.221
228.5;4.379
229.0;2.456
229.5;1.475
230.0;0.349
230.5;0.265
231.0;0.491
231.5;1.351
232.0;0.586
232.5;0.389
233.0;0.834
233.5;0.344
234.0;1.252
234.5;0.323
235.0;1.735
235.5;1.347
236.0;2.322
236.5;1.177
237.0;1.324
237.5;1.351
238.0;1.542
238.5;1.353
239.0;1.226
239.5;0.8
240.0;1.316
240.5;1.421
241.0;2.745
241.5;1.497
242.0;1.812
242.5;1.397
243.0;1.684
243.5;2.146
244.0;1.916
244.5;1.537
245.0;0.93
245.5;1.021
246.0;0.868
246.5;1.094
247.0;1.11
247.5;1.109
248.0;0.452
248.5;0.385
249.0;0.188
249.5;0.404
250.0;0.207
250.5;1.901
251.0;1.181
251.5;1.303
252.0;0.472
252.5;0.486
253.0;2.157
253.5;1.443
254.0;1.443
254.5;0.104
255.0;0.334
255.5;1.1
256.0;0.193
256.5;0.621
257.0;0.728
257.5;0.274
258.0;0.303
258.5;0.5
259.0;0.459
259.5;0.578
260.0;0.864
260.5;1.994
261.0;1.114
261.5;1.357
262.0;0.28
262.5;1.09
263.0;1.191
263.5;0.395
264.0;1.848
264.5;1.418
265.0;1.669
265.5;0.472
266.0;0.799
266.5;1.173
267.0;1.394
267.5;0.527
268.0;0.779
268.5;2.136
269.0;0.965
269.5;0.912
270.0;2.584
270.5;2.407
271.0;1.126
271.5;0.819
272.0;1.214
272.5;0.443
273.0;1.258
273.5;1.582
274.0;2.64
274.5;3.553
275.0;3.722
275.5;2.282
276.0;1.01
276.5;0.584
277.0;3.655
277.5;2.161
278.0;0.994
278.5;2.087
279.0;2.331
279.5;1.112
280.0;1.275
280.5;4.156
281.0;5.267
281.5;4.324
282.0;0.94
282.5;4.656
283.0;3.701
283.5;2.028
284.0;1.457
284.5;3.408
285.0;0.79
285.5;1.592
286.0;1.662
286.5;2.164
287.0;3.251
287.5;2.28
288.0;5.201
288.5;8.604
289.0;5.409
289.5;6.876
290.0;16.549
290.5;15.3
291.0;1.131
291.5;16.071
292.0;22.758
292.5;10.334
293.0;18.54
293.5;36.536
294.0;39.673
294.5;81.472
295.0;116.326
295.5;50.598
296.0;39.635
296.5;21.291
297.0;8.029
297.5;19.936
298.0;15.601
298.5;2.555
299.0;10.447
299.5;10.542
300.0;6.448
300.5;5.401
301.0;6.88
301.5;5.488
302.0;3.095
302.5;7.153
303.0;4.7
303.5;2.417
304.0;3.401
304.5;1.449
305.0;5.228
305.5;2.916
306.0;3.369
306.5;5.024
307.0;4.831
307.5;1.739
308.0;4.72
308.5;8.913
309.0;5.361
309.5;1.715
310.0;3.026
310.5;3.882
311.0;1.36
311.5;1.129
312.0;3.945
312.5;3.052
313.0;1.098
313.5;2.034
314.0;2.757
314.5;4.753
315.0;4.945
315.5;1.366
316.0;1.157
316.5;2.184
317.0;1.432
317.5;1.684
318.0;2.117
318.5;1.841
319.0;0.692
319.5;0.528
320.0;0.975
320.5;0.47
321.0;1.28
321.5;0.577
322.0;1.017
322.5;1.649
323.0;1.572
323.5;1.842
324.0;1.591
324.5;0.548
325.0;2.851
325.5;3.375
326.0;1.771
326.5;1.752
327.0;2.683
327.5;1.083
328.0;1.423
328.5;1.078
329.0;2.651
329.5;2.472
330.0;1.972
330.5;0.315
331.0;0.448
331.5;1.229
332.0;1.049
332.5;1.817
333.0;2.115
333.5;1.938
334.0;1.485
334.5;0.745
335.0;2.511
335.5;0.723
336.0;0.903
336.5;0.59
337.0;1.015
337.5;0.862
338.0;0.357
338.5;2.111
339.0;0.679
339.5;1.853
340.0;1.711
340.5;1.926
341.0;3.793
341.5;2.058
342.0;2.227
342.5;0.8
343.0;0.785
343.5;3.672
344.0;3.166
344.5;2.874
345.0;1.789
345.5;1.548
346.0;0.931
346.5;2.283
347.0;1.626
347.5;1.242
348.0;2.947
348.5;2.464
349.0;0.856
349.5;4.207
350.0;2.908
350.5;5.524
351.0;1.165
351.5;1.976
352.0;2.265
352.5;2.296
353.0;2.017
353.5;1.89
354.0;1.01
354.5;1.846
355.0;1.357
355.5;2.125
356.0;3.552
356.5;3.249
357.0;2.023
357.5;2.4
358.0;2.805
358.5;3.132
359.0;3.519
359.5;2.758
360.0;4.184
360.5;2.466
361.0;1.192
361.5;4.044
362.0;0.562
362.5;2.957
363.0;1.783
363.5;1.91
364.0;2.898
364.5;0.392
365.0;4.102
365.5;1.352
366.0;2.567
366.5;3.386
367.0;0.442
367.5;2.446
368.0;2.446
368.5;0.48
369.0;1.03
369.5;2.044
370.0;2.023
370.5;2.443
371.0;1.173
371.5;1.329
372.0;2.613
372.5;0.85
373.0;0.954
373.5;1.116
374.0;2.271
374.5;1.049
375.0;4.801
375.5;1.893
376.0;1.782
376.5;5.486
377.0;2.793
377.5;4.883
378.0;5.154
378.5;1.805
379.0;7.43
379.5;4.951
380.0;2.807
380.5;5.867
381.0;4.37
381.5;1.816
382.0;2.835
382.5;3.71
383.0;2.591
383.5;3.779
384.0;8.307
384.5;3.162
385.0;8.163
385.5;9.538
386.0;4.268
386.5;10.705
387.0;11.564
387.5;4.713
388.0;9.978
388.5;4.329
389.0;4.419
389.5;6.328
390.0;2.91
390.5;7.181
391.0;6.86
391.5;4.889
392.0;3.528
392.5;16.255
393.0;50.85
393.5;38.533
394.0;65.661
394.5;29.882
395.0;29.625
395.5;19.069
396.0;8.068
396.5;16.91
397.0;7.53
397.5;10.41
398.0;14.796
398.5;1.606
399.0;14.221
399.5;9.433
400.0;4.248
400.5;11.082
401.0;5.006
401.5;5.457
402.0;7.195
402.5;0.098
403.0;4.614
403.5;3.98
404.0;1.543
404.5;3.291
405.0;2.194
405.5;0.547
406.0;3.837
406.5;2.174
407.0;0.784
407.5;2.911
408.0;1.786
408.5;0.535
409.0;3.492
409.5;2.44
410.0;1.915
410.5;3.566
411.0;2.312
411.5;2.111
412.0;3.819
412.5;2.631
413.0;0.809
413.5;4.184
414.0;1.655
414.5;2.589
415.0;1.721
415.5;2.62
416.0;1.362
416.5;2.168
417.0;2.141
417.5;1.066
418.0;2.904
418.5;4.41
419.0;0.669
419.5;3.786
420.0;2.996
420.5;1.519
421.0;3.815
421.5;3.043
422.0;3.206
422.5;2.863
423.0;2.36
423.5;1.787
424.0;2.691
424.5;1.677
425.0;0.981
425.5;1.723
426.0;1.219
426.5;1.212
427.0;1.664
427.5;0.883
428.0;1.623
428.5;1.409
429.0;0.992
429.5;1.825
430.0;1.842
430.5;1.039
431.0;0.188
431.5;1.314
432.0;1.897
432.5;0.738
433.0;2.191
433.5;3.029
434.0;1.887
434.5;3.48
435.0;2.804
435.5;2.105
436.0;3.378
436.5;2.152
437.0;1.583
437.5;1.772
438.0;0.869
438.5;0.886
439.0;1.387
439.5;1.62
440.0;1.84
440.5;1.514
441.0;3.779
441.5;7.19
442.0;26.082
442.5;31.887
443.0;7.738
443.5;4.305
444.0;5.103
444.5;2.574
445.0;3.518
445.5;1.921
446.0;1.661
446.5;3.255
447.0;1.368
447.5;1.146
448.0;0.352
448.5;1.076
449.0;0.561
449.5;0.638
450.0;0.915
450.5;0.942
451.0;1.578
451.5;1.325
452.0;1.283
452.5;0.936
453.0;1.105
453.5;1.231
454.0;1.185
454.5;0.336
455.0;0.323
455.5;1.483
456.0;1.183
456.5;1.106
457.0;1.116
457.5;1.063
458.0;1.303
458.5;0.616
459.0;0.415
459.5;0.712
460.0;1.315
460.5;0.841
461.0;0.559
461.5;0.303
462.0;1.103
462.5;1.538
463.0;0.54
463.5;1.124
464.0;1.118
464.5;0.65
465.0;1.242
465.5;0.452
466.0;1.474
466.5;1.164
467.0;0.419
467.5;0.92
468.0;0.438
468.5;1.229
469.0;0.809
469.5;0.47
470.0;1.394
470.5;0.615
471.0;1.679
471.5;0.972
472.0;1.01
472.5;1.652
473.0;1.628
473.5;1.119
474.0;1.655
474.5;1.216
475.0;0.779
475.5;1.48
476.0;1.344
476.5;0.747
477.0;0.794
477.5;1.445
478.0;1.004
478.5;1.31
479.0;1.223
479.5;0.655
480.0;1.196
480.5;1.154
481.0;1.072
481.5;1.977
482.0;0.566
482.5;1.911
483.0;1.79
483.5;1.629
484.0;1.99
484.5;0.666
485.0;0.986
485.5;0.952
486.0;0.07
486.5;0.424
487.0;0.361
487.5;1.872
488.0;1.485
488.5;1.434
489.0;1.592
489.5;1.19
490.0;0.643
490.5;1.157
491.0;0.998
491.5;0.744
492.0;0.45
492.5;0.8
493.0;0.952
493.5;0.914
494.0;0.919
494.5;1.113
495.0;0.63
495.5;0.614
496.0;0.423
496.5;0.437
497.0;0.666
497.5;0.228
498.0;0.958
498.5;0.139
499.0;0.421
499.5;0.29
500.0;0.807
500.5;0.293
501.0;0.933
501.5;1.431
502.0;1.285
502.5;1.404
503.0;1.65
503.5;1.524
504.0;0.937
504.5;0.346
505.0;0.914
505.5;0.405
506.0;0.47
506.5;0.636
507.0;1.042
507.5;1.539
508.0;1.128
508.5;0.474
509.0;0.131
509.5;0.391
510.0;0.277
510.5;1.098
511.0;1.703
511.5;1.453
512.0;2.093
512.5;1.237
513.0;1.785
513.5;1.981
514.0;1.295
514.5;1.621
515.0;0.654
515.5;0.418
516.0;0.057
516.5;0.774
517.0;1.072
517.5;1.021
518.0;1.549
518.5;1.334
519.0;0.818
519.5;0.451
520.0;0.785
520.5;0.419
521.0;0.719
521.5;0.751
522.0;0.925
522.5;1.389
523.0;1.208
523.5;2.012
524.0;1.251
524.5;1.241
525.0;0.727
525.5;0.732
526.0;1.198
526.5;1.285
527.0;0.989
527.5;2.26
528.0;1.553
528.5;1.89
529.0;1.631
529.5;1.828
530.0;1.369
530.5;0.62
531.0;0.281
531.5;0.369
532.0;0.613
532.5;1.696
533.0;2.067
533.5;1.934
534.0;1.088
534.5;1.011
535.0;0.725
535.5;0.421
536.0;0.346
536.5;0.73
537.0;2.127
537.5;1.952
538.0;2.255
538.5;2.844
539.0;1.932
539.5;2.44
540.0;2.081
540.5;2.016
541.0;1.195
541.5;0.99
542.0;1.475
542.5;2.081
543.0;2.215
543.5;2.128
544.0;2.078
544.5;2.118
545.0;1.991
545.5;2.047
546.0;1.625
546.5;1.528
547.0;2.688
547.5;3.408
548.0;3.378
548.5;3.493
549.0;3.099
549.5;2.469
550.0;2.631
550.5;1.834
551.0;1.079
551.5;0.662
552.0;1.142
552.5;1.723
553.0;2.544
553.5;3.274
554.0;3.472
554.5;3.19
555.0;2.635
555.5;1.716
556.0;1.624
556.5;2.019
557.0;1.877
557.5;2.388
558.0;2.67
558.5;3.418
559.0;2.78
559.5;3.201
560.0;1.798
560.5;0.989
561.0;0.744
561.5;0.408
562.0;1.29
562.5;2.199
563.0;3.631
563.5;2.933
564.0;3.103
564.5;2.957
565.0;2.484
565.5;0.902
566.0;0.199
566.5;2.025
567.0;2.972
567.5;3.555
568.0;4.678
568.5;5.099
569.0;4.926
569.5;4.276
570.0;3.29
570.5;1.466
571.0;1.092
571.5;2.759
572.0;4.109
572.5;5.688
573.0;6.913
573.5;8.197
574.0;7.986
574.5;8.268
575.0;6.33
575.5;4.372
576.0;2.481
576.5;1.967
577.0;4.827
577.5;7.253
578.0;9.202
578.5;10.406
579.0;10.412
579.5;10.746
580.0;10.77
580.5;8.684
581.0;6.196
581.5;4.104
582.0;6.564
582.5;9.657
583.0;12.77
583.5;15.55
584.0;17.479
584.5;18.359
585.0;18.05
585.5;13.662
586.0;8.018
586.5;2.316
587.0;9.958
587.5;19.598
588.0;29.872
588.5;42.8
589.0;53.848
589.5;63.846
590.0;74.506
590.5;74.544
591.0;93.048
591.5;86.532
592.0;87.747
592.5;83.379
593.0;77.664
593.5;69.553
594.0;60.489
594.5;50.042
595.0;38.908
595.5;27.928
596.0;18.049
596.5;10.638
597.0;10.89
597.5;14.865
598.0;19.102
598.5;21.669
599.0;23.075
599.5;22.85
600.0;20.498
600.5;17.045
601.0;13.849
601.5;10.194
602.0;8.735
602.5;8.476
603.0;9.98
603.5;11.186
604.0;12.155
604.5;11.657
605.0;10.442
605.5;9.193
606.0;6.781
606.5;4.298
607.0;3.544
607.5;4.988
608.0;7.452
608.5;8.922
609.0;10.837
609.5;11.551
610.0;11.644
610.5;10.4
611.0;8.696
611.5;6.793
612.0;4.727
612.5;2.696
613.0;2.051
613.5;3.508
614.0;5.543
614.5;6.583
615.0;7.291
615.5;7.793
616.0;7.396
616.5;6.387
617.0;4.818
617.5;3.64
618.0;2.344
618.5;1.381
619.0;1.895
619.5;2.827
620.0;3.267
620.5;3.783
621.0;3.442
621.5;3.571
622.0;2.579
622.5;1.865
623.0;0.852
623.5;0.138
624.0;1.23
624.5;1.818
625.0;2.655
625.5;2.597
626.0;2.646
626.5;2.554
627.0;2.315
627.5;1.529
628.0;0.883
628.5;0.983
629.0;1.809
629.5;1.614
630.0;1.993
630.5;2.272
631.0;1.929
631.5;1.673
632.0;1.631
632.5;1.226
633.0;1.022
633.5;1.056
634.0;1.326
634.5;1.818
635.0;2.155
635.5;2.39
636.0;2.392
636.5;1.926
637.0;1.415
637.5;1.155
638.0;0.586
638.5;0.286
639.0;0.937
639.5;1.526
640.0;1.548
640.5;1.745
641.0;1.757
641.5;2.116
642.0;1.996
642.5;1.757
643.0;1.587
643.5;1.224
644.0;1.764
644.5;2.06
645.0;2.061
645.5;2.411
646.0;2.633
646.5;1.977
647.0;2.41
647.5;2.383
648.0;1.79
648.5;1.616
649.0;1.96
649.5;1.165
650.0;0.883
650.5;0.834
651.0;0.538
651.5;0.422
652.0;0.645
652.5;1.222
653.0;1.451
653.5;1.171
654.0;1.715
654.5;1.661
655.0;1.324
655.5;1.521
656.0;0.8
656.5;0.775
657.0;0.992
657.5;0.508
658.0;0.882
658.5;0.675
659.0;0.67
659.5;1.264
660.0;0.823
660.5;1.211
661.0;0.805
661.5;0.523
662.0;0.517
662.5;0.468
663.0;0.985
663.5;1.11
664.0;1.411
664.5;1.935
665.0;1.585
665.5;1.548
666.0;1.463
666.5;1.084
667.0;0.589
667.5;0.764
668.0;0.584
668.5;0.741
669.0;1.118
669.5;2.096
670.0;1.447
670.5;1.817
671.0;2.251
671.5;1.324
672.0;1.563
672.5;1.38
673.0;0.759
673.5;0.955
674.0;0.673
674.5;0.279
675.0;0.189
675.5;0.208
676.0;0.441
676.5;0.093
677.0;0.47
677.5;0.48
678.0;0.997
678.5;1.315
679.0;1.03
679.5;1.557
680.0;1.982
680.5;1.681
681.0;1.498
681.5;1.666
682.0;1.217
682.5;1.535
683.0;1.585
683.5;1.218
684.0;1.413
684.5;1.906
685.0;1.469
685.5;1.529
686.0;2.126
686.5;1.383
687.0;1.529
687.5;1.028
688.0;0.269
688.5;0.411
689.0;0.278
689.5;0.879
690.0;1.124
690.5;0.82
691.0;1.011
691.5;0.881
692.0;0.625
692.5;0.543
693.0;0.245
693.5;0.22
694.0;0.98
694.5;1.156
695.0;1.384
695.5;1.39
696.0;1.482
696.5;1.476
697.0;1.5
697.5;1.135
698.0;1.415
698.5;0.815
699.0;0.639
699.5;0.733
700.0;0.382
700.5;0.318
701.0;0.272
701.5;0.753
702.0;0.893
702.5;1.164
703.0;1.014
703.5;0.766
704.0;0.781
704.5;0.812
705.0;1.077
705.5;1.493
706.0;1.33
706.5;1.147
707.0;1.367
707.5;0.665
708.0;0.638
708.5;1.323
709.0;1.143
709.5;1.193
710.0;1.412
710.5;1.621
711.0;1.449
711.5;1.723
712.0;1.366
712.5;1.043
713.0;1.213
713.5;0.62
714.0;0.546
714.5;0.456
715.0;0.749
715.5;0.582
716.0;0.394
716.5;1.01
717.0;0.938
717.5;0.759
718.0;1.029
718.5;0.33
719.0;0.342
719.5;0.445
720.0;0.064
720.5;0.467
721.0;0.385
721.5;0.533
722.0;0.869
722.5;0.552
723.0;0.736
723.5;0.794
724.0;0.135
724.5;0.5
725.0;0.617
725.5;0.821
726.0;0.59
726.5;1.438
727.0;1.061
727.5;0.853
728.0;1.903
728.5;1.489
729.0;1.46
729.5;1.374
730.0;0.66
730.5;1.046
731.0;0.824
731.5;0.297
732.0;0.303
732.5;0.325
733.0;0.43
733.5;0.409
734.0;0.294
734.5;1.161
735.0;0.5
735.5;0.776
736.0;0.986
736.5;1.152
737.0;1.102
737.5;1.471
738.0;1.762
738.5;1.337
739.0;2.16
739.5;2.172
740.0;2.089
740.5;2.488
741.0;2.309
741.5;2.037
742.0;2.366
742.5;2.198
743.0;1.77
743.5;1.983
744.0;1.517
744.5;1.295
745.0;1.129
745.5;1.465
746.0;1.647
746.5;0.848
747.0;1.478
747.5;1.618
748.0;1.08
748.5;1.391
749.0;1.62
749.5;1.429
750.0;1.873
750.5;1.865
751.0;1.242
751.5;2.086
752.0;1.762
752.5;1.571
753.0;1.794
753.5;1.942
754.0;1.392
754.5;1.514
755.0;1.224
755.5;1.15
756.0;1.259
756.5;0.952
757.0;0.286
757.5;0.527
758.0;0.165
758.5;0.671
759.0;0.786
759.5;0.731
760.0;1.283
760.5;1.357
761.0;1.185
761.5;2.052
762.0;1.972
762.5;1.411
763.0;2.188
763.5;2.092
764.0;1.109
764.5;1.626
765.0;1.712
765.5;1.284
766.0;1.336
766.5;2.056
767.0;1.955
767.5;1.075
768.0;2.241
768.5;2.046
769.0;1.111
769.5;1.812
770.0;1.728
770.5;0.675
771.0;0.963
771.5;2.137
772.0;1.176
772.5;1.092
773.0;2.241
773.5;1.787
774.0;0.487
774.5;2.516
775.0;0.978
775.5;2.307
776.0;3.094
776.5;1.188
777.0;5.174
777.5;4.199
778.0;3.823
778.5;7.194
779.0;5.434
779.5;5.161
780.0;8.563
780.5;7.665
781.0;7.179
781.5;10.442
782.0;12.219
782.5;11.247
783.0;14.421
783.5;16.594
784.0;13.409
784.5;17.971
785.0;20.994
785.5;13.332
786.0;19.567
786.5;19.351
787.0;8.232
787.5;23.778
788.0;20.763
788.5;20.734
789.0;21.901
789.5;17.886
790.0;7.406
790.5;31.654
791.0;19.132
791.5;17.224
792.0;21.408
792.5;17.419
793.0;16.624
793.5;18.38
794.0;14.74
794.5;13.47
795.0;13.764
795.5;11.333
796.0;9.556
796.5;9.743
797.0;8.358
797.5;6.448
798.0;6.707
798.5;6.713
799.0;4.921
799.5;4.306
800.0;4.991
800.5;3.616
801.0;2.454
801.5;2.634
802.0;2.72
802.5;1.985
803.0;2.304
803.5;2.718
804.0;2.606
804.5;2.654
805.0;3.041
805.5;2.441
806.0;2.219
806.5;2.364
807.0;1.134
807.5;0.789
808.0;1.314
808.5;0.689
809.0;0.26
809.5;0.65
810.0;0.942
810.5;0.911
811.0;1.277
811.5;1.632
812.0;1.435
812.5;1.744
813.0;1.902
813.5;2.192
814.0;2.26
814.5;1.847
815.0;2.404
815.5;2.546
816.0;2.309
816.5;2.355
817.0;2.09
817.5;1.846
818.0;1.643
818.5;1.515
819.0;0.919
819.5;1.253
820.0;0.937
820.5;0.905
821.0;1.019
821.5;0.945
822.0;1.139
822.5;1.528
823.0;1.462
823.5;1.572
824.0;1.724
824.5;2.317
825.0;2.157
825.5;2.061
826.0;2.113
826.5;2.303
827.0;2.248
827.5;1.595
828.0;1.589
828.5;1.753
829.0;1.466
829.5;1.28
830.0;1.437
830.5;1.619
831.0;1.408
831.5;1.629
832.0;1.107
832.5;1.186
833.0;1.265
833.5;1.037
834.0;0.615
834.5;0.578
835.0;0.714
835.5;0.477
836.0;0.645
836.5;0.658
837.0;0.721
837.5;0.462
838.0;0.573
838.5;0.646
839.0;0.217
839.5;0.066
840.0;0.412
840.5;0.854
841.0;0.572
841.5;0.976
842.0;1.392
842.5;1.274
843.0;1.309
843.5;1.263
844.0;1.11
844.5;1.713
845.0;1.422
845.5;1.083
846.0;1.431
846.5;1.193
847.0;1.332
847.5;1.292
848.0;1.002
848.5;1.325
849.0;1.076
849.5;0.779
850.0;0.944
850.5;0.697
851.0;0.571
851.5;0.626
852.0;0.377
852.5;0.216
853.0;0.152
853.5;0.281
854.0;0.484
854.5;0.511
855.0;0.763
855.5;0.944
856.0;0.56
856.5;0.841
857.0;1.115
857.5;0.867
858.0;0.743
858.5;1.014
859.0;1.5
859.5;1.053
860.0;0.878
860.5;1.019
861.0;0.648
861.5;0.7
862.0;0.434
862.5;0.517
863.0;0.348
863.5;0.319
864.0;0.584
864.5;0.487
865.0;0.996
865.5;1.089
866.0;1.066
866.5;1.294
867.0;1.225
867.5;1.035
868.0;1.27
868.5;1.396
869.0;1.05
869.5;0.861
870.0;1.383
870.5;1.782
871.0;1.573
871.5;1.284
872.0;1.632
872.5;1.526
873.0;1.303
873.5;0.9
874.0;1.311
874.5;1.095
875.0;0.848
875.5;0.52
876.0;0.079
876.5;0.606
877.0;1.202
877.5;0.868
878.0;0.705
878.5;0.82
879.0;0.697
879.5;1.48
880.0;2.202
880.5;1.151
881.0;1.186
881.5;1.849
882.0;2.194
882.5;2.57
883.0;3.173
883.5;2.603
884.0;3.341
884.5;9.287
885.0;12.807
885.5;7.527
886.0;8.029
886.5;4.445
887.0;2.938
887.5;1.12
888.0;0.435
888.5;1.335
889.0;1.391
889.5;1.592
890.0;1.151
890.5;1.062
891.0;1.026
891.5;1.481
892.0;1.172
892.5;0.799
893.0;0.542
893.5;1.324
894.0;1.343
894.5;0.813
895.0;0.527
895.5;0.541
896.0;0.579
896.5;0.349
897.0;0.076
897.5;0.197
898.0;0.182
898.5;0.502
899.0;0.914
899.5;0.712
900.0;0.602
900.5;1.173
901.0;1.519
901.5;1.498
902.0;0.926
902.5;0.951
903.0;1.326
903.5;1.557
904.0;0.996
904.5;0.992
905.0;1.143
905.5;1.152
906.0;0.924
906.5;0.619
907.0;0.749
907.5;1.082
908.0;0.624
908.5;0.578
909.0;0.306
909.5;0.422
910.0;0.34
910.5;0.256
911.0;0.347
911.5;0.296
912.0;0.241
912.5;0.54
913.0;0.433
913.5;0.482
914.0;0.829
914.5;0.361
915.0;0.266
915.5;0.714
916.0;0.703
916.5;0.528
917.0;0.396
917.5;0.328
918.0;0.425
918.5;0.551
919.0;0.209
919.5;0.176
920.0;0.153
920.5;0.114
921.0;0.4
921.5;0.371
922.0;0.469
922.5;0.684
923.0;0.845
923.5;0.683
924.0;0.623
924.5;0.681
925.0;0.679
925.5;0.81
926.0;0.55
926.5;0.364
927.0;0.514
927.5;0.758
928.0;0.411
928.5;0.423
929.0;0.491
929.5;0.155
930.0;0.216
930.5;0.33
931.0;0.121
931.5;0.278
932.0;0.198
932.5;0.198
933.0;0.075
933.5;0.386
934.0;0.63
934.5;0.721
935.0;0.798
935.5;0.789
936.0;0.757
936.5;0.87
937.0;0.763
937.5;0.912
938.0;0.946
938.5;0.933
939.0;0.763
939.5;0.528
940.0;0.417
940.5;0.497
941.0;0.234
941.5;0.225
942.0;0.33
942.5;0.177
943.0;0.159
943.5;0.399
944.0;0.167
944.5;0.183
945.0;0.184
945.5;0.127
946.0;0.147
946.5;0.318
947.0;0.243
947.5;0.661
948.0;0.552
948.5;0.687
949.0;0.651
949.5;0.518
950.0;0.766
950.5;0.722
951.0;0.448
951.5;0.595
952.0;0.381
952.5;0.256
953.0;0.435
953.5;0.12
954.0;0.171
954.5;0.144
955.0;0.042
955.5;0.277
956.0;0.458
956.5;0.34
957.0;0.458
957.5;0.592
958.0;0.467
958.5;0.41
959.0;0.728
959.5;0.586
960.0;0.803
960.5;0.755
961.0;0.678
961.5;0.82
962.0;0.911
962.5;0.747
963.0;0.68
963.5;0.676
964.0;0.497
964.5;0.606
965.0;0.456
965.5;0.467
966.0;0.568
966.5;0.449
967.0;0.438
967.5;0.469
968.0;0.197
968.5;0.197
969.0;0.376
969.5;0.292
970.0;0.481
970.5;0.657
971.0;0.364
971.5;0.339
972.0;0.486
972.5;0.49
973.0;0.741
973.5;0.729
974.0;0.646
974.5;0.609
975.0;0.517
975.5;0.278
976.0;0.226
976.5;0.418
977.0;0.574
977.5;0.514
978.0;0.629
978.5;0.65
979.0;0.544
979.5;0.729
980.0;0.884
980.5;0.695
981.0;0.688
981.5;0.679
982.0;0.855
982.5;0.995
983.0;0.923
983.5;1.054
984.0;1.475
984.5;1.55
985.0;2.741
985.5;2.446
986.0;2.393
986.5;1.882
987.0;1.47
987.5;1.342
988.0;1.021
988.5;0.894
989.0;0.967
989.5;1.004
990.0;1.196
990.5;1.195
991.0;1.206
991.5;1.22
992.0;1.311
992.5;1.212
993.0;1.103
993.5;1.197
994.0;0.99
994.5;0.57
995.0;0.409
995.5;0.419
996.0;0.188
996.5;0.292
997.0;0.06
997.5;0.164
998.0;0.332
998.5;0.205
999.0;0.161
999.5;0.216
1000.0;0.221
1000.5;0.459
1001.0;0.447
1001.5;0.548
1002.0;0.672
1002.5;0.813
1003.0;0.615
1003.5;0.322
1004.0;0.428
1004.5;0.478
1005.0;0.592
1005.5;0.429
1006.0;0.325
1006.5;0.373
1007.0;0.54
1007.5;0.707
1008.0;0.687
1008.5;0.622
1009.0;0.567
1009.5;0.327
1010.0;0.518
1010.5;0.428
1011.0;0.21
1011.5;0.227
1012.0;0.292
1012.5;0.372
1013.0;0.26
1013.5;0.308
1014.0;0.641
1014.5;0.517
1015.0;0.326
1015.5;0.37
1016.0;0.358
1016.5;0.156
1017.0;0.128
1017.5;0.325
1018.0;0.354
1018.5;0.437
1019.0;0.406
1019.5;0.562
1020.0;0.56
1020.5;0.442
1021.0;0.327
1021.5;0.249
1022.0;0.252
1022.5;0.202
1023.0;0.12
1023.5;0.229
1024.0;0.392
1024.5;0.257
1025.0;0.108
1025.5;0.215
1026.0;0.164
1026.5;0.09
1027.0;0.162
1027.5;0.294
1028.0;0.152
1028.5;0.231
1029.0;0.333
1029.5;0.433
1030.0;0.378
1030.5;0.359
1031.0;0.34
1031.5;0.155
1032.0;0.304
1032.5;0.344
1033.0;0.271
1033.5;0.318
1034.0;0.578
1034.5;0.49
1035.0;0.374
1035.5;0.631
1036.0;0.572
1036.5;0.621
1037.0;0.622
1037.5;0.336
1038.0;0.24
1038.5;0.136
1039.0;0.027
1039.5;0.091
1040.0;0.217
1040.5;0.311
1041.0;0.17
1041.5;0.235
1042.0;0.284
1042.5;0.118
1043.0;0.17
1043.5;0.152
1044.0;0.252
1044.5;0.286
1045.0;0.313
1045.5;0.342
1046.0;0.307
1046.5;0.231
1047.0;0.238
1047.5;0.23
1048.0;0.236
1048.5;0.325
1049.0;0.097
1049.5;0.17
1050.0;0.167
1050.5;0.152
1051.0;0.216
1051.5;0.312
1052.0;0.065
1052.5;0.26
1053.0;0.313
1053.5;0.119
1054.0;0.289
1054.5;0.442
1055.0;0.287
1055.5;0.286
1056.0;0.093
1056.5;0.255
1057.0;0.284
1057.5;0.389
1058.0;0.449
1058.5;0.348
1059.0;0.344
1059.5;0.376
1060.0;0.481
1060.5;0.377
1061.0;0.124
1061.5;0.153
1062.0;0.237
1062.5;0.166
1063.0;0.06
1063.5;0.248
1064.0;0.203
1064.5;0.312
1065.0;0.021
1065.5;0.074
1066.0;0.079
1066.5;0.091
1067.0;0.069
1067.5;0.247
1068.0;0.391
1068.5;0.511
1069.0;0.582
1069.5;0.52
1070.0;0.458
1070.5;0.556
1071.0;0.422
1071.5;0.236
1072.0;0.151
1072.5;0.143
1073.0;0.187
1073.5;0.378
1074.0;0.349
1074.5;0.466
1075.0;0.425
1075.5;0.287
1076.0;0.217
1076.5;0.334
1077.0;0.133
1077.5;0.035
1078.0;0.122
1078.5;0.249
1079.0;0.215
1079.5;0.261
1080.0;0.374
1080.5;0.465
1081.0;0.306
1081.5;0.207
1082.0;0.128
1082.5;0.26
1083.0;0.091
1083.5;0.139
1084.0;0.386
1084.5;0.428
1085.0;0.287
1085.5;0.351
1086.0;0.401
1086.5;0.455
1087.0;0.353
1087.5;0.247
1088.0;0.519
1088.5;0.482
1089.0;0.349
1089.5;0.413
1090.0;0.488
1090.5;0.574
1091.0;0.546
1091.5;0.344
1092.0;0.147
1092.5;0.183
1093.0;0.085
1093.5;0.265
1094.0;0.317
1094.5;0.305
1095.0;0.363
1095.5;0.484
1096.0;0.527
1096.5;0.463
1097.0;0.337
1097.5;0.351
1098.0;0.475
1098.5;0.6
1099.0;0.338
1099.5;0.449
1100.0;0.545
1100.5;0.505
1101.0;0.541
1101.5;0.484
1102.0;0.566
1102.5;0.489
1103.0;0.424
1103.5;0.304
1104.0;0.193
1104.5;0.156
1105.0;0.125
1105.5;0.164
1106.0;0.228
1106.5;0.305
1107.0;0.294
1107.5;0.166
1108.0;0.073
1108.5;0.146
1109.0;0.296
1109.5;0.302
1110.0;0.286
1110.5;0.527
1111.0;0.418
1111.5;0.536
1112.0;0.425
1112.5;0.274
1113.0;0.237
1113.5;0.358
1114.0;0.249
1114.5;0.154
1115.0;0.132
1115.5;0.26
1116.0;0.325
1116.5;0.29
1117.0;0.335
1117.5;0.3
1118.0;0.124
1118.5;0.246
1119.0;0.313
1119.5;0.203
1120.0;0.363
1120.5;0.36
1121.0;0.438
1121.5;0.585
1122.0;0.56
1122.5;0.423
1123.0;0.272
1123.5;0.272
1124.0;0.212
1124.5;0.114
1125.0;0.087
1125.5;0.113
1126.0;0.138
1126.5;0.191
1127.0;0.038
1127.5;0.057
1128.0;0.122
1128.5;0.071
1129.0;0.309
1129.5;0.232
1130.0;0.539
1130.5;0.492
1131.0;0.527
1131.5;0.567
1132.0;0.447
1132.5;0.332
1133.0;0.393
1133.5;0.069
1134.0;0.039
1134.5;0.319
1135.0;0.332
1135.5;0.35
1136.0;0.529
1136.5;0.58
1137.0;0.361
1137.5;0.481
1138.0;0.269
1138.5;0.142
1139.0;0.241
1139.5;0.164
1140.0;0.32
1140.5;0.421
1141.0;0.523
1141.5;0.392
1142.0;0.387
1142.5;0.362
1143.0;0.227
1143.5;0.137
1144.0;0.159
1144.5;0.014
1145.0;0.07
1145.5;0.265
1146.0;0.341
1146.5;0.336
1147.0;0.251
1147.5;0.322
1148.0;0.314
1148.5;0.309
1149.0;0.338
1149.5;0.007
1150.0;0.302
1150.5;0.469
1151.0;0.157
1151.5;0.133
1152.0;0.4
1152.5;0.434
1153.0;0.354
1153.5;0.137
1154.0;0.273
1154.5;0.444
1155.0;0.358
1155.5;0.33
1156.0;0.386
1156.5;0.487
1157.0;0.397
1157.5;0.365
1158.0;0.36
1158.5;0.276
1159.0;0.37
1159.5;0.409
1160.0;0.56
1160.5;0.544
1161.0;0.523
1161.5;0.774
1162.0;0.812
1162.5;0.757
1163.0;0.496
1163.5;0.226
1164.0;0.204
1164.5;0.431
1165.0;0.429
1165.5;0.439
1166.0;0.674
1166.5;0.561
1167.0;0.722
1167.5;0.707
1168.0;0.632
1168.5;0.374
1169.0;0.38
1169.5;0.501
1170.0;0.85
1170.5;0.969
1171.0;1.666
1171.5;1.52
1172.0;1.403
1172.5;1.446
1173.0;1.018
1173.5;1.301
1174.0;0.758
1174.5;0.341
1175.0;0.248
1175.5;0.598
1176.0;0.571
1176.5;0.944
1177.0;1.769
1177.5;2.082
1178.0;1.235
1178.5;1.17
1179.0;1.145
1179.5;0.239
1180.0;0.477
1180.5;1.117
1181.0;2.365
1181.5;1.92
1182.0;3.732
1182.5;6.27
1183.0;5.417
1183.5;6.235
1184.0;6.951
1184.5;4.396
1185.0;11.215
1185.5;3.651
1186.0;5.661
1186.5;2.897
1187.0;1.498
1187.5;2.42
1188.0;2.133
1188.5;1.139
1189.0;1.036
1189.5;1.726
1190.0;1.36
1190.5;1.13
1191.0;1.394
1191.5;1.386
1192.0;1.504
1192.5;1.149
1193.0;0.525
1193.5;0.227
1194.0;0.212
1194.5;0.143
1195.0;0.896
1195.5;0.644
1196.0;0.661
1196.5;0.574
1197.0;0.675
1197.5;0.795
1198.0;0.537
1198.5;0.302
1199.0;0.499
1199.5;0.299
1200.0;0.135
1200.5;0.351
1201.0;0.568
1201.5;0.65
1202.0;0.471
1202.5;0.416
1203.0;0.335
1203.5;0.485
1204.0;0.25
1204.5;0.117
1205.0;0.329
1205.5;0.261
1206.0;0.328
1206.5;0.251
1207.0;0.316
1207.5;0.254
1208.0;0.114
1208.5;0.062
1209.0;0.276
1209.5;0.044
1210.0;0.14
1210.5;0.166
1211.0;0.121
1211.5;0.124
1212.0;0.239
1212.5;0.116
1213.0;0.089
1213.5;0.106
1214.0;0.239
1214.5;0.166
1215.0;0.091
1215.5;0.129
1216.0;0.165
1216.5;0.164
1217.0;0.167
1217.5;0.07
1218.0;0.246
1218.5;0.128
1219.0;0.131
1219.5;0.323
1220.0;0.18
1220.5;0.239
1221.0;0.152
1221.5;0.433
1222.0;0.485
1222.5;0.293
1223.0;0.546
1223.5;0.26
1224.0;0.213
1224.5;0.273
1225.0;0.121
1225.5;0.195
1226.0;0.073
1226.5;0.082
1227.0;0.03
1227.5;0.322
1228.0;0.228
1228.5;0.177
1229.0;0.298
1229.5;0.252
1230.0;0.275
1230.5;0.359
1231.0;0.118
1231.5;0.139
1232.0;0.1
1232.5;0.028
1233.0;0.022
1233.5;0.138
1234.0;0.202
1234.5;0.123
1235.0;0.1
1235.5;0.103
1236.0;0.144
1236.5;0.132
1237.0;0.043
1237.5;0.055
1238.0;0.1
1238.5;0.055
1239.0;0.055
1239.5;0.072
1240.0;0.091
1240.5;0.263
1241.0;0.105
1241.5;0.009
1242.0;0.205
1242.5;0.297
1243.0;0.13
1243.5;0.207
1244.0;0.173
1244.5;0.267
1245.0;0.244
1245.5;0.223
1246.0;0.178
1246.5;0.338
1247.0;0.261
1247.5;0.295
1248.0;0.198
1248.5;0.039
1249.0;0.108
1249.5;0.104
1250.0;0.105
1250.5;0.105
1251.0;0.217
1251.5;0.165
1252.0;0.153
1252.5;0.157
1253.0;0.111
1253.5;0.134
1254.0;0.051
1254.5;0.294
1255.0;0.245
1255.5;0.093
1256.0;0.132
1256.5;0.065
1257.0;0.163
1257.5;0.047
1258.0;0.21
1258.5;0.263
1259.0;0.17
1259.5;0.33
1260.0;0.137
1260.5;0.226
1261.0;0.258
1261.5;0.169
1262.0;0.363
1262.5;0.386
1263.0;0.162
1263.5;0.37
1264.0;0.331
1264.5;0.095
1265.0;0.183
1265.5;0.162
1266.0;0.135
1266.5;0.163
1267.0;0.047
1267.5;0.254
1268.0;0.183
1268.5;0.186
1269.0;0.141
1269.5;0.142
1270.0;0.089
1270.5;0.092
1271.0;0.173
1271.5;0.224
1272.0;0.225
1272.5;0.105
1273.0;0.176
1273.5;0.267
1274.0;0.344
1274.5;0.45
1275.0;0.139
1275.5;0.234
1276.0;0.257
1276.5;0.265
1277.0;0.104
1277.5;0.124
1278.0;0.061
1278.5;0.07
1279.0;0.162
1279.5;0.199
1280.0;0.096
1280.5;0.014
1281.0;0.051
1281.5;0.069
1282.0;0.086
1282.5;0.122
1283.0;0.069
1283.5;0.06
1284.0;0.111
1284.5;0.138
1285.0;0.103
1285.5;0.18
1286.0;0.1
1286.5;0.098
1287.0;0.204
1287.5;0.061
1288.0;0.13
1288.5;0.118
1289.0;0.029
1289.5;0.075
1290.0;0.116
1290.5;0.365
1291.0;0.152
1291.5;0.4
1292.0;0.24
1292.5;0.063
1293.0;0.199
1293.5;0.355
1294.0;0.378
1294.5;0.177
1295.0;0.042
1295.5;0.058
1296.0;0.091
1296.5;0.026
1297.0;0.201
1297.5;0.201
1298.0;0.169
1298.5;0.075
1299.0;0.094
1299.5;0.21
1300.0;0.282
1300.5;0.158
1301.0;0.197
1301.5;0.253
1302.0;0.204
1302.5;0.216
1303.0;0.131
1303.5;0.233
1304.0;0.04
1304.5;0.141
1305.0;0.195
1305.5;0.248
1306.0;0.264
1306.5;0.218
1307.0;0.195
1307.5;0.243
1308.0;0.229
1308.5;0.226
1309.0;0.214
1309.5;0.171
1310.0;0.409
1310.5;0.181
1311.0;0.22
1311.5;0.067
1312.0;0.149
1312.5;0.148
1313.0;0.136
1313.5;0.169
1314.0;0.146
1314.5;0.273
1315.0;0.238
1315.5;0.166
1316.0;0.063
1316.5;0.218
1317.0;0.321
1317.5;0.215
1318.0;0.233
1318.5;0.253
1319.0;0.316
1319.5;0.344
1320.0;0.197
1320.5;0.209
1321.0;0.247
1321.5;0.045
1322.0;0.042
1322.5;0.264
1323.0;0.11
1323.5;0.131
1324.0;0.209
1324.5;0.263
1325.0;0.372
1325.5;0.281
1326.0;0.077
1326.5;0.104
1327.0;0.194
1327.5;0.273
1328.0;0.132
1328.5;0.175
1329.0;0.325
1329.5;0.346
1330.0;0.544
1330.5;0.251
1331.0;0.635
1331.5;1.155
1332.0;0.505
1332.5;0.308
1333.0;0.255
1333.5;0.281
1334.0;0.365
1334.5;0.233
1335.0;0.094
1335.5;0.088
1336.0;0.097
1336.5;0.099
1337.0;0.1
1337.5;0.139
1338.0;0.15
1338.5;0.061
1339.0;0.246
1339.5;0.224
1340.0;0.122
1340.5;0.171
1341.0;0.372
1341.5;0.203
1342.0;0.181
1342.5;0.189
1343.0;0.217
1343.5;0.093
1344.0;0.094
1344.5;0.045
1345.0;0.224
1345.5;0.013
1346.0;0.179
1346.5;0.091
1347.0;0.122
1347.5;0.09
1348.0;0.062
1348.5;0.132
1349.0;0.146
1349.5;0.311
1350.0;0.152
1350.5;0.121
1351.0;0.036
1351.5;0.157
1352.0;0.201
1352.5;0.138
1353.0;0.181
1353.5;0.356
1354.0;0.296
1354.5;0.299
1355.0;0.127
1355.5;0.193
1356.0;0.227
1356.5;0.168
1357.0;0.041
1357.5;0.214
1358.0;0.164
1358.5;0.072
1359.0;0.222
1359.5;0.191
1360.0;0.24
1360.5;0.358
1361.0;0.07
1361.5;0.154
1362.0;0.04
1362.5;0.035
1363.0;0.086
1363.5;0.202
1364.0;0.183
1364.5;0.213
1365.0;0.296
1365.5;0.248
1366.0;0.251
1366.5;0.183
1367.0;0.121
1367.5;0.099
1368.0;0.054
1368.5;0.205
1369.0;0.166
1369.5;0.169
1370.0;0.059
1370.5;0.329
1371.0;0.39
1371.5;0.249
1372.0;0.32
1372.5;0.231
1373.0;0.314
1373.5;0.211
1374.0;0.242
1374.5;0.232
1375.0;0.292
1375.5;0.233
1376.0;0.271
1376.5;0.437
1377.0;0.3
1377.5;0.397
1378.0;0.493
1378.5;0.542
1379.0;0.493
1379.5;0.446
1380.0;0.545
1380.5;0.476
1381.0;0.463
1381.5;0.498
1382.0;0.623
1382.5;1.274
1383.0;2.827
1383.5;0.571
1384.0;0.41
1384.5;0.419
1385.0;0.509
1385.5;0.528
1386.0;0.553
1386.5;0.574
1387.0;0.545
1387.5;0.441
1388.0;0.378
1388.5;0.403
1389.0;0.275
1389.5;0.336
1390.0;0.438
1390.5;0.243
1391.0;0.067
1391.5;0.155
1392.0;0.18
1392.5;0.313
1393.0;0.185
1393.5;0.232
1394.0;0.31
1394.5;0.221
1395.0;0.127
1395.5;0.183
1396.0;0.235
1396.5;0.369
1397.0;0.25
1397.5;0.233
1398.0;0.387
1398.5;0.328
1399.0;0.236
1399.5;0.344
1400.0;0.275
1400.5;0.128
1401.0;0.165
1401.5;0.285
1402.0;0.129
1402.5;0.208
1403.0;0.05
1403.5;0.042
1404.0;0.131
1404.5;0.094
1405.0;0.13
1405.5;0.179
1406.0;0.115
1406.5;0.263
1407.0;0.362
1407.5;0.246
1408.0;0.232
1408.5;0.299
1409.0;0.289
1409.5;0.338
1410.0;0.294
1410.5;0.238
1411.0;0.222
1411.5;0.22
1412.0;0.238
1412.5;0.058
1413.0;0.223
1413.5;0.259
1414.0;0.148
1414.5;0.099
1415.0;0.197
1415.5;0.11
1416.0;0.157
1416.5;0.304
1417.0;0.079
1417.5;0.065
1418.0;0.033
1418.5;0.108
1419.0;0.029
1419.5;0.082
1420.0;0.079
1420.5;0.052
1421.0;0.083
1421.5;0.146
1422.0;0.059
1422.5;0.066
1423.0;0.117
1423.5;0.046
1424.0;0.068
1424.5;0.089
1425.0;0.05
1425.5;0.058
1426.0;0.133
1426.5;0.107
1427.0;0.072
1427.5;0.106
1428.0;0.04
1428.5;0.17
1429.0;0.106
1429.5;0.053
1430.0;0.125
1430.5;0.184
1431.0;0.149
1431.5;0.35
1432.0;0.365
1432.5;0.195
1433.0;0.255
1433.5;0.278
1434.0;0.273
1434.5;0.246
1435.0;0.19
1435.5;0.125
1436.0;0.223
1436.5;0.132
1437.0;0.287
1437.5;0.128
1438.0;0.108
1438.5;0.057
1439.0;0.11
1439.5;0.083
1440.0;0.166
1440.5;0.206
1441.0;0.203
1441.5;0.083
1442.0;0.053
1442.5;0.207
1443.0;0.177
1443.5;0.177
1444.0;0.141
1444.5;0.168
1445.0;0.175
1445.5;0.188
1446.0;0.142
1446.5;0.088
1447.0;0.108
1447.5;0.198
1448.0;0.259
1448.5;0.224
1449.0;0.214
1449.5;0.197
1450.0;0.147
1450.5;0.341
1451.0;0.236
1451.5;0.203
1452.0;0.165
1452.5;0.014
1453.0;0.097
1453.5;0.116
1454.0;0.242
1454.5;0.192
1455.0;0.135
1455.5;0.184
1456.0;0.129
1456.5;0.158
1457.0;0.121
1457.5;0.035
1458.0;0.08
1458.5;0.203
1459.0;0.156
1459.5;0.219
1460.0;0.175
1460.5;0.194
1461.0;0.153
1461.5;0.053
1462.0;0.081
1462.5;0.15
1463.0;0.077
1463.5;0.083
1464.0;0.043
1464.5;0.038
1465.0;0.041
1465.5;0.171
1466.0;0.21
1466.5;0.259
1467.0;0.215
1467.5;0.226
1468.0;0.291
1468.5;0.192
1469.0;0.212
1469.5;0.215
1470.0;0.127
1470.5;0.188
1471.0;0.124
1471.5;0.311
1472.0;0.226
1472.5;0.205
1473.0;0.173
1473.5;0.169
1474.0;0.207
1474.5;0.394
1475.0;0.458
1475.5;0.397
1476.0;0.164
1476.5;0.458
1477.0;0.964
1477.5;0.889
1478.0;0.65
1478.5;0.601
1479.0;1.488
1479.5;2.65
1480.0;3.525
1480.5;3.524
1481.0;2.569
1481.5;1.802
1482.0;0.957
1482.5;0.422
1483.0;0.685
1483.5;0.585
1484.0;0.239
1484.5;0.22
1485.0;0.455
1485.5;0.372
1486.0;0.196
1486.5;0.123
1487.0;0.079
1487.5;0.217
1488.0;0.237
1488.5;0.212
1489.0;0.156
1489.5;0.129
1490.0;0.162
1490.5;0.192
1491.0;0.203
1491.5;0.071
1492.0;0.097
1492.5;0.13
1493.0;0.25
1493.5;0.13
1494.0;0.152
1494.5;0.046
1495.0;0.175
1495.5;0.152
1496.0;0.165
1496.5;0.106
1497.0;0.165
1497.5;0.173
1498.0;0.173
1498.5;0.334
1499.0;0.126
1499.5;0.068
1500.0;0.098
1500.5;0.135
1501.0;0.124
1501.5;0.162
1502.0;0.158
1502.5;0.173
1503.0;0.171
1503.5;0.123
1504.0;0.086
1504.5;0.05
1505.0;0.032
1505.5;0.111
1506.0;0.116
1506.5;0.108
1507.0;0.035
1507.5;0.017
1508.0;0.13
1508.5;0.118
1509.0;0.099
1509.5;0.1
1510.0;0.177
1510.5;0.203
1511.0;0.145
1511.5;0.063
1512.0;0.08
1512.5;0.081
1513.0;0.218
1513.5;0.132
1514.0;0.181
1514.5;0.073
1515.0;0.049
1515.5;0.161
1516.0;0.07
1516.5;0.133
1517.0;0.084
1517.5;0.037
1518.0;0.13
1518.5;0.076
1519.0;0.081
1519.5;0.01
1520.0;0.031
1520.5;0.084
1521.0;0.107
1521.5;0.064
1522.0;0.061
1522.5;0.024
1523.0;0.026
1523.5;0.032
1524.0;0.155
1524.5;0.019
1525.0;0.072
1525.5;0.042
1526.0;0.083
1526.5;0.123
1527.0;0.178
1527.5;0.154
1528.0;0.101
1528.5;0.131
1529.0;0.15
1529.5;0.154
1530.0;0.14
1530.5;0.101
1531.0;0.079
1531.5;0.066
1532.0;0.068
1532.5;0.055
1533.0;0.042
1533.5;0.044
1534.0;0.048
1534.5;0.011
1535.0;0.116
1535.5;0.121
1536.0;0.101
1536.5;0.11
1537.0;0.116
1537.5;0.148
1538.0;0.22
1538.5;0.174
1539.0;0.172
1539.5;0.151
1540.0;0.056
1540.5;0.134
1541.0;0.136
1541.5;0.227
1542.0;0.157
1542.5;0.063
1543.0;0.092
1543.5;0.077
1544.0;0.052
1544.5;0.109
1545.0;0.047
1545.5;0.044
1546.0;0.137
1546.5;0.119
1547.0;0.119
1547.5;0.008
1548.0;0.047
1548.5;0.215
1549.0;0.117
1549.5;0.124
1550.0;0.128
1550.5;0.148
1551.0;0.068
1551.5;0.158
1552.0;0.104
1552.5;0.016
1553.0;0.185
1553.5;0.189
1554.0;0.18
1554.5;0.159
1555.0;0.053
1555.5;0.143
1556.0;0.146
1556.5;0.064
1557.0;0.065
1557.5;0.108
1558.0;0.082
1558.5;0.078
1559.0;0.043
1559.5;0.132
1560.0;0.11
1560.5;0.12
1561.0;0.194
1561.5;0.059
1562.0;0.129
1562.5;0.123
1563.0;0.162
1563.5;0.189
1564.0;0.138
1564.5;0.102
1565.0;0.185
1565.5;0.15
1566.0;0.105
1566.5;0.077
1567.0;0.14
1567.5;0.006
1568.0;0.171
1568.5;0.067
1569.0;0.055
1569.5;0.024
1570.0;0.108
1570.5;0.14
1571.0;0.161
1571.5;0.106
1572.0;0.234
1572.5;0.168
1573.0;0.18
1573.5;0.222
1574.0;0.224
1574.5;0.291
1575.0;0.276
1575.5;0.173
1576.0;0.322
1576.5;0.154
1577.0;0.193
1577.5;0.241
1578.0;0.168
1578.5;0.314
1579.0;0.441
1579.5;0.203
1580.0;0.427
1580.5;0.657
1581.0;0.397
1581.5;1.155
1582.0;1.101
1582.5;1.913
1583.0;1.087
1583.5;1.82
1584.0;0.842
1584.5;0.678
1585.0;0.548
1585.5;0.65
1586.0;0.386
1586.5;0.544
1587.0;0.406
1587.5;0.481
1588.0;0.618
1588.5;0.331
1589.0;0.57
1589.5;0.521
1590.0;0.241
1590.5;0.475
1591.0;0.403
1591.5;0.234
1592.0;0.321
1592.5;0.323
1593.0;0.164
1593.5;0.349
1594.0;0.263
1594.5;0.104
1595.0;0.212
1595.5;0.215
1596.0;0.08
1596.5;0.233
1597.0;0.131
1597.5;0.055
1598.0;0.096
1598.5;0.084
1599.0;0.125
1599.5;0.154
1600.0;0.043
1600.5;0.076
1601.0;0.103
1601.5;0.042
1602.0;0.04
1602.5;0.098
1603.0;0.069
1603.5;0.09
1604.0;0.021
1604.5;0.052
1605.0;0.165
1605.5;0.044
1606.0;0.06
1606.5;0.135
1607.0;0.154
1607.5;0.104
1608.0;0.072
1608.5;0.144
1609.0;0.115
1609.5;0.159
1610.0;0.139
1610.5;0.041
1611.0;0.113
1611.5;0.108
1612.0;0.035
1612.5;0.103
1613.0;0.066
1613.5;0.076
1614.0;0.077
1614.5;0.054
1615.0;0.066
1615.5;0.031
1616.0;0.099
1616.5;0.015
1617.0;0.035
1617.5;0.067
1618.0;0.098
1618.5;0.11
1619.0;0.068
1619.5;0.015
1620.0;0.049
1620.5;0.064
1621.0;0.105
1621.5;0.04
1622.0;0.116
1622.5;0.096
1623.0;0.028
1623.5;0.085
1624.0;0.171
1624.5;0.103
1625.0;0.096
1625.5;0.084
1626.0;0.046
1626.5;0.057
1627.0;0.052
1627.5;0.127
1628.0;0.075
1628.5;0.104
1629.0;0.068
1629.5;0.057
1630.0;0.082
1630.5;0.096
1631.0;0.102
1631.5;0.068
1632.0;0.094
1632.5;0.03
1633.0;0.069
1633.5;0.099
1634.0;0.038
1634.5;0.02
1635.0;0.058
1635.5;0.056
1636.0;0.045
1636.5;0.043
1637.0;0.023
1637.5;0.157
1638.0;0.065
1638.5;0.117
1639.0;0.086
1639.5;0.043
1640.0;0.162
1640.5;0.068
1641.0;0.05
1641.5;0.07
1642.0;0.071
1642.5;0.089
1643.0;0.078
1643.5;0.089
1644.0;0.072
1644.5;0.048
1645.0;0.058
1645.5;0.083
1646.0;0.144
1646.5;0.042
1647.0;0.059
1647.5;0.092
1648.0;0.055
1648.5;0.099
1649.0;0.043
1649.5;0.058
1650.0;0.046
1650.5;0.068
1651.0;0.027
1651.5;0.036
1652.0;0.107
1652.5;0.132
1653.0;0.134
1653.5;0.113
1654.0;0.146
1654.5;0.1
1655.0;0.066
1655.5;0.087
1656.0;0.081
1656.5;0.043
1657.0;0.051
1657.5;0.02
1658.0;0.05
1658.5;0.064
1659.0;0.062
1659.5;0.054
1660.0;0.052
1660.5;0.036
1661.0;0.071
1661.5;0.05
1662.0;0.059
1662.5;0.034
1663.0;0.091
1663.5;0.022
1664.0;0.049
1664.5;0.15
1665.0;0.125
1665.5;0.17
1666.0;0.047
1666.5;0.046
1667.0;0.031
1667.5;0.09
1668.0;0.029
1668.5;0.084
1669.0;0.103
1669.5;0.109
1670.0;0.036
1670.5;0.004
1671.0;0.065
1671.5;0.12
1672.0;0.034
1672.5;0.076
1673.0;0.104
1673.5;0.049
1674.0;0.02
1674.5;0.063
1675.0;0.028
1675.5;0.066
1676.0;0.067
1676.5;0.039
1677.0;0.043
1677.5;0.067
1678.0;0.064
1678.5;0.034
1679.0;0.084
1679.5;0.063
1680.0;0.047
1680.5;0.049
1681.0;0.049
1681.5;0.087
1682.0;0.112
1682.5;0.052
1683.0;0.085
1683.5;0.077
1684.0;0.023
1684.5;0.065
1685.0;0.109
1685.5;0.074
1686.0;0.113
1686.5;0.105
1687.0;0.048
1687.5;0.081
1688.0;0.062
1688.5;0.108
1689.0;0.043
1689.5;0.114
1690.0;0.171
1690.5;0.144
1691.0;0.109
1691.5;0.082
1692.0;0.095
1692.5;0.078
1693.0;0.019
1693.5;0.024
1694.0;0.06
1694.5;0.065
1695.0;0.068
1695.5;0.027
1696.0;0.115
1696.5;0.108
1697.0;0.08
1697.5;0.037
1698.0;0.059
1698.5;0.094
1699.0;0.058
1699.5;0.066
1700.0;0.055
1700.5;0.08
1701.0;0.077
1701.5;0.04
1702.0;0.118
1702.5;0.028
1703.0;0.042
1703.5;0.063
1704.0;0.038
1704.5;0.063
1705.0;0.006
1705.5;0.051
1706.0;0.009
1706.5;0.072
1707.0;0.086
1707.5;0.083
1708.0;0.039
1708.5;0.057
1709.0;0.02
1709.5;0.046
1710.0;0.114
1710.5;0.114
1711.0;0.082
1711.5;0.091
1712.0;0.109
1712.5;0.079
1713.0;0.118
1713.5;0.099
1714.0;0.059
1714.5;0.102
1715.0;0.078
1715.5;0.059
1716.0;0.035
1716.5;0.057
1717.0;0.083
1717.5;0.072
1718.0;0.038
1718.5;0.037
1719.0;0.062
1719.5;0.071
1720.0;0.058
1720.5;0.047
1721.0;0.097
1721.5;0.07
1722.0;0.02
1722.5;0.056
1723.0;0.058
1723.5;0.062
1724.0;0.096
1724.5;0.132
1725.0;0.04
1725.5;0.028
1726.0;0.14
1726.5;0.047
1727.0;0.081
1727.5;0.098
1728.0;0.063
1728.5;0.086
1729.0;0.068
1729.5;0.063
1730.0;0.045
1730.5;0.058
1731.0;0.082
1731.5;0.024
1732.0;0.03
1732.5;0.017
1733.0;0.008
1733.5;0.05
1734.0;0.063
1734.5;0.025
1735.0;0.044
1735.5;0.062
1736.0;0.026
1736.5;0.046
1737.0;0.073
1737.5;0.093
1738.0;0.114
1738.5;0.088
1739.0;0.045
1739.5;0.016
1740.0;0.118
1740.5;0.137
1741.0;0.081
1741.5;0.046
1742.0;0.058
1742.5;0.05
1743.0;0.081
1743.5;0.069
1744.0;0.068
1744.5;0.032
1745.0;0.026
1745.5;0.053
1746.0;0.113
1746.5;0.126
1747.0;0.064
1747.5;0.086
1748.0;0.046
1748.5;0.11
1749.0;0.041
1749.5;0.063
1750.0;0.017
1750.5;0.052
1751.0;0.044
1751.5;0.073
1752.0;0.073
1752.5;0.064
1753.0;0.046
1753.5;0.082
1754.0;0.085
1754.5;0.054
1755.0;0.03
1755.5;0.075
1756.0;0.063
1756.5;0.104
1757.0;0.099
1757.5;0.083
1758.0;0.096
1758.5;0.087
1759.0;0.065
1759.5;0.084
1760.0;0.076
1760.5;0.014
1761.0;0.04
1761.5;0.026
1762.0;0.013
1762.5;0.061
1763.0;0.084
1763.5;0.098
1764.0;0.058
1764.5;0.079
1765.0;0.075
1765.5;0.01
1766.0;0.082
1766.5;0.067
1767.0;0.042
1767.5;0.05
1768.0;0.091
1768.5;0.14
1769.0;0.111
1769.5;0.016
1770.0;0.103
1770.5;0.205
1771.0;0.192
1771.5;0.023
1772.0;0.113
1772.5;0.211
1773.0;0.237
1773.5;0.139
1774.0;0.115
1774.5;0.097
1775.0;0.253
1775.5;0.259
1776.0;0.257
1776.5;0.275
1777.0;0.279
1777.5;0.287
1778.0;0.33
1778.5;0.27
1779.0;1.087
1779.5;1.62
1780.0;1.438
1780.5;1.292
1781.0;0.784
1781.5;0.369
1782.0;0.313
1782.5;0.474
1783.0;0.429
1783.5;0.219
1784.0;0.122
1784.5;0.211
1785.0;0.244
1785.5;0.231
1786.0;0.166
1786.5;0.113
1787.0;0.067
1787.5;0.138
1788.0;0.228
1788.5;0.133
1789.0;0.095
1789.5;0.123
1790.0;0.193
1790.5;0.162
1791.0;0.083
1791.5;0.021
1792.0;0.129
1792.5;0.098
1793.0;0.047
1793.5;0.062
1794.0;0.069
1794.5;0.08
1795.0;0.083
1795.5;0.107
1796.0;0.011
1796.5;0.045
1797.0;0.099
1797.5;0.065
1798.0;0.033
1798.5;0.082
1799.0;0.153
1799.5;0.144
1800.0;0.115
1800.5;0.049
1801.0;0.14
1801.5;0.064
1802.0;0.001
1802.5;0.037
1803.0;0.031
1803.5;0.014
1804.0;0.04
1804.5;0.019
1805.0;0.056
1805.5;0.027
1806.0;0.097
1806.5;0.082
1807.0;0.047
1807.5;0.012
1808.0;0.089
1808.5;0.047
1809.0;0.048
1809.5;0.074
1810.0;0.045
1810.5;0.032
1811.0;0.003
1811.5;0.087
1812.0;0.052
1812.5;0.052
1813.0;0.026
1813.5;0.032
1814.0;0.095
1814.5;0.058
1815.0;0.099
1815.5;0.135
1816.0;0.102
1816.5;0.059
1817.0;0.061
1817.5;0.029
1818.0;0.084
1818.5;0.072
1819.0;0.085
1819.5;0.089
1820.0;0.119
1820.5;0.005
1821.0;0.063
1821.5;0.067
1822.0;0.055
1822.5;0.102
1823.0;0.04
1823.5;0.028
1824.0;0.015
1824.5;0.022
1825.0;0.063
1825.5;0.131
1826.0;0.028
1826.5;0.026
1827.0;0.069
1827.5;0.084
1828.0;0.084
1828.5;0.07
1829.0;0.042
1829.5;0.11
1830.0;0.103
1830.5;0.062
1831.0;0.042
1831.5;0.09
1832.0;0.055
1832.5;0.074
1833.0;0.041
1833.5;0.052
1834.0;0.055
1834.5;0.143
1835.0;0.104
1835.5;0.072
1836.0;0.079
1836.5;0.035
1837.0;0.076
1837.5;0.019
1838.0;0.069
1838.5;0.046
1839.0;0.074
1839.5;0.071
1840.0;0.049
1840.5;0.052
1841.0;0.048
1841.5;0.047
1842.0;0.057
1842.5;0.091
1843.0;0.08
1843.5;0.055
1844.0;0.064
1844.5;0.066
1845.0;0.068
1845.5;0.066
1846.0;0.022
1846.5;0.06
1847.0;0.053
1847.5;0.08
1848.0;0.068
1848.5;0.011
1849.0;0.072
1849.5;0.01
1850.0;0.028
1850.5;0.031
1851.0;0.055
1851.5;0.025
1852.0;0.029
1852.5;0.07
1853.0;0.015
1853.5;0.033
1854.0;0.061
1854.5;0.066
1855.0;0.017
1855.5;0.058
1856.0;0.089
1856.5;0.052
1857.0;0.089
1857.5;0.107
1858.0;0.078
1858.5;0.089
1859.0;0.069
1859.5;0.081
1860.0;0.056
1860.5;0.06
1861.0;0.059
1861.5;0.081
1862.0;0.113
1862.5;0.054
1863.0;0.046
1863.5;0.034
1864.0;0.014
1864.5;0.091
1865.0;0.082
1865.5;0.016
1866.0;0.082
1866.5;0.09
1867.0;0.087
1867.5;0.134
1868.0;0.055
1868.5;0.102
1869.0;0.122
1869.5;0.06
1870.0;0.078
1870.5;0.027
1871.0;0.066
1871.5;0.035
1872.0;0.042
1872.5;0.011
1873.0;0.029
1873.5;0.017
1874.0;0.019
1874.5;0.037
1875.0;0.026
1875.5;0.067
1876.0;0.031
1876.5;0.008
1877.0;0.044
1877.5;0.023
1878.0;0.036
1878.5;0.079
1879.0;0.047
1879.5;0.064
1880.0;0.048
1880.5;0.069
1881.0;0.057
1881.5;0.069
1882.0;0.004
1882.5;0.052
1883.0;0.044
1883.5;0.086
1884.0;0.047
1884.5;0.068
1885.0;0.061
1885.5;0.091
1886.0;0.039
1886.5;0.051
1887.0;0.061
1887.5;0.051
1888.0;0.024
1888.5;0.033
1889.0;0.051
1889.5;0.065
1890.0;0.049
1890.5;0.029
1891.0;0.088
1891.5;0.052
1892.0;0.076
1892.5;0.069
1893.0;0.099
1893.5;0.081
1894.0;0.104
1894.5;0.055
1895.0;0.016
1895.5;0.08
1896.0;0.037
1896.5;0.07
1897.0;0.058
1897.5;0.046
1898.0;0.022
1898.5;0.045
1899.0;0.034
1899.5;0.019
1900.0;0.011
1900.5;0.043
1901.0;0.043
1901.5;0.059
1902.0;0.019
1902.5;0.013
1903.0;0.026
1903.5;0.003
1904.0;0.033
1904.5;0.06
1905.0;0.052
1905.5;0.003
1906.0;0.027
1906.5;0.03
1907.0;0.014
1907.5;0.044
1908.0;0.052
1908.5;0.034
1909.0;0.067
1909.5;0.036
1910.0;0.043
1910.5;0.013
1911.0;0.033
1911.5;0.027
1912.0;0.015
1912.5;0.027
1913.0;0.049
1913.5;0.032
1914.0;0.026
1914.5;0.026
1915.0;0.048
1915.5;0.051
1916.0;0.033
1916.5;0.016
1917.0;0.066
1917.5;0.01
1918.0;0.025
1918.5;0.064
1919.0;0.021
1919.5;0.04
1920.0;0.034
1920.5;0.047
1921.0;0.031
1921.5;0.046
1922.0;0.017
1922.5;0.026
1923.0;0.073
1923.5;0.045
1924.0;0.037
1924.5;0.032
1925.0;0.09
1925.5;0.088
1926.0;0.017
1926.5;0.053
1927.0;0.071
1927.5;0.128
1928.0;0.103
1928.5;0.052
1929.0;0.101
1929.5;0.049
1930.0;0.081
1930.5;0.014
1931.0;0.069
1931.5;0.075
1932.0;0.053
1932.5;0.025
1933.0;0.077
1933.5;0.027
1934.0;0.043
1934.5;0.043
1935.0;0.022
1935.5;0.028
1936.0;0.012
1936.5;0.046
1937.0;0.032
1937.5;0.039
1938.0;0.04
1938.5;0.009
1939.0;0.028
1939.5;0.056
1940.0;0.027
1940.5;0.019
1941.0;0.027
1941.5;0.075
1942.0;0.031
1942.5;0.02
1943.0;0.025
1943.5;0.042
1944.0;0.007
1944.5;0.03
1945.0;0.035
1945.5;0.034
1946.0;0.08
1946.5;0.068
1947.0;0.103
1947.5;0.066
1948.0;0.078
1948.5;0.059
1949.0;0.106
1949.5;0.085
1950.0;0.056
1950.5;0.074
1951.0;0.075
1951.5;0.041
1952.0;0.067
1952.5;0.058
1953.0;0.023
1953.5;0.031
1954.0;0.017
1954.5;0.038
1955.0;0.038
1955.5;0.044
1956.0;0.005
1956.5;0.039
1957.0;0.053
1957.5;0.036
1958.0;0.087
1958.5;0.053
1959.0;0.053
1959.5;0.064
1960.0;0.054
1960.5;0.073
1961.0;0.088
1961.5;0.046
1962.0;0.07
1962.5;0.045
1963.0;0.065
1963.5;0.107
1964.0;0.075
1964.5;0.029
1965.0;0.03
1965.5;0.043
1966.0;0.1
1966.5;0.01
1967.0;0.088
1967.5;0.085
1968.0;0.054
1968.5;0.082
1969.0;0.073
1969.5;0.076
1970.0;0.047
1970.5;0.058
1971.0;0.05
1971.5;0.054
1972.0;0.021
1972.5;0.045
1973.0;0.097
1973.5;0.017
1974.0;0.003
1974.5;0.105
1975.0;0.084
1975.5;0.026
1976.0;0.139
1976.5;0.107
1977.0;0.067
1977.5;0.096
1978.0;0.072
1978.5;0.085
1979.0;0.068
1979.5;0.18
1980.0;0.127
1980.5;0.125
1981.0;0.218
1981.5;0.173
1982.0;0.131
1982.5;0.211
1983.0;0.033
1983.5;0.204
1984.0;0.557
1984.5;1.07
1985.0;0.53
1985.5;0.272
1986.0;0.132
1986.5;0.203
1987.0;0.043
1987.5;0.146
1988.0;0.066
1988.5;0.055
1989.0;0.057
1989.5;0.071
1990.0;0.099
1990.5;0.039
1991.0;0.126
1991.5;0.061
1992.0;0.034
1992.5;0.073
1993.0;0.058
1993.5;0.003
1994.0;0.028
1994.5;0.145
1995.0;0.045
1995.5;0.057
1996.0;0.149
1996.5;0.048
1997.0;0.092
1997.5;0.09
1998.0;0.043
1998.5;0.02
1999.0;0.071
1999.5;0.104
2000.0;0.074
2000.5;0.044
2001.0;0.021
2001.5;0.026
2002.0;0.025
2002.5;0.051
2003.0;0.022
2003.5;0.034
2004.0;0.063
2004.5;0.049
2005.0;0.052
2005.5;0.048
2006.0;0.056
2006.5;0.048
2007.0;0.084
2007.5;0.056
2008.0;0.059
2008.5;0.065
2009.0;0.03
2009.5;0.052
2010.0;0.076
2010.5;0.063
2011.0;0.057
2011.5;0.063
2012.0;0.074
2012.5;0.085
2013.0;0.077
2013.5;0.014
2014.0;0.09
2014.5;0.037
2015.0;0.035
2015.5;0.025
2016.0;0.053
2016.5;0.048
2017.0;0.037
2017.5;0.036
2018.0;0.018
2018.5;0.018
2019.0;0.052
2019.5;0.052
2020.0;0.044
2020.5;0.026
2021.0;0.069
2021.5;0.057
2022.0;0.077
2022.5;0.067
2023.0;0.049
2023.5;0.058
2024.0;0.036
2024.5;0.026
2025.0;0.038
2025.5;0.013
2026.0;0.053
2026.5;0.031
2027.0;0.041
2027.5;0.057
2028.0;0.043
2028.5;0.082
2029.0;0.072
2029.5;0.025
2030.0;0.058
2030.5;0.009
2031.0;0.033
2031.5;0.055
2032.0;0.029
2032.5;0.048
2033.0;0.019
2033.5;0.042
2034.0;0.065
2034.5;0.03
2035.0;0.006
2035.5;0.081
2036.0;0.071
2036.5;0.061
2037.0;0.023
2037.5;0.013
2038.0;0.037
2038.5;0.035
2039.0;0.028
2039.5;0.061
2040.0;0.029
2040.5;0.036
2041.0;0.009
2041.5;0.031
2042.0;0.035
2042.5;0.028
2043.0;0.028
2043.5;0.06
2044.0;0.044
2044.5;0.075
2045.0;0.06
2045.5;0.072
2046.0;0.045
2046.5;0.055
2047.0;0.115
2047.5;0.063
2048.0;0.002
2048.5;0.052
2049.0;0.033
2049.5;0.024
2050.0;0.024
2050.5;0.042
2051.0;0.009
2051.5;0.018
2052.0;0.013
2052.5;0.024
2053.0;0.032
2053.5;0.029
2054.0;0.017
2054.5;0.043
2055.0;0.077
2055.5;0.043
2056.0;0.042
2056.5;0.064
2057.0;0.059
2057.5;0.06
2058.0;0.068
2058.5;0.052
2059.0;0.009
2059.5;0.041
2060.0;0.033
2060.5;0.039
2061.0;0.058
2061.5;0.074
2062.0;0.06
2062.5;0.081
2063.0;0.011
2063.5;0.023
2064.0;0.02
2064.5;0.025
2065.0;0.033
2065.5;0.021
2066.0;0.031
2066.5;0.032
2067.0;0.062
2067.5;0.01
2068.0;0.016
2068.5;0.052
2069.0;0.055
2069.5;0.03
2070.0;0.026
2070.5;0.05
2071.0;0.019
2071.5;0.025
2072.0;0.057
2072.5;0.026
2073.0;0.03
2073.5;0.041
2074.0;0.026
2074.5;0.012
2075.0;0.048
2075.5;0.042
2076.0;0.012
2076.5;0.014
2077.0;0.099
2077.5;0.083
2078.0;0.061
2078.5;0.044
2079.0;0.1
2079.5;0.088
2080.0;0.201
2080.5;0.402
2081.0;0.552
2081.5;0.64
2082.0;0.556
2082.5;0.343
2083.0;0.146
2083.5;0.103
2084.0;0.172
2084.5;0.139
2085.0;0.043
2085.5;0.055
2086.0;0.125
2086.5;0.1
2087.0;0.076
2087.5;0.1
2088.0;0.106
2088.5;0.036
2089.0;0.03
2089.5;0.037
2090.0;0.061
2090.5;0.041
2091.0;0.072
2091.5;0.12
2092.0;0.066
2092.5;0.032
2093.0;0.059
2093.5;0.073
2094.0;0.023
2094.5;0.047
2095.0;0.094
2095.5;0.061
2096.0;0.045
2096.5;0.046
2097.0;0.11
2097.5;0.087
2098.0;0.002
2098.5;0.058
2099.0;0.049
2099.5;0.039
2100.0;0.058
2100.5;0.106
2101.0;0.09
2101.5;0.029
2102.0;0.039
2102.5;0.073
2103.0;0.087
2103.5;0.048
2104.0;0.051
2104.5;0.135
2105.0;0.079
2105.5;0.048
2106.0;0.04
2106.5;0.076
2107.0;0.064
2107.5;0.027
2108.0;0.034
2108.5;0.072
2109.0;0.07
2109.5;0.049
2110.0;0.021
2110.5;0.075
2111.0;0.021
2111.5;0.043
2112.0;0.031
2112.5;0.062
2113.0;0.022
2113.5;0.031
2114.0;0.016
2114.5;0.04
2115.0;0.048
2115.5;0.052
2116.0;0.017
2116.5;0.062
2117.0;0.067
2117.5;0.062
2118.0;0.054
2118.5;0.031
2119.0;0.073
2119.5;0.042
2120.0;0.064
2120.5;0.061
2121.0;0.072
2121.5;0.091
2122.0;0.049
2122.5;0.045
2123.0;0.048
2123.5;0.065
2124.0;0.039
2124.5;0.031
2125.0;0.088
2125.5;0.019
2126.0;0.031
2126.5;0.026
2127.0;0.014
2127.5;0.054
2128.0;0.059
2128.5;0.036
2129.0;0.06
2129.5;0.038
2130.0;0.039
2130.5;0.034
2131.0;0.04
2131.5;0.02
2132.0;0.008
2132.5;0.035
2133.0;0.044
2133.5;0.028
2134.0;0.045
2134.5;0.029
2135.0;0.032
2135.5;0.03
2136.0;0.033
2136.5;0.04
2137.0;0.027
2137.5;0.029
2138.0;0.031
2138.5;0.072
2139.0;0.033
2139.5;0.047
2140.0;0.02
2140.5;0.056
2141.0;0.057
2141.5;0.057
2142.0;0.06
2142.5;0.07
2143.0;0.057
2143.5;0.085
2144.0;0.027
2144.5;0.041
2145.0;0.048
2145.5;0.032
2146.0;0.031
2146.5;0.035
2147.0;0.034
2147.5;0.054
2148.0;0.031
2148.5;0.005
2149.0;0.017
2149.5;0.057
2150.0;0.015
2150.5;0.034
2151.0;0.057
2151.5;0.04
2152.0;0.017
2152.5;0.03
2153.0;0.02
2153.5;0.025
2154.0;0.022
2154.5;0.037
2155.0;0.028
2155.5;0.036
2156.0;0.018
2156.5;0.011
2157.0;0.028
2157.5;0.038
2158.0;0.036
2158.5;0.036
2159.0;0.049
2159.5;0.013
2160.0;0.017
2160.5;0.029
2161.0;0.048
2161.5;0.042
2162.0;0.033
2162.5;0.041
2163.0;0.035
2163.5;0.047
2164.0;0.04
2164.5;0.059
2165.0;0.046
2165.5;0.024
2166.0;0.055
2166.5;0.082
2167.0;0.05
2167.5;0.048
2168.0;0.064
2168.5;0.071
2169.0;0.07
2169.5;0.024
2170.0;0.02
2170.5;0.059
2171.0;0.047
2171.5;0.068
2172.0;0.114
2172.5;0.072
2173.0;0.092
2173.5;0.068
2174.0;0.104
2174.5;0.097
2175.0;0.098
2175.5;0.09
2176.0;0.016
2176.5;0.016
2177.0;0.06
2177.5;0.133
2178.0;0.072
2178.5;0.059
2179.0;0.09
2179.5;0.083
2180.0;0.072
2180.5;0.047
2181.0;0.02
2181.5;0.028
2182.0;0.041
2182.5;0.046
2183.0;0.044
2183.5;0.028
2184.0;0.049
2184.5;0.084
2185.0;0.051
2185.5;0.117
2186.0;0.051
2186.5;0.129
2187.0;0.115
2187.5;0.085
2188.0;0.009
2188.5;0.276
2189.0;0.14
2189.5;0.045
2190.0;0.054
2190.5;0.077
2191.0;0.096
2191.5;0.068
2192.0;0.086
2192.5;0.085
2193.0;0.076
2193.5;0.037
2194.0;0.07
2194.5;0.055
2195.0;0.073
2195.5;0.071
2196.0;0.063
2196.5;0.045
2197.0;0.04
2197.5;0.104
2198.0;0.102
2198.5;0.104
2199.0;0.075
2199.5;0.033
2200.0;0.045
2200.5;0.036
2201.0;0.033
2201.5;0.042
2202.0;0.027
2202.5;0.029
2203.0;0.047
2203.5;0.062
2204.0;0.08
2204.5;0.039
2205.1;0.05
2205.6;0.061
2206.1;0.049
2206.6;0.012
2207.1;0.026
2207.6;0.045
2208.1;0.046
2208.6;0.012
2209.1;0.057
2209.6;0.043
2210.1;0.014
2210.6;0.008
2211.1;0.04
2211.6;0.034
2212.1;0.006
2212.6;0.007
2213.1;0.016
2213.6;0.031
2214.1;0.021
2214.6;0.031
2215.1;0.042
2215.6;0.015
2216.1;0.032
2216.6;0.06
2217.1;0.071
2217.6;0.05
2218.1;0.062
2218.6;0.023
2219.1;0.026
2219.6;0.047
2220.1;0.041
2220.6;0.053
2221.1;0.062
2221.6;0.057
2222.1;0.03
2222.6;0.004
2223.1;0.018
2223.6;0.064
2224.1;0.06
2224.6;0.045
2225.1;0.005
2225.6;0.011
2226.1;0.034
2226.6;0.053
2227.1;0.071
2227.6;0.082
2228.1;0.029
2228.6;0.061
2229.1;0.03
2229.6;0.05
2230.1;0.086
2230.6;0.071
2231.1;0.073
2231.6;0.111
2232.1;0.35
2232.6;0.123
2233.1;0.101
2233.6;0.093
2234.1;0.062
2234.6;0.046
2235.1;0.104
2235.6;0.06
2236.1;0.029
2236.6;0.024
2237.1;0.041
2237.6;0.026
2238.1;0.043
2238.6;0.074
2239.1;0.076
2239.6;0.097
2240.1;0.081
2240.6;0.063
2241.1;0.041
2241.6;0.043
2242.1;0.044
2242.6;0.048
2243.1;0.012
2243.6;0.061
2244.1;0.077
2244.6;0.088
2245.1;0.026
2245.6;0.054
2246.1;0.06
2246.6;0.008
2247.1;0.007
2247.6;0.016
2248.1;0.039
2248.6;0.046
2249.1;0.061
2249.6;0.025
2250.1;0.028
2250.6;0.017
2251.1;0.03
2251.6;0.069
2252.1;0.032
2252.6;0.023
2253.1;0.03
2253.6;0.092
2254.1;0.042
2254.6;0.048
2255.1;0.1
2255.6;0.034
2256.1;0.04
2256.6;0.043
2257.1;0.047
2257.6;0.047
2258.1;0.047
2258.6;0.04
2259.1;0.056
2259.6;0.057
2260.1;0.015
2260.6;0.028
2261.1;0.062
2261.6;0.036
2262.1;0.074
2262.6;0.045
2263.1;0.071
2263.6;0.041
2264.1;0.041
2264.6;0.064
2265.1;0.039
2265.6;0.06
2266.1;0.036
2266.6;0.039
2267.1;0.051
2267.6;0.043
2268.1;0.013
2268.6;0.028
2269.1;0.048
2269.6;0.072
2270.1;0.056
2270.6;0.052
2271.1;0.033
2271.6;0.043
2272.1;0.028
2272.6;0.017
2273.1;0.027
2273.6;0.033
2274.1;0.043
2274.6;0.034
2275.1;0.057
2275.6;0.012
2276.1;0.011
2276.6;0.033
2277.1;0.037
2277.6;0.068
2278.1;0.018
2278.6;0.021
2279.1;0.032
2279.6;0.035
2280.1;0.044
2280.6;0.051
2281.1;0.037
2281.6;0.046
2282.1;0.005
2282.6;0.049
2283.1;0.045
2283.6;0.025
2284.1;0.023
2284.6;0.06
2285.1;0.041
2285.6;0.03
2286.1;0.044
2286.6;0.04
2287.1;0.046
2287.6;0.043
2288.1;0.023
2288.6;0.053
2289.1;0.052
2289.6;0.034
2290.1;0.041
2290.6;0.03
2291.1;0.052
2291.6;0.05
2292.1;0.033
2292.6;0.025
2293.1;0.048
2293.6;0.041
2294.1;0.04
2294.6;0.01
2295.1;0.024
2295.6;0.027
2296.1;0.042
2296.6;0.01
2297.1;0.013
2297.6;0.043
2298.1;0.035
2298.6;0.028
2299.1;0.03
2299.6;0.043
2300.1;0.039
2300.6;0.02
2301.1;0.02
2301.6;0.025
2302.1;0.012
2302.6;0.014
2303.1;0.034
2303.6;0.039
2304.1;0.045
2304.6;0.011
2305.1;0.027
2305.6;0.02
2306.1;0.018
2306.6;0.034
2307.1;0.028
2307.6;0.022
2308.1;0.036
2308.6;0.04
2309.1;0.006
2309.6;0.059
2310.1;0.024
2310.6;0.043
2311.1;0.044
2311.6;0.034
2312.1;0.018
2312.6;0.006
2313.1;0.041
2313.6;0.039
2314.1;0.007
2314.6;0.047
2315.1;0.041
2315.6;0.058
2316.1;0.05
2316.6;0.072
2317.1;0.031
2317.6;0.025
2318.1;0.01
2318.6;0.045
2319.1;0.031
2319.6;0.04
2320.1;0.042
2320.6;0.046
2321.1;0.052
2321.6;0.05
2322.1;0.045
2322.6;0.042
2323.1;0.037
2323.6;0.04
2324.1;0.05
2324.6;0.048
2325.1;0.037
2325.6;0.059
2326.1;0.045
2326.6;0.055
2327.1;0.039
2327.6;0.011
2328.1;0.003
2328.6;0.024
2329.1;0.031
2329.6;0.051
2330.1;0.038
2330.6;0.053
2331.1;0.039
2331.6;0.057
2332.1;0.031
2332.6;0.06
2333.1;0.051
2333.6;0.049
2334.1;0.076
2334.6;0.031
2335.1;0.021
2335.6;0.036
2336.1;0.007
2336.6;0.025
2337.1;0.024
2337.6;0.028
2338.1;0.034
2338.6;0.01
2339.1;0.014
2339.6;0.01
2340.1;0.01
2340.6;0.016
2341.1;0.032
2341.6;0.063
2342.1;0.045
2342.6;0.041
2343.1;0.033
2343.6;0.065
2344.1;0.089
2344.6;0.08
2345.1;0.077
2345.6;0.04
2346.1;0.051
2346.6;0.057
2347.1;0.033
2347.6;0.038
2348.1;0.019
2348.6;0.017
2349.1;0.016
2349.6;0.035
2350.1;0.039
2350.6;0.033
2351.1;0.061
2351.6;0.072
2352.1;0.053
2352.6;0.073
2353.1;0.063
2353.6;0.05
2354.1;0.09
2354.6;0.054
2355.1;0.046
2355.6;0.041
2356.1;0.038
2356.6;0.067
2357.1;0.061
2357.6;0.063
2358.1;0.039
2358.6;0.042
2359.1;0.006
2359.6;0.012
2360.1;0.019
2360.6;0.044
2361.1;0.047
2361.6;0.015
2362.1;0.038
2362.6;0.045
2363.1;0.053
2363.6;0.034
2364.1;0.059
2364.6;0.079
2365.1;0.092
2365.6;0.052
2366.1;0.09
2366.6;0.091
2367.1;0.113
2367.6;0.131
2368.1;0.196
2368.6;0.163
2369.1;0.166
2369.6;0.128
2370.1;0.097
2370.6;0.154
2371.1;0.154
2371.6;0.133
2372.1;0.123
2372.6;0.093
2373.1;0.086
2373.6;0.057
2374.1;0.052
2374.6;0.086
2375.1;0.066
2375.6;0.012
2376.1;0.03
2376.6;0.057
2377.1;0.051
2377.6;0.063
2378.1;0.094
2378.6;0.109
2379.1;0.161
2379.6;0.149
2380.1;0.138
2380.6;0.154
2381.1;0.119
2381.6;0.138
2382.1;0.124
2382.6;0.076
2383.1;0.045
2383.6;0.122
2384.1;0.168
2384.6;0.281
2385.1;0.332
2385.6;0.315
2386.1;0.373
2386.6;0.392
2387.1;0.352
2387.6;0.316
2388.1;0.268
2388.6;0.398
2389.1;0.17
2389.6;0.323
2390.1;0.09
2390.6;0.249
2391.1;0.101
2391.6;0.184
2392.1;0.091
2392.6;0.32
2393.1;0.256
2393.6;0.078
2394.1;0.116
2394.6;0.133
2395.1;0.082
2395.6;0.109
2396.1;0.091
2396.6;0.076
2397.1;0.044
2397.6;0.021
2398.1;0.031
2398.6;0.018
2399.1;0.027
2399.6;0.036
2400.1;0.029
2400.6;0.036
2401.1;0.014
2401.6;0.046
2402.1;0.064
2402.6;0.046
2403.1;0.103
2403.6;0.079
2404.1;0.092
2404.6;0.12
2405.1;0.045
2405.6;0.055
2406.1;0.072
2406.6;0.043
2407.1;0.04
2407.6;0.018
2408.1;0.046
2408.6;0.054
2409.1;0.048
2409.6;0.059
2410.1;0.05
2410.6;0.064
2411.1;0.106
2411.6;0.077
2412.1;0.076
2412.6;0.071
2413.1;0.067
2413.6;0.055
2414.1;0.063
2414.6;0.033
2415.1;0.047
2415.6;0.019
2416.1;0.04
2416.6;0.025
2417.1;0.037
2417.6;0.02
2418.1;0.011
2418.6;0.031
2419.1;0.02
2419.6;0.03
2420.1;0.023
2420.6;0.019
2421.1;0.025
2421.6;0.029
2422.1;0.053
2422.6;0.038
2423.1;0.034
2423.6;0.058
2424.1;0.05
2424.6;0.084
2425.1;0.072
2425.6;0.02
2426.1;0.053
2426.6;0.071
2427.1;0.035
2427.6;0.066
2428.1;0.06
2428.6;0.022
2429.1;0.098
2429.6;0.055
2430.1;0.057
2430.6;0.047
2431.1;0.061
2431.6;0.053
2432.1;0.029
2432.6;0.029
2433.1;0.021
2433.6;0.029
2434.1;0.04
2434.6;0.005
2435.1;0.024
2435.6;0.025
2436.1;0.023
2436.6;0.016
2437.1;0.016
2437.6;0.035
2438.1;0.028
2438.6;0.044
2439.1;0.041
2439.6;0.053
2440.1;0.039
2440.6;0.056
2441.1;0.034
2441.6;0.05
2442.1;0.037
2442.6;0.059
2443.1;0.015
2443.6;0.036
2444.1;0.052
2444.6;0.036
2445.1;0.031
2445.6;0.045
2446.1;0.057
2446.6;0.062
2447.1;0.079
2447.6;0.044
2448.1;0.043
2448.6;0.017
2449.1;0.036
2449.6;0.032
2450.1;0.053
2450.6;0.035
2451.1;0.043
2451.6;0.051
2452.1;0.007
2452.6;0.017
2453.1;0.014
2453.6;0.008
2454.1;0.017
2454.6;0.012
2455.1;0.016
2455.6;0.019
2456.1;0.013
2456.6;0.012
2457.1;0.013
2457.6;0.02
2458.1;0.035
2458.6;0.009
2459.1;0.038
2459.6;0.04
2460.1;0.051
2460.6;0.04
2461.1;0.058
2461.6;0.047
2462.1;0.021
2462.6;0.067
2463.1;0.04
2463.6;0.036
2464.1;0.035
2464.6;0.045
2465.1;0.038
2465.6;0.005
2466.1;0.022
2466.6;0.037
2467.1;0.026
2467.6;0.03
2468.1;0.012
2468.6;0.01
2469.1;0.022
2469.6;0.021
2470.1;0.029
2470.6;0.031
2471.1;0.006
2471.6;0.029
2472.1;0.034
2472.6;0.013
2473.1;0.04
2473.6;0.038
2474.1;0.05
2474.6;0.048
2475.1;0.056
2475.6;0.071
2476.1;0.042
2476.6;0.037
2477.1;0.035
2477.6;0.023
2478.1;0.015
2478.6;0.021
2479.1;0.016
2479.6;0.016
2480.1;0.037
2480.6;0.034
2481.1;0.02
2481.6;0.044
2482.1;0.023
2482.6;0.028
2483.1;0.016
2483.6;0.038
2484.1;0.051
2484.6;0.028
2485.1;0.047
2485.6;0.035
2486.1;0.043
2486.6;0.012
2487.1;0.034
2487.6;0.026
2488.1;0.028
2488.6;0.014
2489.1;0.009
2489.6;0.018
2490.1;0.021
2490.6;0.026
2491.1;0.038
2491.6;0.029
2492.1;0.029
2492.6;0.043
2493.1;0.025
2493.6;0.01
2494.1;0.02
2494.6;0.043
2495.1;0.067
2495.6;0.048
2496.1;0.044
2496.6;0.067
2497.1;0.07
2497.6;0.059
2498.1;0.054
2498.6;0.065
2499.1;0.022
2499.6;0.018
2500.1;0.016
2500.6;0.02
2501.1;0.019
2501.6;0.026
2502.1;0.005
2502.6;0.003
2503.1;0.022
2503.6;0.018
2504.1;0.026
2504.6;0.022
2505.1;0.038
2505.6;0.029
2506.1;0.041
2506.6;0.034
2507.1;0.035
2507.6;0.027
2508.1;0.052
2508.6;0.051
2509.1;0.043
2509.6;0.019
2510.1;0.045
2510.6;0.02
2511.1;0.046
2511.6;0.04
2512.1;0.024
2512.6;0.013
2513.1;0.031
2513.6;0.02
2514.1;0.01
2514.6;0.023
2515.1;0.016
2515.6;0.026
2516.1;0.007
2516.6;0.036
2517.1;0.029
2517.6;0.026
2518.1;0.046
2518.6;0.03
2519.1;0.039
2519.6;0.017
2520.1;0.026
2520.6;0.03
2521.1;0.034
2521.6;0.028
2522.1;0.018
2522.6;0.027
2523.1;0.02
2523.6;0.016
2524.1;0.017
2524.6;0.023
2525.1;0.029
2525.6;0.011
2526.1;0.003
2526.6;0.037
2527.1;0.038
2527.6;0.018
2528.1;0.009
2528.6;0.028
2529.1;0.008
2529.6;0.033
2530.1;0.013
2530.6;0.034
2531.1;0.045
2531.6;0.033
2532.1;0.042
2532.6;0.025
2533.1;0.012
2533.6;0.019
2534.1;0.027
2534.6;0.011
2535.1;0.023
2535.6;0.014
2536.1;0.019
2536.6;0.018
2537.1;0.026
2537.6;0.027
2538.1;0.026
2538.6;0.025
2539.1;0.061
2539.6;0.051
2540.1;0.043
2540.6;0.028
2541.1;0.017
2541.6;0.038
2542.1;0.035
2542.6;0.036
2543.1;0.016
2543.6;0.039
2544.1;0.017
2544.6;0.027
2545.1;0.018
2545.6;0.032
2546.1;0.023
2546.6;0.035
2547.1;0.028
2547.6;0.011
2548.1;0.031
2548.6;0.019
2549.1;0.013
2549.6;0.019
2550.1;0.024
2550.6;0.035
2551.1;0.043
2551.6;0.04
2552.1;0.009
2552.6;0.023
2553.1;0.039
2553.6;0.016
2554.1;0.021
2554.6;0.004
2555.1;0.01
2555.6;0.022
2556.1;0.012
2556.6;0.025
2557.1;0.024
2557.6;0.035
2558.1;0.024
2558.6;0.013
2559.1;0.027
2559.6;0.022
2560.1;0.013
2560.6;0.024
2561.1;0.014
2561.6;0.028
2562.1;0.025
2562.6;0.024
2563.1;0.028
2563.6;0.068
2564.1;0.047
2564.6;0.053
2565.1;0.024
2565.6;0.036
2566.1;0.013
2566.6;0.035
2567.1;0.033
2567.6;0.01
2568.1;0.029
2568.6;0.049
2569.1;0.055
2569.6;0.009
2570.1;0.026
2570.6;0.022
2571.1;0.022
2571.6;0.023
2572.1;0.051
2572.6;0.052
2573.1;0.019
2573.6;0.022
2574.1;0.026
2574.6;0.054
2575.1;0.048
2575.6;0.037
2576.1;0.05
2576.6;0.015
2577.1;0.03
2577.6;0.018
2578.1;0.022
2578.6;0.018
2579.1;0.019
2579.6;0.022
2580.1;0.033
2580.6;0.039
2581.1;0.019
2581.6;0.025
2582.1;0.018
2582.6;0.028
2583.1;0.033
2583.6;0.026
2584.1;0.028
2584.6;0.023
2585.1;0.028
2585.6;0.023
2586.1;0.022
2586.6;0.024
2587.1;0.023
2587.6;0.017
2588.1;0.023
2588.6;0.036
2589.1;0.023
2589.6;0.058
2590.1;0.039
2590.6;0.045
2591.1;0.052
2591.6;0.037
2592.1;0.068
2592.6;0.032
2593.1;0.035
2593.6;0.027
2594.1;0.034
2594.6;0.034
2595.1;0.036
2595.6;0.056
2596.1;0.081
2596.6;0.049
2597.1;0.055
2597.6;0.032
2598.1;0.107
2598.6;0.105
2599.1;0.048
2599.6;0.048
2600.1;0.024
2600.6;0.027
2601.1;0.026
2601.6;0.024
2602.1;0.044
2602.6;0.019
2603.1;0.035
2603.6;0.016
2604.1;0.025
2604.6;0.017
2605.1;0.029
2605.6;0.031
2606.1;0.02
2606.6;0.03
2607.1;0.02
2607.6;0.016
2608.1;0.034
2608.6;0.028
2609.1;0.026
2609.6;0.023
2610.1;0.034
2610.6;0.037
2611.1;0.007
2611.6;0.041
2612.1;0.016
2612.6;0.053
2613.1;0.04
2613.6;0.04
2614.1;0.025
2614.6;0.029
2615.1;0.038
2615.6;0.052
2616.1;0.046
2616.6;0.043
2617.1;0.024
2617.6;0.037
2618.1;0.03
2618.6;0.034
2619.1;0.055
2619.6;0.02
2620.1;0.037
2620.6;0.028
2621.1;0.022
2621.6;0.035
2622.1;0.026
2622.6;0.037
2623.1;0.012
2623.6;0.013
2624.1;0.021
2624.6;0.01
2625.1;0.022
2625.6;0.015
2626.1;0.041
2626.6;0.027
2627.1;0.027
2627.6;0.028
2628.1;0.03
2628.6;0.04
2629.1;0.029
2629.6;0.029
2630.1;0.03
2630.6;0.04
2631.1;0.036
2631.6;0.028
2632.1;0.03
2632.6;0.034
2633.1;0.021
2633.6;0.037
2634.1;0.053
2634.6;0.016
2635.1;0.018
2635.6;0.015
2636.1;0.009
2636.6;0.014
2637.1;0.025
2637.6;0.037
2638.1;0.022
2638.6;0.025
2639.1;0.017
2639.6;0.043
2640.1;0.023
2640.6;0.035
2641.1;0.023
2641.6;0.015
2642.1;0.029
2642.6;0.025
2643.1;0.032
2643.6;0.018
2644.1;0.024
2644.6;0.007
2645.1;0.017
2645.6;0.027
2646.1;0.028
2646.6;0.024
2647.1;0.015
2647.6;0.027
2648.1;0.024
2648.6;0.029
2649.1;0.004
2649.6;0.009
2650.1;0.014
2650.6;0.003
2651.1;0.01
2651.6;0.016
2652.1;0.032
2652.6;0.019
2653.1;0.007
2653.6;0.011
2654.1;0.029
2654.6;0.019
2655.1;0.039
2655.6;0.024
2656.1;0.034
2656.6;0.021
2657.1;0.033
2657.6;0.043
2658.1;0.043
2658.6;0.038
2659.1;0.048
2659.6;0.038
2660.1;0.038
2660.6;0.043
2661.1;0.024
2661.6;0.037
2662.1;0.052
2662.6;0.032
2663.1;0.039
2663.6;0.037
2664.1;0.035
2664.6;0.033
2665.1;0.04
2665.6;0.032
2666.1;0.024
2666.6;0.035
2667.1;0.026
2667.6;0.018
2668.1;0.029
2668.6;0.01
2669.1;0.032
2669.6;0.024
2670.1;0.027
2670.6;0.031
2671.1;0.037
2671.6;0.021
2672.1;0.024
2672.6;0.013
2673.1;0.013
2673.6;0.008
2674.1;0.009
2674.6;0.029
2675.1;0.009
2675.6;0.03
2676.1;0.016
2676.6;0.02
2677.1;0.011
2677.6;0.028
2678.1;0.019
2678.6;0.015
2679.1;0.014
2679.6;0.021
2680.1;0.065
2680.6;0.022
2681.1;0.039
2681.6;0.032
2682.1;0.039
2682.6;0.039
2683.1;0.043
2683.6;0.023
2684.1;0.033
2684.6;0.046
2685.1;0.052
2685.6;0.059
2686.1;0.051
2686.6;0.069
2687.1;0.052
2687.6;0.044
2688.1;0.03
2688.6;0.035
2689.1;0.086
2689.6;0.22
2690.1;0.129
2690.6;0.035
2691.1;0.013
2691.6;0.022
2692.1;0.058
2692.6;0.02
2693.1;0.007
2693.6;0.02
2694.1;0.009
2694.6;0.037
2695.1;0.008
2695.6;0.027
2696.1;0.023
2696.6;0.046
2697.1;0.021
2697.6;0.003
2698.1;0.017
2698.6;0.026
2699.1;0.048
2699.6;0.026
2700.1;0.027
2700.6;0.024
2701.1;0.022
2701.6;0.013
2702.1;0.01
2702.6;0.028
2703.1;0.02
2703.6;0.043
2704.1;0.016
2704.6;0.006
2705.1;0.004
2705.6;0.029
2706.1;0.035
2706.6;0.013
2707.1;0.022
2707.6;0.013
2708.1;0.006
2708.6;0.019
2709.1;0.035
2709.6;0.017
2710.1;0.01
2710.6;0.007
2711.1;0.011
2711.6;0.027
2712.1;0.035
2712.6;0.016
2713.1;0.007
2713.6;0.048
2714.1;0.028
2714.6;0.02
2715.1;0.014
2715.6;0.022
2716.1;0.019
2716.6;0.028
2717.1;0.032
2717.6;0.029
2718.1;0.024
2718.6;0.025
2719.1;0.021
2719.6;0.053
2720.1;0.013
2720.6;0.02
2721.1;0.011
2721.6;0.037
2722.1;0.011
2722.6;0.017
2723.1;0.005
2723.6;0.022
2724.1;0.017
2724.6;0.018
2725.1;0.038
2725.6;0.017
2726.1;0.015
2726.6;0.008
2727.1;0.01
2727.6;0.014
2728.1;0.004
2728.6;0.01
2729.1;0.017
2729.6;0.011
2730.1;0.026
2730.6;0.02
2731.1;0.043
2731.6;0.014
2732.1;0.024
2732.6;0.033
2733.1;0.027
2733.6;0.034
2734.1;0.033
2734.6;0.02
2735.1;0.04
2735.6;0.041
2736.1;0.014
2736.6;0.024
2737.1;0.035
2737.6;0.021
2738.1;0.024
2738.6;0.046
2739.1;0.005
2739.6;0.038
2740.1;0.016
2740.6;0.045
2741.1;0.028
2741.6;0.034
2742.1;0.026
2742.6;0.027
2743.1;0.019
2743.6;0.045
2744.1;0.035
2744.6;0.023
2745.1;0.033
2745.6;0.025
2746.1;0.028
2746.6;0.023
2747.1;0.031
2747.6;0.038
2748.1;0.025
2748.6;0.026
2749.1;0.013
2749.6;0.027
2750.1;0.027
2750.6;0.002
2751.1;0.023
2751.6;0.025
2752.1;0.016
2752.6;0.06
2753.1;0.022
2753.6;0.038
2754.1;0.033
2754.6;0.013
2755.1;0.01
2755.6;0.019
2756.1;0.023
2756.6;0.03
2757.1;0.031
2757.6;0.033
2758.1;0.018
2758.6;0.005
2759.1;0.01
2759.6;0.023
2760.1;0.007
2760.6;0.017
2761.1;0.011
2761.6;0.017
2762.1;0.013
2762.6;0.03
2763.1;0.013
2763.6;0.017
2764.1;0.019
2764.6;0.014
2765.1;0.049
2765.6;0.033
2766.1;0.024
2766.6;0.033
2767.1;0.024
2767.6;0.024
2768.1;0.015
2768.6;0.004
2769.1;0.026
2769.6;0.025
2770.1;0.03
2770.6;0.034
2771.1;0.032
2771.6;0.046
2772.1;0.015
2772.6;0.043
2773.1;0.021
2773.6;0.026
2774.1;0.043
2774.6;0.028
2775.1;0.033
2775.6;0.024
2776.1;0.043
2776.6;0.04
2777.1;0.034
2777.6;0.035
2778.1;0.02
2778.6;0.047
2779.1;0.045
2779.6;0.003
2780.1;0.027
2780.6;0.043
2781.1;0.026
2781.6;0.052
2782.1;0.057
2782.6;0.029
2783.1;0.033
2783.6;0.021
2784.1;0.035
2784.6;0.047
2785.1;0.028
2785.6;0.036
2786.1;0.03
2786.6;0.01
2787.1;0.028
2787.6;0.063
2788.1;0.035
2788.6;0.034
2789.1;0.015
2789.6;0.027
2790.1;0.017
2790.6;0.026
2791.1;0.03
2791.6;0.015
2792.1;0.01
2792.6;0.025
2793.1;0.017
2793.6;0.01
2794.1;0.014
2794.6;0.042
2795.1;0.022
2795.6;0.018
2796.1;0.032
2796.6;0.055
2797.1;0.023
2797.6;0.037
2798.1;0.033
2798.6;0.039
2799.1;0.033
2799.6;0.07
2800.1;0.012
2800.6;0.049
2801.1;0.025
2801.6;0.039
2802.1;0.051
2802.6;0.067
2803.1;0.028
2803.6;0.039
2804.1;0.035
2804.6;0.047
2805.1;0.023
2805.6;0.025
2806.1;0.014
2806.6;0.021
2807.1;0.012
2807.6;0.04
2808.1;0.031
2808.6;0.031
2809.1;0.036
2809.6;0.021
2810.1;0.022
2810.6;0.012
2811.1;0.024
2811.6;0.015
2812.1;0.033
2812.6;0.031
2813.1;0.018
2813.6;0.013
2814.1;0.022
2814.6;0.039
2815.1;0.026
2815.6;0.018
2816.1;0.027
2816.6;0.033
2817.1;0.028
2817.6;0.026
2818.1;0.024
2818.6;0.042
2819.1;0.031
2819.6;0.034
2820.1;0.009
2820.6;0.017
2821.1;0.016
2821.6;0.016
2822.1;0.01
2822.6;0.015
2823.1;0.017
2823.6;0.004
2824.1;0.016
2824.6;0.012
2825.1;0.026
2825.6;0.014
2826.1;0.022
2826.6;0.024
2827.1;0.01
2827.6;0.009
2828.1;0.031
2828.6;0.017
2829.1;0.017
2829.6;0.021
2830.1;0.023
2830.6;0.026
2831.1;0.027
2831.6;0.019
2832.1;0.021
2832.6;0.025
2833.1;0.033
2833.6;0.006
2834.1;0.05
2834.6;0.024
2835.1;0.03
2835.6;0.032
2836.1;0.026
2836.6;0.03
2837.1;0.005
2837.6;0.042
2838.1;0.042
2838.6;0.02
2839.1;0.039
2839.6;0.008
2840.1;0.024
2840.6;0.024
2841.1;0.025
2841.6;0.008
2842.1;0.02
2842.6;0.015
2843.1;0.012
2843.6;0.009
2844.1;0.028
2844.6;0.011
2845.1;0.029
2845.6;0.026
2846.1;0.018
2846.6;0.02
2847.1;0.03
2847.6;0.026
2848.1;0.03
2848.6;0.025
2849.1;0.01
2849.6;0.025
2850.1;0.018
2850.6;0.014
2851.1;0.013
2851.6;0.041
2852.1;0.018
2852.6;0.04
2853.1;0.021
2853.6;0.01
2854.1;0.019
2854.6;0.025
2855.1;0.036
2855.6;0.022
2856.1;0.013
2856.6;0.015
2857.1;0.019
2857.6;0.013
2858.1;0.014
2858.6;0.018
2859.1;0.01
2859.6;0.041
2860.1;0.004
2860.6;0.028
2861.1;0.019
2861.6;0.027
2862.1;0.038
2862.6;0.026
2863.1;0.023
2863.6;0.032
2864.1;0.029
2864.6;0.03
2865.1;0.045
2865.6;0.026
2866.1;0.035
2866.6;0.03
2867.1;0.047
2867.6;0.046
2868.1;0.042
2868.6;0.017
2869.1;0.01
2869.6;0.02
2870.1;0.003
2870.6;0.018
2871.1;0.005
2871.6;0.012
2872.1;0.01
2872.6;0.025
2873.1;0.034
2873.6;0.01
2874.1;0.024
2874.6;0.026
2875.1;0.024
2875.6;0.034
2876.1;0.015
2876.6;0.02
2877.1;0.027
2877.6;0.035
2878.1;0.028
2878.6;0.023
2879.1;0.017
2879.6;0.034
2880.1;0.016
2880.6;0.011
2881.1;0.017
2881.6;0.022
2882.1;0.021
2882.6;0.014
2883.1;0.01
2883.6;0.017
2884.1;0.02
2884.6;0.008
2885.1;0.007
2885.6;0.012
2886.1;0.035
2886.6;0.002
2887.1;0.029
2887.6;0.022
2888.1;0.006
2888.6;0.009
2889.1;0.007
2889.6;0.021
2890.1;0.012
2890.6;0.016
2891.1;0.017
2891.6;0.006
2892.1;0.018
2892.6;0.023
2893.1;0.023
2893.6;0.018
2894.1;0.02
2894.6;0.002
2895.1;0.012
2895.6;0.018
2896.1;0.013
2896.6;0.019
2897.1;0.016
2897.6;0.032
2898.1;0.03
2898.6;0.031
2899.1;0.03
2899.6;0.043
2900.1;0.016
2900.6;0.032
2901.1;0.031
2901.6;0.026
2902.1;0.035
2902.6;0.046
2903.1;0.041
2903.6;0.036
2904.1;0.026
2904.6;0.034
2905.1;0.031
2905.6;0.031
2906.1;0.025
2906.6;0.027
2907.1;0.039
2907.6;0.035
2908.1;0.028
2908.6;0.013
2909.1;0.028
2909.6;0.017
2910.1;0.021
2910.6;0.039
2911.1;0.014
2911.6;0.008
2912.1;0.033
2912.6;0.028
2913.1;0.034
2913.6;0.036
2914.1;0.05
2914.6;0.034
2915.1;0.015
2915.6;0.016
2916.1;0.029
2916.6;0.034
2917.1;0.032
2917.6;0.049
2918.1;0.029
2918.6;0.023
2919.1;0.016
2919.6;0.002
2920.1;0.003
2920.6;0.041
2921.1;0.016
2921.6;0.009
2922.1;0.011
2922.6;0.031
2923.1;0.027
2923.6;0.023
2924.1;0.029
2924.6;0.033
2925.1;0.005
2925.6;0.021
2926.1;0.016
2926.6;0.004
2927.1;0.01
2927.6;0.027
2928.1;0.018
2928.6;0.025
2929.1;0.028
2929.6;0.027
2930.1;0.03
2930.6;0.022
2931.1;0.007
2931.6;0.004
2932.1;0.009
2932.6;0.005
2933.1;0.032
2933.6;0.031
2934.1;0.011
2934.6;0.01
2935.1;0.029
2935.6;0.038
2936.1;0.02
2936.6;0.03
2937.1;0.026
2937.6;0.039
2938.1;0.01
2938.6;0.02
2939.1;0.041
2939.6;0.029
2940.1;0.045
2940.6;0.007
2941.1;0.024
2941.6;0.031
2942.1;0.026
2942.6;0.04
2943.1;0.009
2943.6;0.026
2944.1;0.039
2944.6;0.027
2945.1;0.022
2945.6;0.022
2946.1;0.02
2946.6;0.016
2947.1;0.009
2947.6;0.014
2948.1;0.005
2948.6;0.019
2949.1;0.006
2949.6;0.024
2950.1;0.041
2950.6;0.015
2951.1;0.029
2951.6;0.032
2952.1;0.022
2952.6;0.032
2953.1;0.015
2953.6;0.034
2954.1;0.022
2954.6;0.025
2955.1;0.03
2955.6;0.026
2956.1;0.047
2956.6;0.03
2957.1;0.025
2957.6;0.05
2958.1;0.027
2958.6;0.032
2959.1;0.024
2959.6;0.019
2960.1;0.013
2960.6;0.016
2961.1;0.022
2961.6;0.016
2962.1;0.013
2962.6;0.018
2963.1;0.024
2963.6;0.02
2964.1;0.013
2964.6;0.017
2965.1;0.021
2965.6;0.012
2966.1;0.026
2966.6;0.024
2967.1;0.024
2967.6;0.023
2968.1;0.016
2968.6;0.014
2969.1;0.012
2969.6;0.015
2970.1;0.005
2970.6;0.027
2971.1;0.028
2971.6;0.033
2972.1;0.016
2972.6;0.029
2973.1;0.011
2973.6;0.019
2974.1;0.013
2974.6;0.01
2975.1;0.018
2975.6;0.024
2976.1;0.037
2976.6;0.023
2977.1;0.02
2977.6;0.034
2978.1;0.016
2978.6;0.014
2979.1;0.008
2979.6;0.015
2980.1;0.008
2980.6;0.032
2981.1;0.025
2981.6;0.039
2982.1;0.025
2982.6;0.04
2983.1;0.047
2983.6;0.025
2984.1;0.045
2984.6;0.025
2985.1;0.009
2985.6;0.013
2986.1;0.012
2986.6;0.001
2987.1;0.012
2987.6;0.02
2988.1;0.022
2988.6;0.005
2989.1;0.031
2989.6;0.017
2990.1;0.032
2990.6;0.025
2991.1;0.025
2991.6;0.039
2992.1;0.044
2992.6;0.053
2993.1;0.044
2993.6;0.039
2994.1;0.02
2994.6;0.039
2995.1;0.012
2995.6;0.051
2996.1;0.036
2996.6;0.021
2997.1;0.016
2997.6;0.026
2998.1;0.009
2998.6;0.024
2999.1;0.013
2999.6;0.027
3000.1;0.027
3000.6;0.036
3001.1;0.014
3001.6;0.027
3002.1;0.043
3002.6;0.045
3003.1;0.028
3003.6;0.042
3004.1;0.033
3004.6;0.038
3005.1;0.013
3005.6;0.032
3006.1;0.025
3006.6;0.019
3007.1;0.028
3007.6;0.037
3008.1;0.025
3008.6;0.01
3009.1;0.019
3009.6;0.02
3010.1;0.01
3010.6;0.011
3011.1;0.024
3011.6;0.015
3012.1;0.03
3012.6;0.023
3013.1;0.042
3013.6;0.042
3014.1;0.051
3014.6;0.012
3015.1;0.023
3015.6;0.01
3016.1;0.015
3016.6;0.027
3017.1;0.006
3017.6;0.04
3018.1;0.029
3018.6;0.04
3019.1;0.036
3019.6;0.02
3020.1;0.044
3020.6;0.037
3021.1;0.012
3021.6;0.025
3022.1;0.038
3022.6;0.027
3023.1;0.01
3023.6;0.024
3024.1;0.03
3024.6;0.011
3025.1;0.024
3025.6;0.015
3026.1;0.012
3026.6;0.021
3027.1;0.011
3027.6;0.025
3028.1;0.021
3028.6;0.016
3029.1;0.028
3029.6;0.039
3030.1;0.014
3030.6;0.016
3031.1;0.015
3031.6;0.019
3032.1;0.007
3032.6;0.03
3033.1;0.018
3033.6;0.007
3034.1;0.026
3034.6;0.014
3035.1;0.008
3035.6;0.017
3036.1;0.031
3036.6;0.028
3037.1;0.018
3037.6;0.019
3038.1;0.02
3038.6;0.008
3039.1;0.024
3039.6;0.026
3040.1;0.02
3040.6;0.023
3041.1;0.016
3041.6;0.014
3042.1;0.011
3042.6;0.015
3043.1;0.01
3043.6;0.019
3044.1;0.018
3044.6;0.013
3045.1;0.004
3045.6;0.006
3046.1;0.003
3046.6;0.003
3047.1;0.013
3047.6;0.011
3048.1;0.032
3048.6;0.02
3049.1;0.027
3049.6;0.021
3050.1;0.03
3050.6;0.034
3051.1;0.021
3051.6;0.014
3052.1;0.013
3052.6;0.026
3053.1;0.026
3053.6;0.008
3054.1;0.023
3054.6;0.008
3055.1;0.004
3055.6;0.016
3056.1;0.031
3056.6;0.005
3057.1;0.017
3057.6;0.004
3058.1;0.022
3058.6;0.027
3059.1;0.024
3059.6;0.019
3060.1;0.025
3060.6;0.03
3061.1;0.002
3061.6;0.02
3062.1;0.046
3062.6;0.028
3063.1;0.025
3063.6;0.032
3064.1;0.031
3064.6;0.018
3065.1;0.035
3065.6;0.039
3066.1;0.012
3066.6;0.026
3067.1;0.007
3067.6;0.028
3068.1;0.025
3068.6;0.036
3069.1;0.03
3069.6;0.034
3070.1;0.016
3070.6;0.015
3071.1;0.036
3071.6;0.017
3072.1;0.021
3072.6;0.026
3073.1;0.018
3073.6;0.045
3074.1;0.03
3074.6;0.035
3075.1;0.034
3075.6;0.05
3076.1;0.016
3076.6;0.028
3077.1;0.016
3077.6;0.016
3078.1;0.01
3078.6;0.026
3079.1;0.012
3079.6;0.008
3080.1;0.029
3080.6;0.022
3081.1;0.023
3081.6;0.045
3082.1;0.017
3082.6;0.022
3083.1;0.014
3083.6;0.008
3084.1;0.014
3084.6;0.015
3085.1;0.021
3085.6;0.008
3086.1;0.002
3086.6;0.003
3087.1;0.014
3087.6;0.013
3088.1;0.006
3088.6;0.01
3089.1;0.023
3089.6;0.022
3090.1;0.013
3090.6;0.029
3091.1;0.012
3091.6;0.024
3092.1;0.027
3092.6;0.017
3093.1;0.008
3093.6;0.004
3094.1;0.013
3094.6;0.018
3095.1;0.012
3095.6;0.039
3096.1;0.024
3096.6;0.041
3097.1;0.01
3097.6;0.014
3098.1;0.006
3098.6;0.023
3099.1;0.018
3099.6;0.027
3100.1;0.01
3100.6;0.011
3101.1;0.028
3101.6;0.017
3102.1;0.019
3102.6;0.027
3103.1;0.026
3103.6;0.029
3104.1;0.006
3104.6;0.037
3105.1;0.021
3105.6;0.038
3106.1;0.021
3106.6;0.016
3107.1;0.044
3107.6;0.013
3108.1;0.033
3108.6;0.02
3109.1;0.025
3109.6;0.03
3110.1;0.014
3110.6;0.031
3111.1;0.008
3111.6;0.003
3112.1;0.02
3112.6;0.03
3113.1;0.023
3113.6;0.017
3114.1;0.022
3114.6;0.02
3115.1;0.019
3115.6;0.015
3116.1;0.013
3116.6;0.018
3117.1;0.025
3117.6;0.011
3118.1;0.015
3118.6;0.022
3119.1;0.025
3119.6;0.016
3120.1;0.03
3120.6;0.029
3121.1;0.029
3121.6;0.021
3122.1;0.02
3122.6;0.026
3123.1;0.028
3123.6;0.003
3124.1;0.018
3124.6;0.03
3125.1;0.023
3125.6;0.023
3126.1;0.009
3126.6;0.018
3127.1;0.015
3127.6;0.013
3128.1;0.014
3128.6;0.019
3129.1;0.011
3129.6;0.027
3130.1;0.021
3130.6;0.01
3131.1;0.028
3131.6;0.006
3132.1;0.009
3132.6;0.016
3133.1;0.025
3133.6;0.013
3134.1;0.025
3134.6;0.016
3135.1;0.022
3135.6;0.034
3136.1;0.017
3136.6;0.022
3137.1;0.015
3137.6;0.007
3138.1;0.02
3138.6;0.009
3139.1;0.014
3139.6;0.018
3140.1;0.023
3140.6;0.043
3141.1;0.015
3141.6;0.011
3142.1;0.029
3142.6;0.01
3143.1;0.029
3143.6;0.02
3144.1;0.012
3144.6;0.002
3145.1;0.019
3145.6;0.011
3146.1;0.01
3146.6;0.017
3147.1;0.03
3147.6;0.008
3148.1;0.008
3148.6;0.023
3149.1;0.02
3149.6;0.011
3150.1;0.01
3150.6;0.002
3151.1;0.022
3151.6;0.011
3152.1;0.042
3152.6;0.111
3153.1;0.056
3153.6;0.063
3154.1;0.032
3154.6;0.022
3155.1;0.048
3155.6;0.019
3156.1;0.028
3156.6;0.017
3157.1;0.034
3157.6;0.026
3158.1;0.026
3158.6;0.038
3159.1;0.036
3159.6;0.026
3160.1;0.023
3160.6;0.004
3161.1;0.016
3161.6;0.02
3162.1;0.018
3162.6;0.015
3163.1;0.017
3163.6;0.022
3164.1;0.021
3164.6;0.022
3165.1;0.033
3165.6;0.027
3166.1;0.028
3166.6;0.034
3167.1;0.036
3167.6;0.039
3168.1;0.035
3168.6;0.076
3169.1;0.011
3169.6;0.019
3170.1;0.028
3170.6;0.026
3171.1;0.024
3171.6;0.023
3172.1;0.01
3172.6;0.003
3173.1;0.017
3173.6;0.013
3174.1;0.006
3174.6;0.011
3175.1;0.014
3175.6;0.016
3176.1;0.013
3176.6;0.029
3177.1;0.015
3177.6;0.035
3178.1;0.016
3178.6;0.029
3179.1;0.012
3179.6;0.014
3180.1;0.046
3180.6;0.029
3181.1;0.023
3181.6;0.014
3182.1;0.02
3182.6;0.024
3183.1;0.031
3183.6;0.02
3184.1;0.011
3184.6;0.011
3185.1;0.028
3185.6;0.033
3186.1;0.042
3186.6;0.025
3187.1;0.034
3187.6;0.027
3188.1;0.046
3188.6;0.043
3189.1;0.058
3189.6;0.06
3190.1;0.044
3190.6;0.049
3191.1;0.069
3191.6;0.073
3192.1;0.1
3192.6;0.076
3193.1;0.078
3193.6;0.101
3194.1;0.122
3194.6;0.101
3195.1;0.072
3195.6;0.103
3196.1;0.138
3196.6;0.143
3197.1;0.2
3197.6;0.112
3198.1;0.115
3198.6;0.056
3199.1;0.052
3199.6;0.019
3200.1;0.053
3200.6;0.075
3201.1;0.047
3201.6;0.077
3202.1;0.065
3202.6;0.073
3203.1;0.04
3203.6;0.071
3204.1;0.072
3204.6;0.072
3205.1;0.069
3205.6;0.066
3206.1;0.058
3206.6;0.063
3207.1;0.053
3207.6;0.041
3208.1;0.055
3208.6;0.054
3209.1;0.033
3209.6;0.025
3210.1;0.031
3210.6;0.047
3211.1;0.021
3211.6;0.026
3212.1;0.028
3212.6;0.035
3213.1;0.023
3213.6;0.121
3214.1;0.06
3214.6;0.094
3215.1;0.069
3215.6;0.011
3216.1;0.064
3216.6;0.055
3217.1;0.015
3217.6;0.033
3218.1;0.052
3218.6;0.023
3219.1;0.034
3219.6;0.066
3220.1;0.01
3220.6;0.026
3221.1;0.017
3221.6;0.005
3222.1;0.012
3222.6;0.01
3223.1;0.028
3223.6;0.055
3224.1;0.039
3224.6;0.034
3225.1;0.046
3225.6;0.054
3226.1;0.023
3226.6;0.04
3227.1;0.022
3227.6;0.039
3228.1;0.028
3228.6;0.031
3229.1;0.022
3229.6;0.043
3230.1;0.031
3230.6;0.027
3231.1;0.008
3231.6;0.024
3232.1;0.032
3232.6;0.016
3233.1;0.007
3233.6;0.015
3234.1;0.021
3234.6;0.015
3235.1;0.015
3235.6;0.036
3236.1;0.024
3236.6;0.033
3237.1;0.022
3237.6;0.02
3238.1;0.033
3238.6;0.042
3239.1;0.043
3239.6;0.017
3240.1;0.046
3240.6;0.018
3241.1;0.024
3241.6;0.012
3242.1;0.026
3242.6;0.022
3243.1;0.007
3243.6;0.018
3244.1;0.021
3244.6;0.009
3245.1;0.042
3245.6;0.021
3246.1;0.03
3246.6;0.044
3247.1;0.028
3247.6;0.034
3248.1;0.027
3248.6;0.027
3249.1;0.016
3249.6;0.035
3250.1;0.018
3250.6;0.028
3251.1;0.025
3251.6;0.025
3252.1;0.008
3252.6;0.009
3253.1;0.006
3253.6;0.014
3254.1;0.006
3254.6;0.006
3255.1;0.002
3255.6;0.029
3256.1;0.01
3256.6;0.021
3257.1;0.033
3257.6;0.003
3258.1;0.026
3258.6;0.015
3259.1;0.017
3259.6;0.012
3260.1;0.018
3260.6;0.021
3261.1;0.014
3261.6;0.019
3262.1;0.017
3262.6;0.03
3263.1;0.04
3263.6;0.016
3264.1;0.02
3264.6;0.026
3265.1;0.003
3265.6;0.009
3266.1;0.008
3266.6;0.024
3267.1;0.023
3267.6;0.006
3268.1;0.021
3268.6;0.029
3269.1;0.031
3269.6;0.02
3270.1;0.022
3270.6;0.026
3271.1;0.023
3271.6;0.023
3272.1;0.03
3272.6;0.036
3273.1;0.033
3273.6;0.032
3274.1;0.02
3274.6;0.029
3275.1;0.016
3275.6;0.002
3276.1;0.026
3276.6;0.008
3277.1;0.01
3277.6;0.023
3278.1;0.016
3278.6;0.004
3279.1;0.007
3279.6;0.02
3280.1;0.025
3280.6;0.014
3281.1;0.01
3281.6;0.017
3282.1;0.01
3282.6;0.033
3283.1;0.022
3283.6;0.012
3284.1;0.017
3284.6;0.02
3285.1;0.003
3285.6;0.007
3286.1;0.018
3286.6;0.007
3287.1;0.025
3287.6;0.033
3288.1;0.021
3288.6;0.012
3289.1;0.019
3289.6;0.002
3290.1;0.019
3290.6;0.016
3291.1;0.034
3291.6;0.03
3292.1;0.012
3292.6;0.026
3293.1;0.016
3293.6;0.014
3294.1;0.028
3294.6;0.015
3295.1;0.009
3295.6;0.019
3296.1;0.006
3296.6;0.022
3297.1;0.003
3297.6;0.016
3298.1;0.026
3298.6;0.008
3299.1;0.01
3299.6;0.023
3300.1;0.014
3300.6;0.02
3301.1;0.009
3301.6;0.027
3302.1;0.036
3302.6;0.015
3303.1;0.019
3303.6;0.029
3304.1;0.026
3304.6;0.017
3305.1;0.023
3305.6;0.033
3306.1;0.006
3306.6;0.009
3307.1;0.012
3307.6;0.031
3308.1;0.012
3308.6;0.024
3309.1;0.05
3309.6;0.039
3310.1;0.027
3310.6;0.048
3311.1;0.044
3311.6;0.028
3312.1;0.021
3312.6;0.053
3313.1;0.071
3313.6;0.047
3314.1;0.023
3314.6;0.005
3315.1;0.016
3315.6;0.03
3316.1;0.025
3316.6;0.016
3317.1;0.026
3317.6;0.01
3318.1;0.025
3318.6;0.01
3319.1;0.021
3319.6;0.021
3320.1;0.006
3320.6;0.019
3321.1;0.018
3321.6;0.016
3322.1;0.032
3322.6;0.033
3323.1;0.012
3323.6;0.028
3324.1;0.039
3324.6;0.03
3325.1;0.011
3325.6;0.018
3326.1;0.026
3326.6;0.024
3327.1;0.021
3327.6;0.023
3328.1;0.022
3328.6;0.016
3329.1;0.012
3329.6;0.018
3330.1;0.02
3330.6;0.017
3331.1;0.03
3331.6;0.02
3332.1;0.023
3332.6;0.021
3333.1;0.036
3333.6;0.024
3334.1;0.02
3334.6;0.024
3335.1;0.019
3335.6;0.019
3336.1;0.012
3336.6;0.019
3337.1;0.011
3337.6;0.028
3338.1;0.021
3338.6;0.016
3339.1;0.02
3339.6;0.015
3340.1;0.029
3340.6;0.011
3341.1;0.011
3341.6;0.015
3342.1;0.028
3342.6;0.018
3343.1;0.015
3343.6;0.021
3344.1;0.018
3344.6;0.02
3345.1;0.028
3345.6;0.026
3346.1;0.01
3346.6;0.025
3347.1;0.013
3347.6;0.024
3348.1;0.012
3348.6;0.02
3349.1;0.033
3349.6;0.006
3350.1;0.013
3350.6;0.022
3351.1;0.012
3351.6;0.011
3352.1;0.014
3352.6;0.013
3353.1;0.01
3353.6;0.022
3354.1;0.017
3354.6;0.019
3355.1;0.024
3355.6;0.038
3356.1;0.027
3356.6;0.025
3357.1;0.025
3357.6;0.034
3358.1;0.027
3358.6;0.022
3359.1;0.034
3359.6;0.035
3360.1;0.01
3360.6;0.014
3361.1;0.014
3361.6;0.017
3362.1;0.013
3362.6;0.025
3363.1;0.002
3363.6;0.013
3364.1;0.019
3364.6;0.035
3365.1;0.008
3365.6;0.021
3366.1;0.012
3366.6;0.025
3367.1;0.004
3367.6;0.022
3368.1;0.011
3368.6;0.017
3369.1;0.03
3369.6;0.033
3370.1;0.025
3370.6;0.028
3371.1;0.039
3371.6;0.026
3372.1;0.021
3372.6;0.009
3373.1;0.025
3373.6;0.015
3374.1;0.013
3374.6;0.016
3375.1;0.015
3375.6;0.019
3376.1;0.014
3376.6;0.018
3377.1;0.025
3377.6;0.021
3378.1;0.018
3378.6;0.013
3379.1;0.011
3379.6;0.011
3380.1;0.023
3380.6;0.024
3381.1;0.033
3381.6;0.023
3382.1;0.003
3382.6;0.017
3383.1;0.027
3383.6;0.013
3384.1;0.02
3384.6;0.008
3385.1;0.007
3385.6;0.019
3386.1;0.007
3386.6;0.007
3387.1;0.01
3387.6;0.012
3388.1;0.017
3388.6;0.01
3389.1;0.011
3389.6;0.023
3390.1;0.025
3390.6;0.018
3391.1;0.026
3391.6;0.017
3392.1;0.014
3392.6;0.03
3393.1;0.022
3393.6;0.032
3394.1;0.012
3394.6;0.012
3395.1;0.017
3395.6;0.035
3396.1;0.04
3396.6;0.021
3397.1;0.026
3397.6;0.032
3398.1;0.017
3398.6;0.015
3399.1;0.024
3399.6;0.006
3400.1;0.014
3400.6;0.027
3401.1;0.008
3401.6;0.021
3402.1;0.002
3402.6;0.022
3403.1;0.021
3403.6;0.019
3404.1;0.014
3404.6;0.024
3405.1;0.013
3405.6;0.023
3406.1;0.042
3406.6;0.01
3407.1;0.011
3407.6;0.022
3408.1;0.005
3408.6;0.031
3409.1;0.011
3409.6;0.015
3410.1;0.025
3410.6;0.018
3411.1;0.027
3411.6;0.027
3412.1;0.023
3412.6;0.002
3413.1;0.015
3413.6;0.014
3414.1;0.031
3414.6;0.031
3415.1;0.007
3415.6;0.015
3416.1;0.031
3416.6;0.028
3417.1;0.008
3417.6;0.012
3418.1;0.021
3418.6;0.017
3419.1;0.013
3419.6;0.011
3420.1;0.016
3420.6;0.036
3421.1;0.032
3421.6;0.022
3422.1;0.01
3422.6;0.021
3423.1;0.008
3423.6;0.01
3424.1;0.021
3424.6;0.011
3425.1;0.021
3425.6;0.001
3426.1;0.016
3426.6;0.014
3427.1;0.029
3427.6;0.013
3428.1;0.021
3428.6;0.009
3429.1;0.013
3429.6;0.023
3430.1;0.017
3430.6;0.026
3431.1;0.018
3431.6;0.036
3432.1;0.011
3432.6;0.022
3433.1;0.023
3433.6;0.023
3434.1;0.028
3434.6;0.029
3435.1;0.027
3435.6;0.024
3436.1;0.018
3436.6;0.013
3437.1;0.006
3437.6;0.014
3438.1;0.02
3438.6;0.018
3439.1;0.016
3439.6;0.024
3440.1;0.027
3440.6;0.019
3441.1;0.022
3441.6;0.024
3442.1;0.012
3442.6;0.038
3443.1;0.018
3443.6;0.003
3444.1;0.035
3444.6;0.001
3445.1;0.016
3445.6;0.015
3446.1;0.019
3446.6;0.025
3447.1;0.036
3447.6;0.014
3448.1;0.01
3448.6;0.015
3449.1;0.013
3449.6;0.027
3450.1;0.028
3450.6;0.009
3451.1;0.02
3451.6;0.02
3452.1;0.02
3452.6;0.012
3453.1;0.025
3453.6;0.004
3454.1;0.016
3454.6;0.019
3455.1;0.008
3455.6;0.009
3456.1;0.018
3456.6;0.006
3457.1;0.034
3457.6;0.019
3458.1;0.008
3458.6;0.034
3459.1;0.01
3459.6;0.013
3460.1;0.02
3460.6;0.019
3461.1;0.021
3461.6;0.044
3462.1;0.013
3462.6;0.021
3463.1;0.016
3463.6;0.006
3464.1;0.014
3464.6;0.006
3465.1;0.019
3465.6;0.015
3466.1;0.007
3466.6;0.021
3467.1;0.019
3467.6;0.032
3468.1;0.027
3468.6;0.017
3469.1;0.025
3469.6;0.017
3470.1;0.001
3470.6;0.012
3471.1;0.004
3471.6;0.021
3472.1;0.005
3472.6;0.032
3473.1;0.018
3473.6;0.025
3474.1;0.023
3474.6;0.014
3475.1;0.029
3475.6;0.02
3476.1;0.023
3476.6;0.023
3477.1;0.026
3477.6;0.012
3478.1;0.013
3478.6;0.017
3479.1;0.021
3479.6;0.018
3480.1;0.023
3480.6;0.018
3481.1;0.018
3481.6;0.02
3482.1;0.017
3482.6;0.012
3483.1;0.02
3483.6;0.016
3484.1;0.024
3484.6;0.021
3485.1;0.035
3485.6;0.027
3486.1;0.022
3486.6;0.01
3487.1;0.024
3487.6;0.017
3488.1;0.008
3488.6;0.006
3489.1;0.006
3489.6;0.007
3490.1;0.011
3490.6;0.003
3491.1;0.02
3491.6;0.01
3492.1;0.002
3492.6;0.016
3493.1;0.012
3493.6;0.018
3494.1;0.028
3494.6;0.027
3495.1;0.023
3495.6;0.027
3496.1;0.015
3496.6;0.02
3497.1;0.023
3497.6;0.017
3498.1;0.02
3498.6;0.029
3499.1;0.026
3499.6;0.006
3500.1;0.009
3500.6;0.017
3501.1;0.029
3501.6;0.02
3502.1;0.006
3502.6;0.026
3503.1;0.018
3503.6;0.024
3504.1;0.014
3504.6;0.022
3505.1;0.013
3505.6;0.026
3506.1;0.012
3506.6;0.013
3507.1;0.007
3507.6;0.023
3508.1;0.011
3508.6;0.014
3509.1;0.032
3509.6;0.03
3510.1;0.02
3510.6;0.031
3511.1;0.024
3511.6;0.019
3512.1;0.007
3512.6;0.022
3513.1;0.01
3513.6;0.013
3514.1;0.02
3514.6;0.026
3515.1;0.025
3515.6;0.031
3516.1;0.037
3516.6;0.018
3517.1;0.015
3517.6;0.015
3518.1;0.02
3518.6;0.008
3519.1;0.034
3519.6;0.021
3520.1;0.03
3520.6;0.025
3521.1;0.02
3521.6;0.037
3522.1;0.025
3522.6;0.019
3523.1;0.033
3523.6;0.014
3524.1;0.027
3524.6;0.018
3525.1;0.017
3525.6;0.011
3526.1;0.007
3526.6;0.012
3527.1;0.004
3527.6;0.012
3528.1;0.01
3528.6;0.027
3529.1;0.006
3529.6;0.013
3530.1;0.014
3530.6;0.003
3531.1;0.013
3531.6;0.018
3532.1;0.015
3532.6;0.027
3533.1;0.013
3533.6;0.026
3534.1;0.035
3534.6;0.033
3535.1;0.02
3535.6;0.04
3536.1;0.036
3536.6;0.038
3537.1;0.021
3537.6;0.012
3538.1;0.024
3538.6;0.014
3539.1;0.01
3539.6;0.012
3540.1;0.013
3540.6;0.013
3541.1;0.006
3541.6;0.003
3542.1;0.023
3542.6;0.02
3543.1;0.009
3543.6;0.021
3544.1;0.015
3544.6;0.024
3545.1;0.017
3545.6;0.012
3546.1;0.005
3546.6;0.022
3547.1;0.028
3547.6;0.017
3548.1;0.01
3548.6;0.017
3549.1;0.025
3549.6;0.007
3550.1;0.024
3550.6;0.012
3551.1;0.016
3551.6;0.024
3552.1;0.015
3552.6;0.007
3553.1;0.019
3553.6;0.017
3554.1;0.022
3554.6;0.018
3555.1;0.013
3555.6;0.014
3556.1;0.035
3556.6;0.018
3557.1;0.012
3557.6;0.024
3558.1;0.01
3558.6;0.003
3559.1;0.007
3559.6;0.015
3560.1;0.012
3560.6;0.02
3561.1;0.026
3561.6;0.028
3562.1;0.016
3562.6;0.03
3563.1;0.022
3563.6;0.018
3564.1;0.017
3564.6;0.024
3565.1;0.014
3565.6;0.012
3566.1;0.013
3566.6;0.017
3567.1;0.023
3567.6;0.021
3568.1;0.024
3568.6;0.02
3569.1;0.011
3569.6;0.002
3570.1;0.019
3570.6;0.029
3571.1;0.018
3571.6;0.008
3572.1;0.033
3572.6;0.027
3573.1;0.024
3573.6;0.036
3574.1;0.032
3574.6;0.024
3575.1;0.031
3575.6;0.032
3576.1;0.012
3576.6;0.012
3577.1;0.02
3577.6;0.015
3578.1;0.01
3578.6;0.017
3579.1;0.019
3579.6;0.021
3580.1;0.018
3580.6;0.007
3581.1;0.017
3581.6;0.011
3582.1;0.024
3582.6;0.026
3583.1;0.026
3583.6;0.019
3584.1;0.031
3584.6;0.03
3585.1;0.018
3585.6;0.017
3586.1;0.012
3586.6;0.012
3587.1;0.014
3587.6;0.013
3588.1;0.02
3588.6;0.021
3589.1;0.019
3589.6;0.012
3590.1;0.02
3590.6;0.028
3591.1;0.016
3591.6;0.015
3592.1;0.007
3592.6;0.007
3593.1;0.009
3593.6;0.011
3594.1;0.017
3594.6;0.032
3595.1;0.03
3595.6;0.01
3596.1;0.014
3596.6;0.024
3597.1;0.02
3597.6;0.008
3598.1;0.038
3598.6;0.018
3599.1;0.05
3599.6;0.027
3600.1;0.021
3600.6;0.012
3601.1;0.033
3601.6;0.028
3602.1;0.023
3602.6;0.022
3603.1;0.036
3603.6;0.015
3604.1;0.021
3604.6;0.027
3605.1;0.025
3605.6;0.017
3606.1;0.024
3606.6;0.025
3607.1;0.022
3607.6;0.034
3608.1;0.018
3608.6;0.037
3609.1;0.035
3609.6;0.018
3610.1;0.01
3610.6;0.012
3611.1;0.024
3611.6;0.047
3612.1;0.054
3612.6;0.062
3613.1;0.077
3613.6;0.087
3614.1;0.08
3614.6;0.1
3615.1;0.081
3615.6;0.078
3616.1;0.08
3616.6;0.052
3617.1;0.055
3617.6;0.054
3618.1;0.047
3618.6;0.049
3619.1;0.049
3619.6;0.043
3620.1;0.046
3620.6;0.052
3621.1;0.036
3621.6;0.043
3622.1;0.026
3622.6;0.017
3623.1;0.023
3623.6;0.013
3624.1;0.069
3624.6;0.04
3625.1;0.041
3625.6;0.015
3626.1;0.03
3626.6;0.035
3627.1;0.031
3627.6;0.019
3628.1;0.022
3628.6;0.01
3629.1;0.024
3629.6;0.005
3630.1;0.013
3630.6;0.004
3631.1;0.015
3631.6;0.017
3632.1;0.018
3632.6;0.011
3633.1;0.014
3633.6;0.001
3634.1;0.005
3634.6;0.024
3635.1;0.021
3635.6;0.035
3636.1;0.017
3636.6;0.027
3637.1;0.019
3637.6;0.029
3638.1;0.019
3638.6;0.023
3639.1;0.013
3639.6;0.008
3640.1;0.03
3640.6;0.005
3641.1;0.004
3641.6;0.026
3642.1;0.014
3642.6;0.017
3643.1;0.013
3643.6;0.016
3644.1;0.004
3644.6;0.021
3645.1;0.022
3645.6;0.04
3646.1;0.026
3646.6;0.033
3647.1;0.01
3647.6;0.029
3648.1;0.024
3648.6;0.023
3649.1;0.017
3649.6;0.02
3650.1;0.02
3650.6;0.024
3651.1;0.017
3651.6;0.024
3652.1;0.029
3652.6;0.027
3653.1;0.012
3653.6;0.009
3654.1;0.021
3654.6;0.014
3655.1;0.016
3655.6;0.018
3656.1;0.019
3656.6;0.019
3657.1;0.024
3657.6;0.017
3658.1;0.033
3658.6;0.022
3659.1;0.004
3659.6;0.013
3660.1;0.031
3660.6;0.018
3661.1;0.038
3661.6;0.016
3662.1;0.021
3662.6;0.012
3663.1;0.021
3663.6;0.022
3664.1;0.009
3664.6;0.025
3665.1;0.003
3665.6;0.001
3666.1;0.023
3666.6;0.007
3667.1;0.021
3667.6;0.012
3668.1;0.03
3668.6;0.013
3669.1;0.016
3669.6;0.021
3670.1;0.002
3670.6;0.016
3671.1;0.035
3671.6;0.021
3672.1;0.03
3672.6;0.014
3673.1;0.037
3673.6;0.02
3674.1;0.011
3674.6;0.016
3675.1;0.022
3675.6;0.01
3676.1;0.016
3676.6;0.013
3677.1;0.018
3677.6;0.024
3678.1;0.028
3678.6;0.002
3679.1;0.007
3679.6;0.019
3680.1;0.021
3680.6;0.019
3681.1;0.02
3681.6;0.014
3682.1;0.006
3682.6;0.023
3683.1;0.032
3683.6;0.008
3684.1;0.01
3684.6;0.028
3685.1;0.023
3685.6;0.013
3686.1;0.017
3686.6;0.02
3687.1;0.023
3687.6;0.013
3688.1;0.009
3688.6;0.011
3689.1;0.02
3689.6;0.017
3690.1;0.013
3690.6;0.018
3691.1;0.009
3691.6;0.011
3692.1;0.011
3692.6;0.011
3693.1;0.004
3693.6;0.016
3694.1;0.021
3694.6;0.008
3695.1;0.006
3695.6;0.021
3696.1;0.018
3696.6;0.015
3697.1;0.009
3697.6;0.005
3698.1;0.006
3698.6;0.014
3699.1;0.018
3699.6;0.021
3700.1;0.06
3700.6;0.007
3701.1;0.026
3701.6;0.009
3702.1;0.005
3702.6;0.017
3703.1;0.01
3703.6;0.013
3704.1;0.032
3704.6;0.021
3705.1;0.011
3705.6;0.014
3706.1;0.004
3706.6;0.007
3707.1;0.016
3707.6;0.015
3708.1;0.004
3708.6;0.011
3709.1;0.02
3709.6;0.023
3710.1;0.011
3710.6;0.039
3711.1;0.026
3711.6;0.005
3712.1;0.002
3712.6;0.026
3713.1;0.009
3713.6;0.009
3714.1;0.026
3714.6;0.009
3715.1;0.03
3715.6;0.021
3716.1;0.028
3716.6;0.011
3717.1;0.022
3717.6;0.042
3718.1;0.028
3718.6;0.006
3719.1;0.011
3719.6;0.02
3720.1;0.005
3720.6;0.027
3721.1;0.022
3721.6;0.008
3722.1;0.018
3722.6;0.009
3723.1;0.015
3723.6;0.012
3724.1;0.009
3724.6;0.006
3725.1;0.002
3725.6;0.015
3726.1;0.011
3726.6;0.011
3727.1;0.019
3727.6;0.025
3728.1;0.025
3728.6;0.011
3729.1;0.017
3729.6;0.011
3730.1;0.02
3730.6;0.008
3731.1;0.019
3731.6;0.014
3732.1;0.015
3732.6;0.025
3733.1;0.019
3733.6;0.021
3734.1;0.018
3734.6;0.02
3735.1;0.023
3735.6;0.009
3736.1;0.014
3736.6;0.023
3737.1;0.015
3737.6;0.026
3738.1;0.01
3738.6;0.019
3739.1;0.011
3739.6;0.017
3740.1;0.006
3740.6;0.008
3741.1;0.026
3741.6;0.011
3742.1;0.028
3742.6;0.016
3743.1;0.007
3743.6;0.023
3744.1;0.017
3744.6;0.02
3745.1;0.036
3745.6;0.02
3746.1;0.018
3746.6;0.026
3747.1;0.027
3747.6;0.019
3748.1;0.028
3748.6;0.026
3749.1;0.031
3749.6;0.021
3750.1;0.012
3750.6;0.024
3751.1;0.033
3751.6;0.012
3752.1;0.025
3752.6;0.018
3753.1;0.021
3753.6;0.02
3754.1;0.008
3754.6;0.018
3755.1;0.021
3755.6;0.008
3756.1;0.012
3756.6;0.004
3757.1;0.015
3757.6;0.012
3758.1;0.015
3758.6;0.023
3759.1;0.013
3759.6;0.017
3760.1;0.02
3760.6;0.026
3761.1;0.022
3761.6;0.018
3762.1;0.004
3762.6;0.022
3763.1;0.024
3763.6;0.018
3764.1;0.032
3764.6;0.006
3765.1;0.027
3765.6;0.018
3766.1;0.017
3766.6;0.013
3767.1;0.007
3767.6;0.009
3768.1;0.006
3768.6;0.018
3769.1;0.023
3769.6;0.021
3770.1;0.017
3770.6;0.029
3771.1;0.008
3771.6;0.017
3772.1;0.022
3772.6;0.015
3773.1;0.009
3773.6;0.024
3774.1;0.013
3774.6;0.005
3775.1;0.012
3775.6;0.025
3776.1;0.02
3776.6;0.006
3777.1;0.021
3777.6;0.01
3778.1;0.016
3778.6;0.009
3779.1;0.004
3779.6;0.033
3780.1;0.013
3780.6;0.001
3781.1;0.005
3781.6;0.026
3782.1;0.013
3782.6;0.015
3783.1;0.008
3783.6;0.025
3784.1;0.015
3784.6;0.025
3785.1;0.009
3785.6;0.023
3786.1;0.019
3786.6;0.016
3787.1;0.021
3787.6;0.007
3788.1;0.015
3788.6;0.016
3789.1;0.003
3789.6;0.022
3790.1;0.008
3790.6;0.01
3791.1;0.015
3791.6;0.01
3792.1;0.011
3792.6;0.02
3793.1;0.008
3793.6;0.021
3794.1;0.014
3794.6;0.012
3795.1;0.01
3795.6;0.019
3796.1;0.015
3796.6;0.021
3797.1;0.03
3797.6;0.016
3798.1;0.008
3798.6;0.024
3799.1;0.015
3799.6;0.013
3800.1;0.045
3800.6;0.01
3801.1;0.008
3801.6;0.021
3802.1;0.014
3802.6;0.016
3803.1;0.012
3803.6;0.007
3804.1;0.007
3804.6;0.013
3805.1;0.005
3805.6;0.02
3806.1;0.034
3806.6;0.014
3807.1;0.01
3807.6;0.028
3808.1;0.013
3808.6;0.021
3809.1;0.006
3809.6;0.009
3810.1;0.006
3810.6;0.017
3811.1;0.024
3811.6;0.012
3812.1;0.028
3812.6;0.011
3813.1;0.012
3813.6;0.032
3814.1;0.02
3814.6;0.014
3815.1;0.002
3815.6;0.014
3816.1;0.012
3816.6;0.013
3817.1;0.016
3817.6;0.015
3818.1;0.016
3818.6;0.013
3819.1;0.015
3819.6;0.01
3820.1;0.026
3820.6;0.016
3821.1;0.016
3821.6;0.002
3822.1;0.022
3822.6;0.006
3823.1;0.021
3823.6;0.006
3824.1;0.013
3824.6;0.018
3825.1;0.012
3825.6;0.024
3826.1;0.012
3826.6;0.018
3827.1;0.01
3827.6;0.012
3828.1;0.017
3828.6;0.025
3829.1;0.011
3829.6;0.011
3830.1;0.011
3830.6;0.023
3831.1;0.007
3831.6;0.023
3832.1;0.026
3832.6;0.007
3833.1;0.015
3833.6;0.023
3834.1;0.018
3834.6;0.018
3835.1;0.015
3835.6;0.034
3836.1;0.016
3836.6;0.036
3837.1;0.027
3837.6;0.022
3838.1;0.015
3838.6;0.023
3839.1;0.021
3839.6;0.011
3840.1;0.026
3840.6;0.014
3841.1;0.019
3841.6;0.033
3842.1;0.017
3842.6;0.006
3843.1;0.019
3843.6;0.008
3844.1;0.011
3844.6;0.008
3845.1;0.011
3845.6;0.024
3846.1;0.021
3846.6;0.006
3847.1;0.013
3847.6;0.023
3848.1;0.018
3848.6;0.018
3849.1;0.025
3849.6;0.017
3850.1;0.005
3850.6;0.019
3851.1;0.008
3851.6;0.022
3852.1;0.029
3852.6;0.019
3853.1;0.005
3853.6;0.016
3854.1;0.007
3854.6;0.008
3855.1;0.005
3855.6;0.011
3856.1;0.015
3856.6;0.027
3857.1;0.019
3857.6;0.025
3858.1;0.016
3858.6;0.009
3859.1;0.004
3859.6;0.005
3860.1;0.011
3860.6;0.006
3861.1;0.002
3861.6;0.009
3862.1;0.017
3862.6;0.018
3863.1;0.015
3863.6;0.013
3864.1;0.016
3864.6;0.008
3865.1;0.025
3865.6;0.015
3866.1;0.017
3866.6;0.014
3867.1;0.031
3867.6;0.018
3868.1;0.029
3868.6;0.032
3869.1;0.01
3869.6;0.017
3870.1;0.02
3870.6;0.013
3871.1;0.014
3871.6;0.013
3872.1;0.026
3872.6;0.02
3873.1;0.021
3873.6;0.028
3874.1;0.008
3874.6;0.003
3875.1;0.003
3875.6;0.018
3876.1;0.003
3876.6;0.01
3877.1;0.019
3877.6;0.012
3878.1;0.02
3878.6;0.02
3879.1;0.026
3879.6;0.018
3880.1;0.013
3880.6;0.008
3881.1;0.016
3881.6;0.023
3882.1;0.01
3882.6;0.019
3883.1;0.012
3883.6;0.023
3884.1;0.01
3884.6;0.028
3885.1;0.025
3885.6;0.02
3886.1;0.024
3886.6;0.021
3887.1;0.013
3887.6;0.014
3888.1;0.016
3888.6;0.03
3889.1;0.016
3889.6;0.026
3890.1;0.025
3890.6;0.02
3891.1;0.018
3891.6;0.008
3892.1;0.006
3892.6;0.009
3893.1;0.01
3893.6;0.024
3894.1;0.036
3894.6;0.017
3895.1;0.026
3895.6;0.032
3896.1;0.032
3896.6;0.009
3897.1;0.015
3897.6;0.02
3898.1;0.027
3898.6;0.019
3899.1;0.034
3899.6;0.028
3900.1;0.033
3900.6;0.018
3901.1;0.009
3901.6;0.018
3902.1;0.009
3902.6;0.018
3903.1;0.028
3903.6;0.016
3904.1;0.001
3904.6;0.025
3905.1;0.027
3905.6;0.021
3906.1;0.023
3906.6;0.014
3907.1;0.021
3907.6;0.01
3908.1;0.02
3908.6;0.018
3909.1;0.022
3909.6;0.006
3910.1;0.015
3910.6;0.029
3911.1;0.014
3911.6;0.021
3912.1;0.016
3912.6;0.01
3913.1;0.014
3913.6;0.006
3914.1;0.003
3914.6;0.017
3915.1;0.014
3915.6;0.022
3916.1;0.007
3916.6;0.022
3917.1;0.019
3917.6;0.02
3918.1;0.015
3918.6;0.008
3919.1;0.012
3919.6;0.01
3920.1;0.02
3920.6;0.024
3921.1;0.014
3921.6;0.004
3922.1;0.014
3922.6;0.022
3923.1;0.007
3923.6;0.012
3924.1;0.021
3924.6;0.03
3925.1;0.017
3925.6;0.02
3926.1;0.005
3926.6;0.034
3927.1;0.01
3927.6;0.02
3928.1;0.021
3928.6;0.036
3929.1;0.021
3929.6;0.018
3930.1;0.02
3930.6;0.023
3931.1;0.023
3931.6;0.026
3932.1;0.003
3932.6;0.011
3933.1;0.014
3933.6;0.026
3934.1;0.035
3934.6;0.013
3935.1;0.011
3935.6;0.02
3936.1;0.007
3936.6;0.017
3937.1;0.003
3937.6;0.007
3938.1;0.015
3938.6;0.024
3939.1;0.015
3939.6;0.016
3940.1;0.032
3940.6;0.024
3941.1;0.008
3941.6;0.017
3942.1;0.008
3942.6;0.01
3943.1;0.012
3943.6;0.024
3944.1;0.02
3944.6;0.012
3945.1;0.005
3945.6;0.002
3946.1;0.015
3946.6;0.008
3947.1;0.018
3947.6;0.022
3948.1;0.018
3948.6;0.028
3949.1;0.016
3949.6;0.007
3950.1;0.029
3950.6;0.008
3951.1;0.022
3951.6;0.018
3952.1;0.024
3952.6;0.023
3953.1;0.016
3953.6;0.018
3954.1;0.009
3954.6;0.015
3955.1;0.014
3955.6;0.009
3956.1;0.008
3956.6;0.012
3957.1;0.029
3957.6;0.011
3958.1;0.02
3958.6;0.015
3959.1;0.009
3959.6;0.013
3960.1;0.025
3960.6;0.012
3961.1;0.011
3961.6;0.001
3962.1;0.011
3962.6;0.008
3963.1;0.011
3963.6;0.011
3964.1;0.013
3964.6;0.014
3965.1;0.013
3965.6;0.019
3966.1;0.008
3966.6;0.009
3967.1;0.017
3967.6;0.015
3968.1;0.009
3968.6;0.021
3969.1;0.018
3969.6;0.011
3970.1;0.008
3970.6;0.023
3971.1;0.028
3971.6;0.028
3972.1;0.025
3972.6;0.016
3973.1;0.015
3973.6;0.013
3974.1;0.02
3974.6;0.014
3975.1;0.023
3975.6;0.007
3976.1;0.008
3976.6;0.006
3977.1;0.018
3977.6;0.012
3978.1;0.014
3978.6;0.014
3979.1;0.008
3979.6;0.025
3980.1;0.013
3980.6;0.002
3981.1;0.026
3981.6;0.021
3982.1;0.003
3982.6;0.01
3983.1;0.022
3983.6;0.017
3984.1;0.032
3984.6;0.011
3985.1;0.026
3985.6;0.027
3986.1;0.014
3986.6;0.016
3987.1;0.008
3987.6;0.017
3988.1;0.002
3988.6;0.005
3989.1;0.024
3989.6;0.006
3990.1;0.004
3990.6;0.021
3991.1;0.02
3991.6;0.01
3992.1;0.02
3992.6;0.008
3993.1;0.003
3993.6;0.01
3994.1;0.024
3994.6;0.017
3995.1;0.015
3995.6;0.024
3996.1;0.009
3996.6;0.016
3997.1;0.023
3997.6;0.016
3998.1;0.025
3998.6;0.027
3999.1;0.001
3999.6;0.007
4000.1;0.039
4000.6;0.009
4001.1;0.03
4001.6;0.02
4002.1;0.008
4002.6;0.014
4003.1;0.02
4003.6;0.032
4004.1;0.01
4004.6;0.015
4005.1;0.021
4005.6;0.016
4006.1;0.003
4006.6;0.013
4007.1;0.022
4007.6;0.022
4008.1;0.026
4008.6;0.018
4009.1;0.012
4009.6;0.02
4010.1;0.026
4010.6;0.03
4011.1;0.018
4011.6;0.006
4012.1;0.028
4012.6;0.02
4013.1;0.032
4013.6;0.033
4014.1;0.023
4014.6;0.036
4015.1;0.028
4015.6;0.021
4016.1;0.033
4016.6;0.019
4017.1;0.034
4017.6;0.023
4018.1;0.042
4018.6;0.022
4019.1;0.033
4019.6;0.025
4020.1;0.014
4020.6;0.014
4021.1;0.018
4021.6;0.012
4022.1;0.019
4022.6;0.029
4023.1;0.003
4023.6;0.006
4024.1;0.031
4024.6;0.013
4025.1;0.016
4025.6;0.024
4026.1;0.033
4026.6;0.032
4027.1;0.021
4027.6;0.032
4028.1;0.027
4028.6;0.03
4029.1;0.014
4029.6;0.047
4030.1;0.041
4030.6;0.014
4031.1;0.02
4031.6;0.022
4032.1;0.007
4032.6;0.005
4033.1;0.01
4033.6;0.027
4034.1;0.016
4034.6;0.019
4035.1;0.021
4035.6;0.017
4036.1;0.008
4036.6;0.01
4037.1;0.021
4037.6;0.029
4038.1;0.014
4038.6;0.023
4039.1;0.015
4039.6;0.012
4040.1;0.029
4040.6;0.03
4041.1;0.012
4041.6;0.027
4042.1;0.01
4042.6;0.03
4043.1;0.027
4043.6;0.004
4044.1;0.008
4044.6;0.008
4045.1;0.02
4045.6;0.015
4046.1;0.008
4046.6;0.011
4047.1;0.014
4047.6;0.017
4048.1;0.006
4048.6;0.022
4049.1;0.041
4049.6;0.008
4050.1;0.048
4050.6;0.025
4051.1;0.022
4051.6;0.023
4052.1;0.026
4052.6;0.029
4053.1;0.026
4053.6;0.016
4054.1;0.021
4054.6;0.012
4055.1;0.023
4055.6;0.014
4056.1;0.023
4056.6;0.029
4057.1;0.006
4057.6;0.009
4058.1;0.004
4058.6;0.015
4059.1;0.018
4059.6;0.013
4060.1;0.028
4060.6;0.021
4061.1;0.022
4061.6;0.014
4062.1;0.007
4062.6;0.021
4063.1;0.007
4063.6;0.011
4064.1;0.014
4064.6;0.023
4065.1;0.019
4065.6;0.009
4066.1;0.023
4066.6;0.028
4067.1;0.017
4067.6;0.021
4068.1;0.032
4068.6;0.016
4069.1;0.025
4069.6;0.016
4070.1;0.014
4070.6;0.031
4071.1;0.013
4071.6;0.02
4072.1;0.018
4072.6;0.02
4073.1;0.008
4073.6;0.011
4074.1;0.022
4074.6;0.011
4075.1;0.017
4075.6;0.013
4076.1;0.011
4076.6;0.016
4077.1;0.023
4077.6;0.004
4078.1;0.032
4078.6;0.026
4079.1;0.013
4079.6;0.01
4080.1;0.011
4080.6;0.017
4081.1;0.025
4081.6;0.003
4082.1;0.014
4082.6;0.025
4083.1;0.015
4083.6;0.018
4084.1;0.02
4084.6;0.017
4085.1;0.01
4085.6;0.037
4086.1;0.017
4086.6;0.019
4087.1;0.029
4087.6;0.019
4088.1;0.006
4088.6;0.011
4089.1;0.004
4089.6;0.025
4090.1;0.026
4090.6;0.008
4091.1;0.002
4091.6;0.018
4092.1;0.013
4092.6;0.008
4093.1;0.021
4093.6;0.017
4094.1;0.013
4094.6;0.023
4095.1;0.019
4095.6;0.004
4096.1;0.016
4096.6;0.021
4097.1;0.031
4097.6;0.037
4098.1;0.012
4098.6;0.028
4099.1;0.022
4099.6;0.019
4100.1;0.012
4100.6;0.021
4101.1;0.019
4101.6;0.017
4102.1;0.014
4102.6;0.016
4103.1;0.01
4103.6;0.012
4104.1;0.013
4104.6;0.018
4105.1;0.007
4105.6;0.01
4106.1;0.007
4106.6;0.021
4107.1;0.026
4107.6;0.016
4108.1;0.004
4108.6;0.006
4109.1;0.022
4109.6;0.017
4110.1;0.018
4110.6;0.016
4111.1;0.028
4111.6;0.019
4112.1;0.02
4112.6;0.023
4113.1;0.013
4113.6;0.021
4114.1;0.018
4114.6;0.035
4115.1;0.022
4115.6;0.016
4116.1;0.019
4116.6;0.014
4117.1;0.033
4117.6;0.021
4118.1;0.028
4118.6;0.007
4119.1;0.021
4119.6;0.007
4120.1;0.007
4120.6;0.008
4121.1;0.01
4121.6;0.015
4122.1;0.008
4122.6;0.014
4123.1;0.022
4123.6;0.011
4124.1;0.022
4124.6;0.027
4125.1;0.022
4125.6;0.019
4126.1;0.029
4126.6;0.008
4127.1;0.024
4127.6;0.014
4128.1;0.018
4128.6;0.014
4129.1;0.013
4129.6;0.011
4130.1;0.016
4130.6;0.021
4131.1;0.016
4131.6;0.01
4132.1;0.008
4132.6;0.022
4133.1;0.023
4133.6;0.009
4134.1;0.02
4134.6;0.018
4135.1;0.015
4135.6;0.016
4136.1;0.016
4136.6;0.029
4137.1;0.018
4137.6;0.018
4138.1;0.018
4138.6;0.02
4139.1;0.031
4139.6;0.009
4140.1;0.029
4140.6;0.032
4141.1;0.026
4141.6;0.009
4142.1;0.003
4142.6;0.011
4143.1;0.01
4143.6;0.012
4144.1;0.016
4144.6;0.011
4145.1;0.022
4145.6;0.005
4146.1;0.014
4146.6;0.01
4147.1;0.036
4147.6;0.016
4148.1;0.022
4148.6;0.011
4149.1;0.005
4149.6;0.015
4150.1;0.024
4150.6;0.028
4151.1;0.021
4151.6;0.013
4152.1;0.013
4152.6;0.026
4153.1;0.005
4153.6;0.021
4154.1;0.023
4154.6;0.015
4155.1;0.008
4155.6;0.013
4156.1;0.014
4156.6;0.008
4157.1;0.012
4157.6;0.016
4158.1;0.022
4158.6;0.022
4159.1;0.01
4159.6;0.008
4160.1;0.026
4160.6;0.014
4161.1;0.012
4161.6;0.021
4162.1;0.003
4162.6;0.029
4163.1;0.017
4163.6;0.008
4164.1;0.025
4164.6;0.03
4165.1;0.01
4165.6;0.02
4166.1;0.014
4166.6;0.008
4167.1;0.008
4167.6;0.013
4168.1;0.011
4168.6;0.023
4169.1;0.018
4169.6;0.006
4170.1;0.012
4170.6;0.011
4171.1;0.027
4171.6;0.01
4172.1;0.016
4172.6;0.012
4173.1;0.003
4173.6;0.018
4174.1;0.011
4174.6;0.021
4175.1;0.017
4175.6;0.013
4176.1;0.018
4176.6;0.012
4177.1;0.013
4177.6;0.011
4178.1;0.028
4178.6;0.015
4179.1;0.002
4179.6;0.011
4180.1;0.027
4180.6;0.024
4181.1;0.01
4181.6;0.021
4182.1;0.01
4182.6;0.008
4183.1;0.014
4183.6;0.016
4184.1;0.014
4184.6;0.008
4185.1;0.022
4185.6;0.027
4186.1;0.025
4186.6;0.031
4187.1;0.007
4187.6;0.014
4188.1;0.019
4188.6;0.023
4189.1;0.023
4189.6;0.012
4190.1;0.016
4190.6;0.02
4191.1;0.015
4191.6;0.01
4192.1;0.036
4192.6;0.018
4193.1;0.016
4193.6;0.017
4194.1;0.025
4194.6;0.02
4195.1;0.019
4195.6;0.008
4196.1;0.029
4196.6;0.02
4197.1;0.012
4197.6;0.012
4198.1;0.022
4198.6;0.002
4199.1;0.007
4199.6;0.033
4200.1;0.036
4200.6;0.004
4201.1;0.004
4201.6;0.01
4202.1;0.011
4202.6;0.009
4203.1;0.015
4203.6;0.003
4204.1;0.008
4204.6;0.014
4205.1;0.026
4205.6;0.024
4206.1;0.01
4206.6;0.01
4207.1;0.016
4207.6;0.028
4208.1;0.009
4208.6;0.006
4209.1;0.015
4209.6;0.021
4210.1;0.014
4210.6;0.012
4211.1;0.029
4211.6;0.026
4212.1;0.009
4212.6;0.009
4213.1;0.017
4213.6;0.012
4214.1;0.011
4214.6;0.009
4215.1;0.024
4215.6;0.008
4216.1;0.014
4216.6;0.016
4217.1;0.013
4217.6;0.025
4218.1;0.009
4218.6;0.013
4219.1;0.009
4219.6;0.004
4220.1;0.035
4220.6;0.015
4221.1;0.014
4221.6;0.022
4222.1;0.022
4222.6;0.011
4223.1;0.017
4223.6;0.017
4224.1;0.026
4224.6;0.027
4225.1;0.014
4225.6;0.013
4226.1;0.007
4226.6;0.02
4227.1;0.013
4227.6;0.009
4228.1;0.031
4228.6;0.018
4229.1;0.028
4229.6;0.007
4230.1;0.016
4230.6;0.024
4231.1;0.016
4231.6;0.026
4232.1;0.019
4232.6;0.021
4233.1;0.02
4233.6;0.025
4234.1;0.012
4234.6;0.025
4235.1;0.036
4235.6;0.018
4236.1;0.033
4236.6;0.027
4237.1;0.011
4237.6;0.007
4238.1;0.01
4238.6;0.018
4239.1;0.021
4239.6;0.023
4240.1;0.01
4240.6;0.014
4241.1;0.017
4241.6;0.016
4242.1;0.027
4242.6;0.021
4243.1;0.041
4243.6;0.017
4244.1;0.022
4244.6;0.03
4245.1;0.024
4245.6;0.029
4246.1;0.009
4246.6;0.008
4247.1;0.005
4247.6;0.003
4248.1;0.008
4248.6;0.019
4249.1;0.013
4249.6;0.018
4250.1;0.021
4250.6;0.007
4251.1;0.016
4251.6;0.004
4252.1;0.011
4252.6;0.021
4253.1;0.022
4253.6;0.011
4254.1;0.011
4254.6;0.021
4255.1;0.01
4255.6;0.022
4256.1;0.014
4256.6;0.026
4257.1;0.02
4257.6;0.006
4258.1;0.011
4258.6;0.018
4259.1;0.002
4259.6;0.022
4260.1;0.01
4260.6;0.014
4261.1;0.016
4261.6;0.004
4262.1;0.016
4262.6;0.014
4263.1;0.009
4263.6;0.015
4264.1;0.026
4264.6;0.005
4265.1;0.018
4265.6;0.011
4266.1;0.026
4266.6;0.021
4267.1;0.01
4267.6;0.016
4268.1;0.014
4268.6;0.023
4269.1;0.021
4269.6;0.015
4270.1;0.02
4270.6;0.013
4271.1;0.029
4271.6;0.016
4272.1;0.011
4272.6;0.014
4273.1;0.014
4273.6;0.014
4274.1;0.012
4274.6;0.017
4275.1;0.008
4275.6;0.005
4276.1;0.015
4276.6;0.027
4277.1;0.019
4277.6;0.01
4278.1;0.016
4278.6;0.024
4279.1;0.033
4279.6;0.01
4280.1;0.018
4280.6;0.015
4281.1;0.022
4281.6;0.028
4282.1;0.012
4282.6;0.007
4283.1;0.019
4283.6;0.013
4284.1;0.008
4284.6;0.013
4285.1;0.008
4285.6;0.015
4286.1;0.017
4286.6;0.006
4287.1;0.007
4287.6;0.014
4288.1;0.017
4288.6;0.016
4289.1;0.01
4289.6;0.02
4290.1;0.022
4290.6;0.015
4291.1;0.008
4291.6;0.014
4292.1;0.017
4292.6;0.022
4293.1;0.033
4293.6;0.025
4294.1;0.037
4294.6;0.012
4295.1;0.026
4295.6;0.021
4296.1;0.001
4296.6;0.025
4297.1;0.006
4297.6;0.01
4298.1;0.011
4298.6;0.008
4299.1;0.015
4299.6;0.016
4300.1;0.007
4300.6;0.004
4301.1;0.015
4301.6;0.019
4302.1;0.012
4302.6;0.008
4303.1;0.028
4303.6;0.002
4304.1;0.008
4304.6;0.019
4305.1;0.026
4305.6;0.01
4306.1;0.022
4306.6;0.012
4307.1;0.005
4307.6;0.014
4308.1;0.017
4308.6;0.014
4309.1;0.017
4309.6;0.027
4310.1;0.021
4310.6;0.02
4311.1;0.012
4311.6;0.026
4312.1;0.02
4312.6;0.006
4313.1;0.014
4313.6;0.015
4314.1;0.027
4314.6;0.008
4315.1;0.005
4315.6;0.015
4316.1;0.02
4316.6;0.008
4317.1;0.013
4317.6;0.028
4318.1;0.021
4318.6;0.017
4319.1;0.013
4319.6;0.009
4320.1;0.016
4320.6;0.011
4321.1;0.012
4321.6;0.008
4322.1;0.005
4322.6;0.012
4323.1;0.015
4323.6;0.002
4324.1;0.02
4324.6;0.024
4325.1;0.015
4325.6;0.003
4326.1;0.005
4326.6;0.01
4327.1;0.008
4327.6;0.015
4328.1;0.003
4328.6;0.015
4329.1;0.012
4329.6;0.009
4330.1;0.019
4330.6;0.012
4331.1;0.009
4331.6;0.007
4332.1;0.022
4332.6;0.008
4333.1;0.013
4333.6;0.007
4334.1;0.005
4334.6;0.017
4335.1;0.02
4335.6;0.015
4336.1;0.028
4336.6;0.013
4337.1;0.016
4337.6;0.002
4338.1;0.013
4338.6;0.008
4339.1;0.01
4339.6;0.02
4340.1;0.021
4340.6;0.025
4341.1;0.027
4341.6;0.008
4342.1;0.016
4342.6;0.034
4343.1;0.024
4343.6;0.012
4344.1;0.018
4344.6;0.009
4345.1;0.01
4345.6;0.018
4346.1;0.007
4346.6;0.011
4347.1;0.013
4347.6;0.005
4348.1;0.019
4348.6;0.025
4349.1;0.023
4349.6;0.011
4350.1;0.026
4350.6;0.019
4351.1;0.015
4351.6;0.014
4352.1;0.003
4352.6;0.022
4353.1;0.005
4353.6;0.007
4354.1;0.009
4354.6;0.004
4355.1;0.013
4355.6;0.004
4356.1;0.028
4356.6;0.011
4357.1;0.011
4357.6;0.024
4358.1;0.011
4358.6;0.023
4359.1;0.011
4359.6;0.011
4360.1;0.01
4360.6;0.008
4361.1;0.012
4361.6;0.007
4362.1;0.02
4362.6;0.022
4363.1;0.003
4363.6;0.011
4364.1;0.011
4364.6;0.025
4365.1;0.008
4365.6;0.018
4366.1;0.016
4366.6;0.011
4367.1;0.008
4367.6;0.018
4368.1;0.029
4368.6;0.014
4369.1;0.001
4369.6;0.018
4370.1;0.005
4370.6;0.013
4371.1;0.005
4371.6;0.029
4372.1;0.028
4372.6;0.021
4373.1;0.001
4373.6;0.013
4374.1;0.017
4374.6;0.015
4375.1;0.017
4375.6;0.007
4376.1;0.019
4376.6;0.002
4377.1;0.019
4377.6;0.021
4378.1;0.004
4378.6;0.01
4379.1;0.023
4379.6;0.029
4380.1;0.002
4380.6;0.028
4381.1;0.019
4381.6;0.029
4382.1;0.014
4382.6;0.023
4383.1;0.022
4383.6;0.011
4384.1;0.01
4384.6;0.025
4385.1;0.011
4385.6;0.013
4386.1;0.019
4386.6;0.019
4387.1;0.017
4387.6;0.004
4388.1;0.024
4388.6;0.012
4389.1;0.007
4389.6;0.008
4390.1;0.005
4390.6;0.021
4391.1;0.009
4391.6;0.021
4392.1;0.015
4392.6;0.015
4393.1;0.01
4393.6;0.014
4394.1;0.014
4394.6;0.011
4395.1;0.002
4395.6;0.027
4396.1;0.019
4396.6;0.015
4397.1;0.017
4397.6;0.004
4398.1;0.022
4398.6;0.021
4399.1;0.022
4399.6;0.014
4400.1;0.023
4400.6;0.023
4401.1;0.014
4401.6;0.022
4402.1;0.019
4402.6;0.024
4403.1;0.009
4403.6;0.015
4404.1;0.013
4404.6;0.006
4405.1;0.01
4405.6;0.016
4406.1;0.028
4406.6;0.005
4407.1;0.034
4407.6;0.017
4408.1;0.003
4408.6;0.023
4409.1;0.012
4409.6;0.027
4410.1;0.033
4410.6;0.011
4411.1;0.014
4411.6;0.021
4412.1;0.027
4412.6;0.009
4413.1;0.001
4413.6;0.011
4414.1;0.005
4414.6;0.018
4415.1;0.017
4415.6;0.011
4416.1;0.009
4416.6;0.009
4417.1;0.021
4417.6;0.004
4418.1;0.01
4418.6;0.024
4419.1;0.025
4419.6;0.021
4420.1;0.022
4420.6;0.011
4421.1;0.006
4421.6;0.029
4422.1;0.009
4422.6;0.012
4423.1;0.017
4423.6;0.015
4424.1;0.019
4424.6;0.011
4425.1;0.015
4425.6;0.009
4426.1;0.007
4426.6;0.017
4427.1;0.01
4427.6;0.009
4428.1;0.013
4428.6;0.025
4429.1;0.016
4429.6;0.005
4430.1;0.012
4430.6;0.018
4431.1;0.013
4431.6;0.014
4432.1;0.019
4432.6;0.014
4433.1;0.018
4433.6;0.017
4434.1;0.01
4434.6;0.018
4435.1;0.007
4435.6;0.012
4436.1;0.006
4436.6;0.022
4437.1;0.008
4437.6;0.014
4438.1;0.016
4438.6;0.017
4439.1;0.027
4439.6;0.011
4440.1;0.011
4440.6;0.009
4441.1;0.018
4441.6;0.01
4442.1;0.022
4442.6;0.012
4443.1;0.013
4443.6;0.012
4444.1;0.017
4444.6;0.009
4445.1;0.011
4445.6;0.009
4446.1;0.016
4446.6;0.006
4447.1;0.009
4447.6;0.019
4448.1;0.013
4448.6;0.021
4449.1;0.008
4449.6;0.002
4450.1;0.008
4450.6;0.012
4451.1;0.01
4451.6;0.006
4452.1;0.016
4452.6;0.013
4453.1;0.018
4453.6;0.014
4454.1;0.016
4454.6;0.024
4455.1;0.009
4455.6;0.018
4456.1;0.021
4456.6;0.02
4457.1;0.006
4457.6;0.007
4458.1;0.006
4458.6;0.012
4459.1;0.006
4459.6;0.013
4460.1;0.022
4460.6;0.011
4461.1;0.01
4461.6;0.006
4462.1;0.025
4462.6;0.019
4463.1;0.011
4463.6;0.028
4464.1;0.016
4464.6;0.018
4465.1;0.014
4465.6;0.032
4466.1;0.004
4466.6;0.017
4467.1;0.014
4467.6;0.004
4468.1;0.038
4468.6;0.008
4469.1;0.02
4469.6;0.007
4470.1;0.02
4470.6;0.015
4471.1;0.013
4471.6;0.013
4472.1;0.007
4472.6;0.017
4473.1;0.005
4473.6;0.002
4474.1;0.004
4474.6;0.006
4475.1;0.013
4475.6;0.007
4476.1;0.014
4476.6;0.012
4477.1;0.03
4477.6;0.017
4478.1;0.014
4478.6;0.008
4479.1;0.015
4479.6;0.006
4480.1;0.01
4480.6;0.019
4481.1;0.01
4481.6;0.006
4482.1;0.005
4482.6;0.017
4483.1;0.018
4483.6;0.024
4484.1;0.015
4484.6;0.016
4485.1;0.016
4485.6;0.011
4486.1;0.003
4486.6;0.022
4487.1;0.007
4487.6;0.011
4488.1;0.013
4488.6;0.023
4489.1;0.015
4489.6;0.018
4490.1;0.01
4490.6;0.023
4491.1;0.034
4491.6;0.012
4492.1;0.025
4492.6;0.03
4493.1;0.026
4493.6;0.038
4494.1;0.016
4494.6;0.033
4495.1;0.016
4495.6;0.03
4496.1;0.018
4496.6;0.033
4497.1;0.016
4497.6;0.019
4498.1;0.009
4498.6;0.027
4499.1;0.023
4499.6;0.009
4500.1;0.008
4500.6;0.023
4501.1;0.016
4501.6;0.021
4502.1;0.021
4502.6;0.007
4503.1;0.007
4503.6;0.015
4504.1;0.012
4504.6;0.003
4505.1;0.01
4505.6;0.013
4506.1;0.017
4506.6;0.014
4507.1;0.016
4507.6;0.01
4508.1;0.018
4508.6;0.021
4509.1;0.022
4509.6;0.022
4510.1;0.02
4510.6;0.012
4511.1;0.021
4511.6;0.02
4512.1;0.017
4512.6;0.01
4513.1;0.007
4513.6;0.004
4514.1;0.009
4514.6;0.023
4515.1;0.016
4515.6;0.02
4516.1;0.012
4516.6;0.014
4517.1;0.015
4517.6;0.02
4518.1;0.011
4518.6;0.016
4519.1;0.004
4519.6;0.022
4520.1;0.014
4520.6;0.009
4521.1;0.017
4521.6;0.007
4522.1;0.005
4522.6;0.016
4523.1;0.015
4523.6;0.012
4524.1;0.012
4524.6;0.024
4525.1;0.021
4525.6;0.017
4526.1;0.024
4526.6;0.025
4527.1;0.023
4527.6;0.011
4528.1;0.018
4528.6;0.015
4529.1;0.022
4529.6;0.008
4530.1;0.013
4530.6;0.015
4531.1;0.011
4531.6;0.007
4532.1;0.015
4532.6;0.022
4533.1;0.013
4533.6;0.013
4534.1;0.007
4534.6;0.019
4535.1;0.019
4535.6;0.019
4536.1;0.01
4536.6;0.013
4537.1;0.02
4537.6;0.005
4538.1;0.017
4538.6;0.014
4539.1;0.014
4539.6;0.007
4540.1;0.02
4540.6;0.007
4541.1;0.01
4541.6;0.02
4542.1;0.03
4542.6;0.021
4543.1;0.019
4543.6;0.001
4544.1;0.014
4544.6;0.003
4545.1;0.013
4545.6;0.027
4546.1;0.015
4546.6;0.018
4547.1;0.011
4547.6;0.001
4548.1;0.019
4548.6;0.015
4549.1;0.006
4549.6;0.017
4550.1;0.009
4550.6;0.023
4551.1;0.008
4551.6;0.012
4552.1;0.012
4552.6;0.025
4553.1;0.02
4553.6;0.015
4554.1;0.014
4554.6;0.008
4555.1;0.015
4555.6;0.012
4556.1;0.004
4556.6;0.012
4557.1;0.012
4557.6;0.028
4558.1;0.014
4558.6;0.012
4559.1;0.021
4559.6;0.016
4560.1;0.019
4560.6;0.012
4561.1;0.011
4561.6;0.006
4562.1;0.027
4562.6;0.035
4563.1;0.026
4563.6;0.021
4564.1;0.023
4564.6;0.018
4565.1;0.003
4565.6;0.011
4566.1;0.007
4566.6;0.01
4567.1;0.012
4567.6;0.01
4568.1;0.007
4568.6;0.006
4569.1;0.013
4569.6;0.014
4570.1;0.004
4570.6;0.007
4571.1;0.005
4571.6;0.009
4572.1;0.016
4572.6;0.016
4573.1;0.025
4573.6;0.024
4574.1;0.021
4574.6;0.007
4575.1;0.022
4575.6;0.018
4576.1;0.008
4576.6;0.028
4577.1;0.008
4577.6;0.012
4578.1;0.029
4578.6;0.006
4579.1;0.003
4579.6;0.02
4580.1;0.015
4580.6;0.022
4581.1;0.013
4581.6;0.013
4582.1;0.021
4582.6;0.02
4583.1;0.013
4583.6;0.022
4584.1;0.01
4584.6;0.013
4585.1;0.018
4585.6;0.014
4586.1;0.008
4586.6;0.018
4587.1;0.02
4587.6;0.017
4588.1;0.025
4588.6;0.012
4589.1;0.021
4589.6;0.006
4590.1;0.014
4590.6;0.016
4591.1;0.009
4591.6;0.031
4592.1;0.009
4592.6;0.004
4593.1;0.02
4593.6;0.008
4594.1;0.008
4594.6;0.006
4595.1;0.004
4595.6;0.006
4596.1;0.024
4596.6;0.023
4597.1;0.02
4597.6;0.017
4598.1;0.013
4598.6;0.012
4599.1;0.013
4599.6;0.014
4600.1;0.019
4600.6;0.011
4601.1;0.014
4601.6;0.006
4602.1;0.016
4602.6;0.023
4603.1;0.018
4603.6;0.016
4604.1;0.015
4604.6;0.027
4605.1;0.009
4605.6;0.007
4606.1;0.012
4606.6;0.005
4607.1;0.014
4607.6;0.023
4608.1;0.009
4608.6;0.021
4609.1;0.023
4609.6;0.032
4610.1;0.021
4610.6;0.002
4611.1;0.023
4611.6;0.016
4612.1;0.01
4612.6;0.014
4613.1;0.012
4613.6;0.012
4614.1;0.026
4614.6;0.011
4615.1;0.011
4615.6;0.032
4616.1;0.01
4616.6;0.017
4617.1;0.026
4617.6;0.024
4618.1;0.014
4618.6;0.009
4619.1;0.016
4619.6;0.02
4620.1;0.016
4620.6;0.015
4621.1;0.015
4621.6;0.013
4622.1;0.015
4622.6;0.02
4623.1;0.026
4623.6;0.005
4624.1;0.016
4624.6;0.012
4625.1;0.005
4625.6;0.023
4626.1;0.01
4626.6;0.009
4627.1;0.015
4627.6;0.021
4628.1;0.028
4628.6;0.013
4629.1;0.003
4629.6;0.007
4630.1;0.022
4630.6;0.005
4631.1;0.002
4631.6;0.01
4632.1;0.013
4632.6;0.01
4633.1;0.024
4633.6;0.014
4634.1;0.015
4634.6;0.006
4635.1;0.008
4635.6;0.009
4636.1;0.005
4636.6;0.013
4637.1;0.021
4637.6;0.019
4638.1;0.022
4638.6;0.026
4639.1;0.018
4639.6;0.01
4640.1;0.005
4640.6;0.012
4641.1;0.019
4641.6;0.012
4642.1;0.011
4642.6;0.019
4643.1;0.008
4643.6;0.016
4644.1;0.004
4644.6;0.026
4645.1;0.02
4645.6;0.003
4646.1;0.023
4646.6;0.011
4647.1;0.027
4647.6;0.02
4648.1;0.008
4648.6;0.013
4649.1;0.026
4649.6;0.016
4650.1;0.007
4650.6;0.002
4651.1;0.001
4651.6;0.009
4652.1;0.012
4652.6;0.021
4653.1;0.008
4653.6;0.012
4654.1;0.012
4654.6;0.025
4655.1;0.012
4655.6;0.004
4656.1;0.008
4656.6;0.003
4657.1;0.02
4657.6;0.022
4658.1;0.014
4658.6;0.021
4659.1;0.02
4659.6;0.015
4660.1;0.017
4660.6;0.017
4661.1;0.008
4661.6;0.011
4662.1;0.005
4662.6;0.012
4663.1;0.007
4663.6;0.015
4664.1;0.015
4664.6;0.017
4665.1;0.018
4665.6;0.008
4666.1;0.014
4666.6;0.023
4667.1;0.008
4667.6;0.006
4668.1;0.01
4668.6;0.009
4669.1;0.012
4669.6;0.013
4670.1;0.011
4670.6;0.015
4671.1;0.002
4671.6;0.016
4672.1;0.017
4672.6;0.017
4673.1;0.011
4673.6;0.01
4674.1;0.005
4674.6;0.028
4675.1;0.013
4675.6;0.019
4676.1;0.015
4676.6;0.016
4677.1;0.015
4677.6;0.002
4678.1;0.011
4678.6;0.014
4679.1;0.012
4679.6;0.013
4680.1;0.017
4680.6;0.01
4681.1;0.031
4681.6;0.005
4682.1;0.021
4682.6;0.009
4683.1;0.027
4683.6;0.01
4684.1;0.022
4684.6;0.012
4685.1;0.005
4685.6;0.006
4686.1;0.014
4686.6;0.024
4687.1;0.019
4687.6;0.019
4688.1;0.016
4688.6;0.006
4689.1;0.005
4689.6;0.014
4690.1;0.009
4690.6;0.01
4691.1;0.007
4691.6;0.006
4692.1;0.012
4692.6;0.004
4693.1;0.024
4693.6;0.005
4694.1;0.01
4694.6;0.01
4695.1;0.016
4695.6;0.023
4696.1;0.025
4696.6;0.011
4697.1;0.008
4697.6;0.003
4698.1;0.021
4698.6;0.029
4699.1;0.012
4699.6;0.012
4700.1;0.011
4700.6;0.015
4701.1;0.02
4701.6;0.006
4702.1;0.004
4702.6;0.011
4703.1;0.007
4703.6;0.02
4704.1;0.012
4704.6;0.013
4705.1;0.017
4705.6;0.009
4706.1;0.015
4706.6;0.011
4707.1;0.027
4707.6;0.014
4708.1;0.009
4708.6;0.003
4709.1;0.01
4709.6;0.018
4710.1;0.025
4710.6;0.008
4711.1;0.017
4711.6;0.016
4712.1;0.013
4712.6;0.001
4713.1;0.023
4713.6;0.009
4714.1;0.025
4714.6;0.023
4715.1;0.016
4715.6;0.018
4716.1;0.026
4716.6;0.027
4717.1;0.019
4717.6;0.018
4718.1;0.014
4718.6;0.021
4719.1;0.019
4719.6;0.013
4720.1;0.007
4720.6;0.01
4721.1;0.022
4721.6;0.019
4722.1;0.024
4722.6;0.004
4723.1;0.024
4723.6;0.017
4724.1;0.02
4724.6;0.01
4725.1;0.015
4725.6;0.007
4726.1;0.01
4726.6;0.009
4727.1;0.022
4727.6;0.031
4728.1;0.011
4728.6;0.012
4729.1;0.019
4729.6;0.021
4730.1;0.014
4730.6;0.027
4731.1;0.02
4731.6;0.003
4732.1;0.015
4732.6;0.01
4733.1;0.017
4733.6;0.009
4734.1;0.01
4734.6;0.008
4735.1;0.01
4735.6;0.012
4736.1;0.008
4736.6;0.01
4737.1;0.008
4737.6;0.008
4738.1;0.012
4738.6;0.013
4739.1;0.014
4739.6;0.016
4740.1;0.026
4740.6;0.01
4741.1;0.008
4741.6;0.003
4742.1;0.013
4742.6;0.016
4743.1;0.008
4743.6;0.019
4744.1;0.02
4744.6;0.012
4745.1;0.021
4745.6;0.014
4746.1;0.006
4746.6;0.012
4747.1;0.009
4747.6;0.009
4748.1;0.013
4748.6;0.01
4749.1;0.007
4749.6;0.013
4750.1;0.02
4750.6;0.02
4751.1;0.004
4751.6;0.019
4752.1;0.009
4752.6;0.018
4753.1;0.009
4753.6;0.013
4754.1;0.005
4754.6;0.006
4755.1;0.027
4755.6;0.006
4756.1;0.022
4756.6;0.017
4757.1;0.009
4757.6;0.011
4758.1;0.013
4758.6;0.025
4759.1;0.013
4759.6;0.028
4760.1;0.02
4760.6;0.016
4761.1;0.004
4761.6;0.008
4762.1;0.012
4762.6;0.007
4763.1;0.01
4763.6;0.013
4764.1;0.013
4764.6;0.011
4765.1;0.011
4765.6;0.005
4766.1;0.024
4766.6;0.012
4767.1;0.016
4767.6;0.003
4768.1;0.01
4768.6;0.022
4769.1;0.032
4769.6;0.007
4770.1;0.008
4770.6;0.011
4771.1;0.046
4771.6;0.02
4772.1;0.017
4772.6;0.027
4773.1;0.035
4773.6;0.013
4774.1;0.023
4774.6;0.018
4775.1;0.029
4775.6;0.012
4776.1;0.011
4776.6;0.004
4777.1;0.014
4777.6;0.01
4778.1;0.018
4778.6;0.013
4779.1;0.028
4779.6;0.02
4780.1;0.012
4780.6;0.012
4781.1;0.016
4781.6;0.019
4782.1;0.009
4782.6;0.005
4783.1;0.009
4783.6;0.026
4784.1;0.012
4784.6;0.012
4785.1;0.012
4785.6;0.01
4786.1;0.022
4786.6;0.02
4787.1;0.006
4787.6;0.01
4788.1;0.008
4788.6;0.016
4789.1;0.011
4789.6;0.018
4790.1;0.008
4790.6;0.03
4791.1;0.024
4791.6;0.012
4792.1;0.012
4792.6;0.025
4793.1;0.018
4793.6;0.003
4794.1;0.012
4794.6;0.018
4795.1;0.013
4795.6;0.018
4796.1;0.014
4796.6;0.011
4797.1;0.008
4797.6;0.008
4798.1;0.013
4798.6;0.009
4799.1;0.002
4799.6;0.006
4800.1;0.018
4800.6;0.003
4801.1;0.017
4801.6;0.013
4802.1;0.018
4802.6;0.008
4803.1;0.013
4803.6;0.014
4804.1;0.012
4804.6;0.016
4805.1;0.004
4805.6;0.008
4806.1;0.017
4806.6;0.034
4807.1;0.016
4807.6;0.024
4808.1;0.016
4808.6;0.018
4809.1;0.006
4809.6;0.012
4810.1;0.01
4810.6;0.009
4811.1;0.006
4811.6;0.002
4812.1;0.011
4812.6;0.008
4813.1;0.014
4813.6;0.011
4814.1;0.01
4814.6;0.003
4815.1;0.002
4815.6;0.007
4816.1;0.013
4816.6;0.019
4817.1;0.008
4817.6;0.018
4818.1;0.011
4818.6;0.007
4819.1;0.007
4819.6;0.016
4820.1;0.018
4820.6;0.009
4821.1;0.009
4821.6;0.015
4822.1;0.039
4822.6;0.006
4823.1;0.005
4823.6;0.012
4824.1;0.01
4824.6;0.018
4825.1;0.018
4825.6;0.017
4826.1;0.017
4826.6;0.013
4827.1;0.016
4827.6;0.013
4828.1;0.017
4828.6;0.016
4829.1;0.006
4829.6;0.011
4830.1;0.015
4830.6;0.01
4831.1;0.008
4831.6;0.02
4832.1;0.003
4832.6;0.013
4833.1;0.025
4833.6;0.012
4834.1;0.014
4834.6;0.021
4835.1;0.013
4835.6;0.01
4836.1;0.022
4836.6;0.018
4837.1;0.012
4837.6;0.016
4838.1;0.005
4838.6;0.002
4839.1;0.011
4839.6;0.014
4840.1;0.005
4840.6;0.017
4841.1;0.028
4841.6;0.011
4842.1;0.021
4842.6;0.011
4843.1;0.032
4843.6;0.007
4844.1;0.014
4844.6;0.005
4845.1;0.004
4845.6;0.018
4846.1;0.01
4846.6;0.017
4847.1;0.018
4847.6;0.012
4848.1;0.011
4848.6;0.002
4849.1;0.004
4849.6;0.013
4850.1;0.016
4850.6;0.008
4851.1;0.012
4851.6;0.004
4852.1;0.017
4852.6;0.004
4853.1;0.008
4853.6;0.009
4854.1;0.024
4854.6;0.018
4855.1;0.026
4855.6;0.017
4856.1;0.006
4856.6;0.016
4857.1;0.025
4857.6;0.018
4858.1;0.014
4858.6;0.011
4859.1;0.023
4859.6;0.033
4860.1;0.011
4860.6;0.029
4861.1;0.019
4861.6;0.022
4862.1;0.007
4862.6;0.011
4863.1;0.014
4863.6;0.012
4864.1;0.017
4864.6;0.006
4865.1;0.002
4865.6;0.006
4866.1;0.017
4866.6;0.021
4867.1;0.017
4867.6;0.003
4868.1;0.001
4868.6;0.014
4869.1;0.007
4869.6;0.026
4870.1;0.01
4870.6;0.007
4871.1;0.011
4871.6;0.009
4872.1;0.018
4872.6;0.011
4873.1;0.014
4873.6;0.008
4874.1;0.011
4874.6;0.014
4875.1;0.026
4875.6;0.014
4876.1;0.027
4876.6;0.004
4877.1;0.019
4877.6;0.019
4878.1;0.016
4878.6;0.013
4879.1;0.01
4879.6;0.012
4880.1;0.026
4880.6;0.005
4881.1;0.002
4881.6;0.007
4882.1;0.012
4882.6;0.016
4883.1;0.008
4883.6;0.026
4884.1;0.018
4884.6;0.011
4885.1;0.014
4885.6;0.012
4886.1;0.005
4886.6;0.006
4887.1;0.015
4887.6;0.006
4888.1;0.004
4888.6;0.012
4889.1;0.012
4889.6;0.023
4890.1;0.029
4890.6;0.012
4891.1;0.019
4891.6;0.014
4892.1;0.012
4892.6;0.021
4893.1;0.018
4893.6;0.018
4894.1;0.017
4894.6;0.008
4895.1;0.005
4895.6;0.009
4896.1;0.012
4896.6;0.025
4897.1;0.006
4897.6;0.009
4898.1;0.009
4898.6;0.005
4899.1;0.017
4899.6;0.012
4900.1;0.01
4900.6;0.002
4901.1;0.012
4901.6;0.018
4902.1;0.011
4902.6;0.008
4903.1;0.005
4903.6;0.019
4904.1;0.028
4904.6;0.013
4905.1;0.007
4905.6;0.021
4906.1;0.011
4906.6;0.022
4907.1;0.018
4907.6;0.005
4908.1;0.003
4908.6;0.005
4909.1;0.015
4909.6;0.029
4910.1;0.013
4910.6;0.019
4911.1;0.008
4911.6;0.006
4912.1;0.007
4912.6;0.002
4913.1;0.01
4913.6;0.009
4914.1;0.007
4914.6;0.021
4915.1;0.003
4915.6;0.017
4916.1;0.012
4916.6;0.016
4917.1;0.01
4917.6;0.011
4918.1;0.016
4918.6;0.018
4919.1;0.01
4919.6;0.005
4920.1;0.019
4920.6;0.02
4921.1;0.024
4921.6;0.003
4922.1;0.019
4922.6;0.016
4923.1;0.022
4923.6;0.014
4924.1;0.015
4924.6;0.012
4925.1;0.009
4925.6;0.007
4926.1;0.009
4926.6;0.012
4927.1;0.006
4927.6;0.006
4928.1;0.008
4928.6;0.009
4929.1;0.023
4929.6;0.025
4930.1;0.006
4930.6;0.022
4931.1;0.021
4931.6;0.016
4932.1;0.007
4932.6;0.021
4933.1;0.03
4933.6;0.014
4934.1;0.011
4934.6;0.008
4935.1;0.022
4935.6;0.005
4936.1;0.01
4936.6;0.017
4937.1;0.012
4937.6;0.008
4938.1;0.01
4938.6;0.003
4939.1;0.018
4939.6;0.029
4940.1;0.008
4940.6;0.013
4941.1;0.007
4941.6;0.017
4942.1;0.022
4942.6;0.017
4943.1;0.022
4943.6;0.018
4944.1;0.012
4944.6;0.016
4945.1;0.015
4945.6;0.013
4946.1;0.011
4946.6;0.014
4947.1;0.02
4947.6;0.018
4948.1;0.015
4948.6;0.023
4949.1;0.016
4949.6;0.015
4950.1;0.005
4950.6;0.009
4951.1;0.014
4951.6;0.002
4952.1;0.009
4952.6;0.022
4953.1;0.007
4953.6;0.016
4954.1;0.017
4954.6;0.013
4955.1;0.009
4955.6;0.02
4956.1;0.008
4956.6;0.013
4957.1;0.008
4957.6;0.021
4958.1;0.01
4958.6;0.015
4959.1;0.01
4959.6;0.002
4960.1;0.006
4960.6;0.012
4961.1;0.014
4961.6;0.009
4962.1;0.026
4962.6;0.014
4963.1;0.017
4963.6;0.007
4964.1;0.02
4964.6;0.007
4965.1;0.009
4965.6;0.021
4966.1;0.015
4966.6;0.012
4967.1;0.01
4967.6;0.012
4968.1;0.019
4968.6;0.033
4969.1;0.01
4969.6;0.01
4970.1;0.006
4970.6;0.005
4971.1;0.014
4971.6;0.021
4972.1;0.012
4972.6;0.008
4973.1;0.016
4973.6;0.013
4974.1;0.018
4974.6;0.008
4975.1;0.013
4975.6;0.026
4976.1;0.008
4976.6;0.009
4977.1;0.009
4977.6;0.01
4978.1;0.011
4978.6;0.006
4979.1;0.006
4979.6;0.007
4980.1;0.002
4980.6;0.009
4981.1;0.025
4981.6;0.014
4982.1;0.003
4982.6;0.018
4983.1;0.028
4983.6;0.01
4984.1;0.015
4984.6;0.02
4985.1;0.014
4985.6;0.024
4986.1;0.016
4986.6;0.018
4987.1;0.012
4987.6;0.012
4988.1;0.008
4988.6;0.009
4989.1;0.007
4989.6;0.019
4990.1;0.021
4990.6;0.004
4991.1;0.009
4991.6;0.011
4992.1;0.014
4992.6;0.014
4993.1;0.016
4993.6;0.02
4994.1;0.01
4994.6;0.008
4995.1;0.012
4995.6;0.007
4996.1;0.008
4996.6;0.01
4997.1;0.013
4997.6;0.019
4998.1;0.015
4998.6;0.014
4999.1;0.012
4999.6;0.012
5000.1;0.027
5000.6;0.026
5001.1;0.005
5001.6;0.01
5002.1;0.009
5002.6;0.013
5003.1;0.005
5003.6;0.028
5004.1;0.007
5004.6;0.007
5005.1;0.008
5005.6;0.026
5006.1;0.004
5006.6;0.022
5007.1;0.012
5007.6;0.01
5008.1;0.012
5008.6;0.01
5009.1;0.002
5009.6;0.014
5010.1;0.003
5010.6;0.009
5011.1;0.007
5011.6;0.009
5012.1;0.016
5012.6;0.015
5013.1;0.008
5013.6;0.018
5014.1;0.016
5014.6;0.015
5015.1;0.016
5015.6;0.013
5016.1;0.012
5016.6;0.017
5017.1;0.022
5017.6;0.02
5018.1;0.012
5018.6;0.019
5019.1;0.018
5019.6;0.011
5020.1;0.005
5020.6;0.008
5021.1;0.006
5021.6;0.012
5022.1;0.009
5022.6;0.005
5023.1;0.013
5023.6;0.023
5024.1;0.016
5024.6;0.004
5025.1;0.009
5025.6;0.009
5026.1;0.01
5026.6;0.015
5027.1;0.01
5027.6;0.027
5028.1;0.009
5028.6;0.032
5029.1;0.009
5029.6;0.01
5030.1;0.017
5030.6;0.016
5031.1;0.012
5031.6;0.019
5032.1;0.011
5032.6;0.017
5033.1;0.012
5033.6;0.012
5034.1;0.019
5034.6;0.01
5035.1;0.019
5035.6;0.008
5036.1;0.001
5036.6;0.009
5037.1;0.018
5037.6;0.012
5038.1;0.015
5038.6;0.001
5039.1;0.005
5039.6;0.005
5040.1;0.009
5040.6;0.006
5041.1;0.021
5041.6;0.012
5042.1;0.012
5042.6;0.007
5043.1;0.008
5043.6;0.01
5044.1;0.007
5044.6;0.011
5045.1;0.007
5045.6;0.006
5046.1;0.021
5046.6;0.007
5047.1;0.009
5047.6;0.01
5048.1;0.022
5048.6;0.009
5049.1;0.019
5049.6;0.009
5050.1;0.016
5050.6;0.014
5051.1;0.021
5051.6;0.008
5052.1;0.01
5052.6;0.002
5053.1;0.011
5053.6;0.017
5054.1;0.011
5054.6;0.011
5055.1;0.012
5055.6;0.027
5056.1;0.012
5056.6;0.005
5057.1;0.01
5057.6;0.005
5058.1;0.018
5058.6;0.021
5059.1;0.022
5059.6;0.013
5060.1;0.009
5060.6;0.008
5061.1;0.012
5061.6;0.021
5062.1;0.003
5062.6;0.008
5063.1;0.021
5063.6;0.009
5064.1;0.016
5064.6;0.013
5065.1;0.008
5065.6;0.008
5066.1;0.002
5066.6;0.016
5067.1;0.01
5067.6;0.01
5068.1;0.026
5068.6;0.011
5069.1;0.014
5069.6;0.012
5070.1;0.023
5070.6;0.01
5071.1;0.013
5071.6;0.008
5072.1;0.003
5072.6;0.022
5073.1;0.01
5073.6;0.017
5074.1;0.007
5074.6;0.011
5075.1;0.021
5075.6;0.025
5076.1;0.005
5076.6;0.026
5077.1;0.028
5077.6;0.006
5078.1;0.017
5078.6;0.004
5079.1;0.008
5079.6;0.021
5080.1;0.011
5080.6;0.022
5081.1;0.015
5081.6;0.016
5082.1;0.008
5082.6;0.014
5083.1;0.015
5083.6;0.008
5084.1;0.012
5084.6;0.008
5085.1;0.009
5085.6;0.017
5086.1;0.014
5086.6;0.012
5087.1;0.012
5087.6;0.003
5088.1;0.004
5088.6;0.012
5089.1;0.021
5089.6;0.017
5090.1;0.013
5090.6;0.018
5091.1;0.01
5091.6;0.026
5092.1;0.009
5092.6;0.02
5093.1;0.003
5093.6;0.019
5094.1;0.017
5094.6;0.01
5095.1;0.019
5095.6;0.011
5096.1;0.011
5096.6;0.007
5097.1;0.019
5097.6;0.004
5098.1;0.007
5098.6;0.013
5099.1;0.027
5099.6;0.006
5100.1;0.01
5100.6;0.0
5101.1;0.012
5101.6;0.009
5102.1;0.005
5102.6;0.019
5103.1;0.019
5103.6;0.028
5104.1;0.013
5104.6;0.005
5105.1;0.024
5105.6;0.014
5106.1;0.015
5106.6;0.016
5107.1;0.015
5107.6;0.017
5108.1;0.019
5108.6;0.016
5109.1;0.007
5109.6;0.017
5110.1;0.019
5110.6;0.003
5111.1;0.015
5111.6;0.013
5112.1;0.016
5112.6;0.008
5113.1;0.004
5113.6;0.018
5114.1;0.035
5114.6;0.027
5115.1;0.026
5115.6;0.004
5116.1;0.013
5116.6;0.027
5117.1;0.02
5117.6;0.004
5118.1;0.005
5118.6;0.012
5119.1;0.018
5119.6;0.017
5120.1;0.009
5120.6;0.018
5121.1;0.017
5121.6;0.008
5122.1;0.013
5122.6;0.016
5123.1;0.011
5123.6;0.012
5124.1;0.017
5124.6;0.009
5125.1;0.02
5125.6;0.016
5126.1;0.007
5126.6;0.016
5127.1;0.016
5127.6;0.014
5128.1;0.01
5128.6;0.019
5129.1;0.02
5129.6;0.009
5130.1;0.025
5130.6;0.01
5131.1;0.014
5131.6;0.008
5132.1;0.021
5132.6;0.016
5133.1;0.005
5133.6;0.011
5134.1;0.016
5134.6;0.009
5135.1;0.002
5135.6;0.006
5136.1;0.006
5136.6;0.011
5137.1;0.007
5137.6;0.01
5138.1;0.015
5138.6;0.007
5139.1;0.013
5139.6;0.006
5140.1;0.01
5140.6;0.005
5141.1;0.006
5141.6;0.019
5142.1;0.007
5142.6;0.016
5143.1;0.013
5143.6;0.024
5144.1;0.009
5144.6;0.006
5145.1;0.008
5145.6;0.014
5146.1;0.018
5146.6;0.014
5147.1;0.021
5147.6;0.009
5148.1;0.015
5148.6;0.01
5149.1;0.004
5149.6;0.011
5150.1;0.027
5150.6;0.009
5151.1;0.011
5151.6;0.013
5152.1;0.003
5152.6;0.01
5153.1;0.011
5153.6;0.012
5154.1;0.019
5154.6;0.012
5155.1;0.01
5155.6;0.014
5156.1;0.005
5156.6;0.016
5157.1;0.021
5157.6;0.019
5158.1;0.01
5158.6;0.003
5159.1;0.015
5159.6;0.015
5160.1;0.011
5160.6;0.014
5161.1;0.014
5161.6;0.013
5162.1;0.009
5162.6;0.007
5163.1;0.013
5163.6;0.011
5164.1;0.014
5164.6;0.009
5165.1;0.023
5165.6;0.023
5166.1;0.009
5166.6;0.013
5167.1;0.02
5167.6;0.002
5168.1;0.021
5168.6;0.006
5169.1;0.008
5169.6;0.017
5170.1;0.003
5170.6;0.011
5171.1;0.019
5171.6;0.013
5172.1;0.02
5172.6;0.007
5173.1;0.017
5173.6;0.01
5174.1;0.008
5174.6;0.01
5175.1;0.008
5175.6;0.008
5176.1;0.008
5176.6;0.017
5177.1;0.0
5177.6;0.012
5178.1;0.009
5178.6;0.011
5179.1;0.005
5179.6;0.024
5180.1;0.017
5180.6;0.01
5181.1;0.005
5181.6;0.005
5182.1;0.006
5182.6;0.008
5183.1;0.004
5183.6;0.006
5184.1;0.017
5184.6;0.019
5185.1;0.01
5185.6;0.015
5186.1;0.008
5186.6;0.005
5187.1;0.023
5187.6;0.005
5188.1;0.012
5188.6;0.011
5189.1;0.01
5189.6;0.005
5190.1;0.015
5190.6;0.013
5191.1;0.005
5191.6;0.007
5192.1;0.024
5192.6;0.004
5193.1;0.009
5193.6;0.007
5194.1;0.007
5194.6;0.011
5195.1;0.025
5195.6;0.014
5196.1;0.012
5196.6;0.022
5197.1;0.017
5197.6;0.014
5198.1;0.017
5198.6;0.015
5199.1;0.007
5199.6;0.015
5200.1;0.019
5200.6;0.007
5201.1;0.022
5201.6;0.007
5202.1;0.003
5202.6;0.023
5203.1;0.023
5203.6;0.008
5204.1;0.005
5204.6;0.013
5205.1;0.012
5205.6;0.02
5206.1;0.011
5206.6;0.02
5207.1;0.013
5207.6;0.008
5208.1;0.018
5208.6;0.018
5209.1;0.018
5209.6;0.017
5210.1;0.019
5210.6;0.004
5211.1;0.014
5211.6;0.019
5212.1;0.01
5212.6;0.003
5213.1;0.019
5213.6;0.022
5214.1;0.012
5214.6;0.019
5215.1;0.008
5215.6;0.01
5216.1;0.009
5216.6;0.009
5217.1;0.016
5217.6;0.018
5218.1;0.019
5218.6;0.004
5219.1;0.012
5219.6;0.014
5220.1;0.009
5220.6;0.014
5221.1;0.011
5221.6;0.011
5222.1;0.003
5222.6;0.005
5223.1;0.011
5223.6;0.012
5224.1;0.016
5224.6;0.012
5225.1;0.013
5225.6;0.012
5226.1;0.005
5226.6;0.008
5227.1;0.014
5227.6;0.009
5228.1;0.006
5228.6;0.007
5229.1;0.018
5229.6;0.008
5230.1;0.005
5230.6;0.008
5231.1;0.019
5231.6;0.006
5232.1;0.013
5232.6;0.014
5233.1;0.008
5233.6;0.007
5234.1;0.018
5234.6;0.012
5235.1;0.015
5235.6;0.015
5236.1;0.025
5236.6;0.028
5237.1;0.019
5237.6;0.022
5238.1;0.002
5238.6;0.008
5239.1;0.009
5239.6;0.025
5240.1;0.016
5240.6;0.006
5241.1;0.023
5241.6;0.019
5242.1;0.012
5242.6;0.007
5243.1;0.012
5243.6;0.013
5244.1;0.013
5244.6;0.005
5245.1;0.017
5245.6;0.01
5246.1;0.007
5246.6;0.016
5247.1;0.014
5247.6;0.019
5248.1;0.022
5248.6;0.012
5249.1;0.024
5249.6;0.006
5250.1;0.019
5250.6;0.013
5251.1;0.014
5251.6;0.016
5252.1;0.005
5252.6;0.021
5253.1;0.017
5253.6;0.007
5254.1;0.01
5254.6;0.013
5255.1;0.026
5255.6;0.015
5256.1;0.026
5256.6;0.015
5257.1;0.007
5257.6;0.008
5258.1;0.011
5258.6;0.022
5259.1;0.013
5259.6;0.021
5260.1;0.015
5260.6;0.019
5261.1;0.015
5261.6;0.007
5262.1;0.01
5262.6;0.013
5263.1;0.015
5263.6;0.011
5264.1;0.009
5264.6;0.012
5265.1;0.007
5265.6;0.009
5266.1;0.012
5266.6;0.018
5267.1;0.01
5267.6;0.016
5268.1;0.018
5268.6;0.016
5269.1;0.012
5269.6;0.013
5270.1;0.01
5270.6;0.013
5271.1;0.007
5271.6;0.015
5272.1;0.014
5272.6;0.015
5273.1;0.005
5273.6;0.01
5274.1;0.006
5274.6;0.014
5275.1;0.006
5275.6;0.016
5276.1;0.01
5276.6;0.018
5277.1;0.005
5277.6;0.01
5278.1;0.004
5278.6;0.012
5279.1;0.011
5279.6;0.017
5280.1;0.014
5280.6;0.014
5281.1;0.015
5281.6;0.009
5282.1;0.017
5282.6;0.004
5283.1;0.02
5283.6;0.028
5284.1;0.021
5284.6;0.006
5285.1;0.02
5285.6;0.014
5286.1;0.013
5286.6;0.007
5287.1;0.014
5287.6;0.014
5288.1;0.012
5288.6;0.008
5289.1;0.01
5289.6;0.007
5290.1;0.017
5290.6;0.009
5291.1;0.011
5291.6;0.012
5292.1;0.013
5292.6;0.003
5293.1;0.005
5293.6;0.02
5294.1;0.003
5294.6;0.016
5295.1;0.006
5295.6;0.012
5296.1;0.002
5296.6;0.004
5297.1;0.005
5297.6;0.012
5298.1;0.013
5298.6;0.008
5299.1;0.027
5299.6;0.007
5300.1;0.006
5300.6;0.011
5301.1;0.012
5301.6;0.012
5302.1;0.011
5302.6;0.013
5303.1;0.007
5303.6;0.006
5304.1;0.01
5304.6;0.007
5305.1;0.008
5305.6;0.009
5306.1;0.015
5306.6;0.007
5307.1;0.012
5307.6;0.014
5308.1;0.01
5308.6;0.009
5309.1;0.003
5309.6;0.006
5310.1;0.004
5310.6;0.011
5311.1;0.017
5311.6;0.019
5312.1;0.013
5312.6;0.002
5313.1;0.026
5313.6;0.007
5314.1;0.005
5314.6;0.016
5315.1;0.018
5315.6;0.012
5316.1;0.008
5316.6;0.011
5317.1;0.014
5317.6;0.01
5318.1;0.007
5318.6;0.027
5319.1;0.018
5319.6;0.005
5320.1;0.019
5320.6;0.025
5321.1;0.01
5321.6;0.006
5322.1;0.012
5322.6;0.018
5323.1;0.025
5323.6;0.008
5324.1;0.017
5324.6;0.012
5325.1;0.005
5325.6;0.022
5326.1;0.009
5326.6;0.011
5327.1;0.014
5327.6;0.017
5328.1;0.019
5328.6;0.017
5329.1;0.01
5329.6;0.017
5330.1;0.003
5330.6;0.012
5331.1;0.014
5331.6;0.017
5332.1;0.017
5332.6;0.007
5333.1;0.022
5333.6;0.018
5334.1;0.014
5334.6;0.016
5335.1;0.01
5335.6;0.005
5336.1;0.013
5336.6;0.006
5337.1;0.016
5337.6;0.019
5338.1;0.003
5338.6;0.016
5339.1;0.01
5339.6;0.011
5340.1;0.014
5340.6;0.005
5341.1;0.015
5341.6;0.013
5342.1;0.011
5342.6;0.019
5343.1;0.021
5343.6;0.015
5344.1;0.018
5344.6;0.002
5345.1;0.017
5345.6;0.002
5346.1;0.012
5346.6;0.004
5347.1;0.027
5347.6;0.006
5348.1;0.018
5348.6;0.006
5349.1;0.015
5349.6;0.011
5350.1;0.008
5350.6;0.018
5351.1;0.018
5351.6;0.017
5352.1;0.01
5352.6;0.007
5353.1;0.008
5353.6;0.012
5354.1;0.013
5354.6;0.003
5355.1;0.007
5355.6;0.005
5356.1;0.024
5356.6;0.007
5357.1;0.014
5357.6;0.013
5358.1;0.005
5358.6;0.013
5359.1;0.006
5359.6;0.022
5360.1;0.016
5360.6;0.009
5361.1;0.008
5361.6;0.016
5362.1;0.008
5362.6;0.014
5363.1;0.006
5363.6;0.006
5364.1;0.015
5364.6;0.015
5365.1;0.014
5365.6;0.007
5366.1;0.005
5366.6;0.011
5367.1;0.012
5367.6;0.019
5368.1;0.022
5368.6;0.002
5369.1;0.013
5369.6;0.02
5370.1;0.016
5370.6;0.003
5371.1;0.012
5371.6;0.011
5372.1;0.012
5372.6;0.014
5373.1;0.004
5373.6;0.024
5374.1;0.013
5374.6;0.004
5375.1;0.005
5375.6;0.011
5376.1;0.012
5376.6;0.012
5377.1;0.009
5377.6;0.008
5378.1;0.015
5378.6;0.0
5379.1;0.011
5379.6;0.007
5380.1;0.026
5380.6;0.009
5381.1;0.008
5381.6;0.024
5382.1;0.018
5382.6;0.011
5383.1;0.008
5383.6;0.003
5384.1;0.015
5384.6;0.015
5385.1;0.018
5385.6;0.005
5386.1;0.027
5386.6;0.019
5387.1;0.018
5387.6;0.013
5388.1;0.011
5388.6;0.012
5389.1;0.023
5389.6;0.008
5390.1;0.025
5390.6;0.012
5391.1;0.012
5391.6;0.016
5392.1;0.01
5392.6;0.007
5393.1;0.011
5393.6;0.005
5394.1;0.006
5394.6;0.017
5395.1;0.01
5395.6;0.019
5396.1;0.016
5396.6;0.009
5397.1;0.017
5397.6;0.002
5398.1;0.005
5398.6;0.004
5399.1;0.008
5399.6;0.012
5400.1;0.01
5400.6;0.01
5401.1;0.011
5401.6;0.024
5402.1;0.011
5402.6;0.017
5403.1;0.003
5403.6;0.009
5404.1;0.012
5404.6;0.02
5405.1;0.006
5405.6;0.013
5406.1;0.01
5406.6;0.01
5407.1;0.013
5407.6;0.021
5408.1;0.013
5408.6;0.016
5409.1;0.014
5409.6;0.012
5410.1;0.012
5410.6;0.013
5411.1;0.01
5411.6;0.013
5412.1;0.012
5412.6;0.015
5413.1;0.01
5413.6;0.006
5414.1;0.018
5414.6;0.005
5415.1;0.009
5415.6;0.014
5416.1;0.005
5416.6;0.006
5417.1;0.019
5417.6;0.013
5418.1;0.015
5418.6;0.01
5419.1;0.007
5419.6;0.012
5420.1;0.007
5420.6;0.017
5421.1;0.018
5421.6;0.001
5422.1;0.011
5422.6;0.014
5423.1;0.002
5423.6;0.014
5424.1;0.001
5424.6;0.016
5425.1;0.013
5425.6;0.014
5426.1;0.002
5426.6;0.006
5427.1;0.01
5427.6;0.003
5428.1;0.019
5428.6;0.037
5429.1;0.018
5429.6;0.011
5430.1;0.008
5430.6;0.015
5431.1;0.03
5431.6;0.012
5432.1;0.014
5432.6;0.02
5433.1;0.005
5433.6;0.006
5434.1;0.015
5434.6;0.016
5435.1;0.007
5435.6;0.002
5436.1;0.017
5436.6;0.011
5437.1;0.017
5437.6;0.012
5438.1;0.009
5438.6;0.018
5439.1;0.023
5439.6;0.019
5440.1;0.012
5440.6;0.018
5441.1;0.025
5441.6;0.012
5442.1;0.007
5442.6;0.018
5443.1;0.009
5443.6;0.017
5444.1;0.026
5444.6;0.002
5445.1;0.009
5445.6;0.003
5446.1;0.005
5446.6;0.026
5447.1;0.006
5447.6;0.02
5448.1;0.011
5448.6;0.012
5449.1;0.014
5449.6;0.016
5450.1;0.009
5450.6;0.005
5451.1;0.013
5451.6;0.021
5452.1;0.007
5452.6;0.019
5453.1;0.014
5453.6;0.003
5454.1;0.007
5454.6;0.011
5455.1;0.008
5455.6;0.019
5456.1;0.015
5456.6;0.013
5457.1;0.0
5457.6;0.01
5458.1;0.011
5458.6;0.008
5459.1;0.009
5459.6;0.006
5460.1;0.005
5460.6;0.014
5461.1;0.018
5461.6;0.009
5462.1;0.026
5462.6;0.018
5463.1;0.017
5463.6;0.003
5464.1;0.023
5464.6;0.021
5465.1;0.01
5465.6;0.008
5466.1;0.011
5466.6;0.01
5467.1;0.003
5467.6;0.012
5468.1;0.008
5468.6;0.012
5469.1;0.003
5469.6;0.012
5470.1;0.013
5470.6;0.021
5471.1;0.014
5471.6;0.024
5472.1;0.016
5472.6;0.023
5473.1;0.005
5473.6;0.032
5474.1;0.008
5474.6;0.005
5475.1;0.017
5475.6;0.022
5476.1;0.004
5476.6;0.009
5477.1;0.011
5477.6;0.01
5478.1;0.008
5478.6;0.008
5479.1;0.012
5479.6;0.025
5480.1;0.007
5480.6;0.017
5481.1;0.02
5481.6;0.01
5482.1;0.011
5482.6;0.002
5483.1;0.017
5483.6;0.004
5484.1;0.021
5484.6;0.031
5485.1;0.012
5485.6;0.017
5486.1;0.01
5486.6;0.015
5487.1;0.007
5487.6;0.007
5488.1;0.01
5488.6;0.007
5489.1;0.011
5489.6;0.005
5490.1;0.013
5490.6;0.02
5491.1;0.005
5491.6;0.017
5492.1;0.003
5492.6;0.026
5493.1;0.003
5493.6;0.011
5494.1;0.011
5494.6;0.013
5495.1;0.006
5495.6;0.017
5496.1;0.01
5496.6;0.001
5497.1;0.012
5497.6;0.013
5498.1;0.014
5498.6;0.004
5499.1;0.019
5499.6;0.014
5500.1;0.01
5500.6;0.018
5501.1;0.011
5501.6;0.01
5502.1;0.016
5502.6;0.002
5503.1;0.007
5503.6;0.013
5504.1;0.006
5504.6;0.012
5505.1;0.013
5505.6;0.01
5506.1;0.014
5506.6;0.017
5507.1;0.009
5507.6;0.006
5508.1;0.008
5508.6;0.01
5509.1;0.003
5509.6;0.007
5510.1;0.013
5510.6;0.012
5511.1;0.015
5511.6;0.015
5512.1;0.016
5512.6;0.021
5513.1;0.006
5513.6;0.015
5514.1;0.021
5514.6;0.009
5515.1;0.013
5515.6;0.015
5516.1;0.016
5516.6;0.013
5517.1;0.02
5517.6;0.01
5518.1;0.013
5518.6;0.002
5519.1;0.009
5519.6;0.003
5520.1;0.008
5520.6;0.012
5521.1;0.01
5521.6;0.004
5522.1;0.013
5522.6;0.018
5523.1;0.01
5523.6;0.004
5524.1;0.011
5524.6;0.014
5525.1;0.016
5525.6;0.009
5526.1;0.009
5526.6;0.007
5527.1;0.018
5527.6;0.003
5528.1;0.013
5528.6;0.007
5529.1;0.009
5529.6;0.008
5530.1;0.005
5530.6;0.021
5531.1;0.011
5531.6;0.014
5532.1;0.015
5532.6;0.018
5533.1;0.01
5533.6;0.012
5534.1;0.024
5534.6;0.014
5535.1;0.007
5535.6;0.018
5536.1;0.024
5536.6;0.008
5537.1;0.003
5537.6;0.021
5538.1;0.008
5538.6;0.016
5539.1;0.008
5539.6;0.007
5540.1;0.019
5540.6;0.02
5541.1;0.015
5541.6;0.014
5542.1;0.003
5542.6;0.013
5543.1;0.013
5543.6;0.025
5544.1;0.003
5544.6;0.017
5545.1;0.006
5545.6;0.016
5546.1;0.012
5546.6;0.012
5547.1;0.009
5547.6;0.007
5548.1;0.018
5548.6;0.016
5549.1;0.011
5549.6;0.014
5550.1;0.002
5550.6;0.019
5551.1;0.017
5551.6;0.013
5552.1;0.021
5552.6;0.014
5553.1;0.018
5553.6;0.005
5554.1;0.01
5554.6;0.011
5555.1;0.006
5555.6;0.01
5556.1;0.005
5556.6;0.009
5557.1;0.002
5557.6;0.014
5558.1;0.012
5558.6;0.021
5559.1;0.013
5559.6;0.014
5560.1;0.007
5560.6;0.012
5561.1;0.016
5561.6;0.004
5562.1;0.005
5562.6;0.02
5563.1;0.02
5563.6;0.018
5564.1;0.004
5564.6;0.017
5565.1;0.024
5565.6;0.019
5566.1;0.011
5566.6;0.008
5567.1;0.007
5567.6;0.013
5568.1;0.005
5568.6;0.012
5569.1;0.008
5569.6;0.007
5570.1;0.014
5570.6;0.004
5571.1;0.006
5571.6;0.004
5572.1;0.012
5572.6;0.011
5573.1;0.013
5573.6;0.009
5574.1;0.02
5574.6;0.016
5575.1;0.007
5575.6;0.018
5576.1;0.017
5576.6;0.025
5577.1;0.023
5577.6;0.015
5578.1;0.027
5578.6;0.013
5579.1;0.013
5579.6;0.009
5580.1;0.023
5580.6;0.014
5581.1;0.01
5581.6;0.006
5582.1;0.017
5582.6;0.005
5583.1;0.013
5583.6;0.011
5584.1;0.013
5584.6;0.01
5585.1;0.031
5585.6;0.012
5586.1;0.027
5586.6;0.015
5587.1;0.015
5587.6;0.013
5588.1;0.015
5588.6;0.006
5589.1;0.003
5589.6;0.019
5590.1;0.007
5590.6;0.019
5591.1;0.022
5591.6;0.019
5592.1;0.005
5592.6;0.009
5593.1;0.008
5593.6;0.029
5594.1;0.012
5594.6;0.03
5595.1;0.003
5595.6;0.02
5596.1;0.02
5596.6;0.022
5597.1;0.025
5597.6;0.009
5598.1;0.003
5598.6;0.015
5599.1;0.012
5599.6;0.033
5600.1;0.017
5600.6;0.009
5601.1;0.014
5601.6;0.008
5602.1;0.015
5602.6;0.015
5603.1;0.018
5603.6;0.014
5604.1;0.005
5604.6;0.007
5605.1;0.013
5605.6;0.002
5606.1;0.013
5606.6;0.006
5607.1;0.007
5607.6;0.012
5608.1;0.022
5608.6;0.017
5609.1;0.004
5609.6;0.013
5610.1;0.014
5610.6;0.016
5611.1;0.005
5611.6;0.02
5612.1;0.007
5612.6;0.011
5613.1;0.012
5613.6;0.022
5614.1;0.007
5614.6;0.007
5615.1;0.019
5615.6;0.015
5616.1;0.026
5616.6;0.015
5617.1;0.012
5617.6;0.009
5618.1;0.026
5618.6;0.021
5619.1;0.019
5619.6;0.009
5620.1;0.009
5620.6;0.006
5621.1;0.005
5621.6;0.009
5622.1;0.005
5622.6;0.003
5623.1;0.004
5623.6;0.009
5624.1;0.018
5624.6;0.011
5625.1;0.002
5625.6;0.017
5626.1;0.018
5626.6;0.012
5627.1;0.011
5627.6;0.017
5628.1;0.022
5628.6;0.007
5629.1;0.003
5629.6;0.005
5630.1;0.012
5630.6;0.013
5631.1;0.031
5631.6;0.012
5632.1;0.015
5632.6;0.005
5633.1;0.017
5633.6;0.005
5634.1;0.011
5634.6;0.004
5635.1;0.012
5635.6;0.003
5636.1;0.01
5636.6;0.009
5637.1;0.007
5637.6;0.009
5638.1;0.015
5638.6;0.007
5639.1;0.014
5639.6;0.016
5640.1;0.018
5640.6;0.011
5641.1;0.009
5641.6;0.011
5642.1;0.013
5642.6;0.018
5643.1;0.016
5643.6;0.016
5644.1;0.019
5644.6;0.006
5645.1;0.004
5645.6;0.007
5646.1;0.005
5646.6;0.009
5647.1;0.008
5647.6;0.02
5648.1;0.009
5648.6;0.018
5649.1;0.017
5649.6;0.019
5650.1;0.02
5650.6;0.003
5651.1;0.013
5651.6;0.011
5652.1;0.016
5652.6;0.011
5653.1;0.011
5653.6;0.001
5654.1;0.026
5654.6;0.006
5655.1;0.003
5655.6;0.006
5656.1;0.012
5656.6;0.007
5657.1;0.007
5657.6;0.013
5658.1;0.01
5658.6;0.012
5659.1;0.011
5659.6;0.022
5660.1;0.019
5660.6;0.03
5661.1;0.004
5661.6;0.008
5662.1;0.024
5662.6;0.018
5663.1;0.003
5663.6;0.01
5664.1;0.009
5664.6;0.01
5665.1;0.017
5665.6;0.004
5666.1;0.009
5666.6;0.005
5667.1;0.018
5667.6;0.009
5668.1;0.008
5668.6;0.021
5669.1;0.013
5669.6;0.02
5670.1;0.01
5670.6;0.007
5671.1;0.018
5671.6;0.021
5672.1;0.02
5672.6;0.001
5673.1;0.012
5673.6;0.033
5674.1;0.023
5674.6;0.02
5675.1;0.013
5675.6;0.017
5676.1;0.004
5676.6;0.01
5677.1;0.006
5677.6;0.005
5678.1;0.012
5678.6;0.018
5679.1;0.007
5679.6;0.002
5680.1;0.014
5680.6;0.011
5681.1;0.008
5681.6;0.005
5682.1;0.003
5682.6;0.015
5683.1;0.018
5683.6;0.021
5684.1;0.016
5684.6;0.02
5685.1;0.008
5685.6;0.013
5686.1;0.016
5686.6;0.009
5687.1;0.011
5687.6;0.017
5688.1;0.013
5688.6;0.023
5689.1;0.01
5689.6;0.006
5690.1;0.006
5690.6;0.004
5691.1;0.012
5691.6;0.015
5692.1;0.01
5692.6;0.004
5693.1;0.016
5693.6;0.007
5694.1;0.013
5694.6;0.007
5695.1;0.019
5695.6;0.016
5696.1;0.016
5696.6;0.013
5697.1;0.009
5697.6;0.014
5698.1;0.003
5698.6;0.015
5699.1;0.016
5699.6;0.011
5700.1;0.004
5700.6;0.014
5701.1;0.016
5701.6;0.02
5702.1;0.02
5702.6;0.015
5703.1;0.012
5703.6;0.012
5704.1;0.021
5704.6;0.009
5705.1;0.01
5705.6;0.002
5706.1;0.003
5706.6;0.015
5707.1;0.013
5707.6;0.007
5708.1;0.003
5708.6;0.02
5709.1;0.006
5709.6;0.012
5710.1;0.021
5710.6;0.016
5711.1;0.006
5711.6;0.005
5712.1;0.009
5712.6;0.004
5713.1;0.017
5713.6;0.021
5714.1;0.012
5714.6;0.012
5715.1;0.009
5715.6;0.011
5716.1;0.027
5716.6;0.01
5717.1;0.011
5717.6;0.005
5718.1;0.024
5718.6;0.008
5719.1;0.01
5719.6;0.013
5720.1;0.01
5720.6;0.016
5721.1;0.01
5721.6;0.013
5722.1;0.013
5722.6;0.013
5723.1;0.005
5723.6;0.019
5724.1;0.008
5724.6;0.014
5725.1;0.006
5725.6;0.007
5726.1;0.019
5726.6;0.029
5727.1;0.004
5727.6;0.011
5728.1;0.016
5728.6;0.014
5729.1;0.015
5729.6;0.007
5730.1;0.007
5730.6;0.014
5731.1;0.011
5731.6;0.015
5732.1;0.007
5732.6;0.019
5733.1;0.003
5733.6;0.007
5734.1;0.009
5734.6;0.011
5735.1;0.002
5735.6;0.011
5736.1;0.022
5736.6;0.01
5737.1;0.011
5737.6;0.018
5738.1;0.015
5738.6;0.008
5739.1;0.01
5739.6;0.008
5740.1;0.01
5740.6;0.018
5741.1;0.018
5741.6;0.025
5742.1;0.01
5742.6;0.015
5743.1;0.002
5743.6;0.019
5744.1;0.006
5744.6;0.014
5745.1;0.006
5745.6;0.007
5746.1;0.019
5746.6;0.01
5747.1;0.011
5747.6;0.015
5748.1;0.006
5748.6;0.009
5749.1;0.005
5749.6;0.007
5750.1;0.01
5750.6;0.014
5751.1;0.019
5751.6;0.015
5752.1;0.009
5752.6;0.002
5753.1;0.006
5753.6;0.024
5754.1;0.022
5754.6;0.018
5755.1;0.009
5755.6;0.009
5756.1;0.01
5756.6;0.017
5757.1;0.008
5757.6;0.024
5758.1;0.003
5758.6;0.011
5759.1;0.012
5759.6;0.012
5760.1;0.028
5760.6;0.012
5761.1;0.015
5761.6;0.004
5762.1;0.02
5762.6;0.01
5763.1;0.012
5763.6;0.016
5764.1;0.022
5764.6;0.018
5765.1;0.009
5765.6;0.014
5766.1;0.013
5766.6;0.01
5767.1;0.01
5767.6;0.007
5768.1;0.005
5768.6;0.013
5769.1;0.016
5769.6;0.002
5770.1;0.011
5770.6;0.003
5771.1;0.008
5771.6;0.019
5772.1;0.019
5772.6;0.01
5773.1;0.017
5773.6;0.014
5774.1;0.011
5774.6;0.009
5775.1;0.002
5775.6;0.022
5776.1;0.018
5776.6;0.02
5777.1;0.024
5777.6;0.022
5778.1;0.003
5778.6;0.003
5779.1;0.015
5779.6;0.013
5780.1;0.016
5780.6;0.011
5781.1;0.012
5781.6;0.012
5782.1;0.019
5782.6;0.013
5783.1;0.024
5783.6;0.01
5784.1;0.025
5784.6;0.016
5785.1;0.01
5785.6;0.014
5786.1;0.007
5786.6;0.014
5787.1;0.015
5787.6;0.018
5788.1;0.023
5788.6;0.013
5789.1;0.01
5789.6;0.004
5790.1;0.018
5790.6;0.009
5791.1;0.022
5791.6;0.013
5792.1;0.022
5792.6;0.011
5793.1;0.008
5793.6;0.016
5794.1;0.011
5794.6;0.012
5795.1;0.01
5795.6;0.011
5796.1;0.003
5796.6;0.009
5797.1;0.007
5797.6;0.011
5798.1;0.013
5798.6;0.009
5799.1;0.014
5799.6;0.006
5800.1;0.004
5800.6;0.014
5801.1;0.018
5801.6;0.016
5802.1;0.017
5802.6;0.005
5803.1;0.021
5803.6;0.008
5804.1;0.01
5804.6;0.01
5805.1;0.008
5805.6;0.017
5806.1;0.008
5806.6;0.008
5807.1;0.016
5807.6;0.019
5808.1;0.024
5808.6;0.007
5809.1;0.012
5809.6;0.008
5810.1;0.008
5810.6;0.013
5811.1;0.006
5811.6;0.01
5812.1;0.009
5812.6;0.002
5813.1;0.012
5813.6;0.01
5814.1;0.014
5814.6;0.01
5815.1;0.012
5815.6;0.016
5816.1;0.01
5816.6;0.014
5817.1;0.009
5817.6;0.017
5818.1;0.018
5818.6;0.022
5819.1;0.009
5819.6;0.009
5820.1;0.01
5820.6;0.009
5821.1;0.009
5821.6;0.022
5822.1;0.006
5822.6;0.002
5823.1;0.007
5823.6;0.013
5824.1;0.011
5824.6;0.005
5825.1;0.014
5825.6;0.031
5826.1;0.009
5826.6;0.01
5827.1;0.019
5827.6;0.01
5828.1;0.014
5828.6;0.017
5829.1;0.008
5829.6;0.023
5830.1;0.017
5830.6;0.017
5831.1;0.031
5831.6;0.008
5832.1;0.015
5832.6;0.008
5833.1;0.011
5833.6;0.008
5834.1;0.012
5834.6;0.009
5835.1;0.012
5835.6;0.015
5836.1;0.011
5836.6;0.008
5837.1;0.019
5837.6;0.008
5838.1;0.004
5838.6;0.007
5839.1;0.012
5839.6;0.017
5840.1;0.003
5840.6;0.022
5841.1;0.009
5841.6;0.01
5842.1;0.007
5842.6;0.017
5843.1;0.013
5843.6;0.016
5844.1;0.004
5844.6;0.005
5845.1;0.004
5845.6;0.026
5846.1;0.013
5846.6;0.018
5847.1;0.012
5847.6;0.011
5848.1;0.013
5848.6;0.025
5849.1;0.014
5849.6;0.003
5850.1;0.012
5850.6;0.011
5851.1;0.013
5851.6;0.01
5852.1;0.015
5852.6;0.011
5853.1;0.009
5853.6;0.018
5854.1;0.016
5854.6;0.01
5855.1;0.008
5855.6;0.025
5856.1;0.001
5856.6;0.005
5857.1;0.005
5857.6;0.019
5858.1;0.024
5858.6;0.013
5859.1;0.008
5859.6;0.008
5860.1;0.011
5860.6;0.006
5861.1;0.001
5861.6;0.023
5862.1;0.015
5862.6;0.007
5863.1;0.004
5863.6;0.022
5864.1;0.009
5864.6;0.006
5865.1;0.007
5865.6;0.009
5866.1;0.011
5866.6;0.012
5867.1;0.01
5867.6;0.011
5868.1;0.021
5868.6;0.031
5869.1;0.009
5869.6;0.006
5870.1;0.01
5870.6;0.002
5871.1;0.019
5871.6;0.011
5872.1;0.004
5872.6;0.015
5873.1;0.004
5873.6;0.013
5874.1;0.007
5874.6;0.022
5875.1;0.006
5875.6;0.005
5876.1;0.02
5876.6;0.016
5877.1;0.009
5877.6;0.008
5878.1;0.012
5878.6;0.01
5879.1;0.016
5879.6;0.012
5880.1;0.008
5880.6;0.005
5881.1;0.019
5881.6;0.027
5882.1;0.021
5882.6;0.014
5883.1;0.005
5883.6;0.012
5884.1;0.004
5884.6;0.023
5885.1;0.027
5885.6;0.023
5886.1;0.012
5886.6;0.005
5887.1;0.012
5887.6;0.015
5888.1;0.019
5888.6;0.008
5889.1;0.014
5889.6;0.003
5890.1;0.012
5890.6;0.014
5891.1;0.012
5891.6;0.014
5892.1;0.011
5892.6;0.012
5893.1;0.004
5893.6;0.01
5894.1;0.005
5894.6;0.013
5895.1;0.003
5895.6;0.003
5896.1;0.016
5896.6;0.008
5897.1;0.017
5897.6;0.018
5898.1;0.012
5898.6;0.01
5899.1;0.011
5899.6;0.002
5900.1;0.017
5900.6;0.012
5901.1;0.009
5901.6;0.016
5902.1;0.003
5902.6;0.006
5903.1;0.009
5903.6;0.013
5904.1;0.005
5904.6;0.029
5905.1;0.009
5905.6;0.012
5906.1;0.016
5906.6;0.013
5907.1;0.01
5907.6;0.012
5908.1;0.009
5908.6;0.02
5909.1;0.016
5909.6;0.018
5910.1;0.009
5910.6;0.009
5911.1;0.014
5911.6;0.003
5912.1;0.011
5912.6;0.007
5913.1;0.013
5913.6;0.02
5914.1;0.02
5914.6;0.016
5915.1;0.027
5915.6;0.019
5916.1;0.023
5916.6;0.016
5917.1;0.016
5917.6;0.01
5918.1;0.003
5918.6;0.001
5919.1;0.008
5919.6;0.009
5920.1;0.008
5920.6;0.005
5921.1;0.01
5921.6;0.006
5922.1;0.006
5922.6;0.011
5923.1;0.008
5923.6;0.011
5924.1;0.005
5924.6;0.006
5925.1;0.013
5925.6;0.017
5926.1;0.024
5926.6;0.021
5927.1;0.021
5927.6;0.008
5928.1;0.012
5928.6;0.01
5929.1;0.006
5929.6;0.013
5930.1;0.007
5930.6;0.016
5931.1;0.012
5931.6;0.022
5932.1;0.024
5932.6;0.004
5933.1;0.004
5933.6;0.009
5934.1;0.011
5934.6;0.01
5935.1;0.006
5935.6;0.008
5936.1;0.018
5936.6;0.015
5937.1;0.011
5937.6;0.007
5938.1;0.019
5938.6;0.01
5939.1;0.016
5939.6;0.003
5940.1;0.015
5940.6;0.026
5941.1;0.005
5941.6;0.007
5942.1;0.008
5942.6;0.014
5943.1;0.007
5943.6;0.018
5944.1;0.012
5944.6;0.022
5945.1;0.012
5945.6;0.008
5946.1;0.016
5946.6;0.02
5947.1;0.015
5947.6;0.025
5948.1;0.004
5948.6;0.011
5949.1;0.006
5949.6;0.011
5950.1;0.013
5950.6;0.018
5951.1;0.014
5951.6;0.028
5952.1;0.022
5952.6;0.006
5953.1;0.018
5953.6;0.015
5954.1;0.008
5954.6;0.012
5955.1;0.019
5955.6;0.028
5956.1;0.006
5956.6;0.008
5957.1;0.02
5957.6;0.013
5958.1;0.004
5958.6;0.013
5959.1;0.014
5959.6;0.007
5960.1;0.005
5960.6;0.02
5961.1;0.01
5961.6;0.014
5962.1;0.009
5962.6;0.015
5963.1;0.022
5963.6;0.011
5964.1;0.012
5964.6;0.008
5965.1;0.011
5965.6;0.019
5966.1;0.008
5966.6;0.015
5967.1;0.009
5967.6;0.013
5968.1;0.013
5968.6;0.023
5969.1;0.008
5969.6;0.029
5970.1;0.002
5970.6;0.01
5971.1;0.008
5971.6;0.011
5972.1;0.01
5972.6;0.017
5973.1;0.007
5973.6;0.002
5974.1;0.014
5974.6;0.005
5975.1;0.007
5975.6;0.007
5976.1;0.015
5976.6;0.015
5977.1;0.009
5977.6;0.004
5978.1;0.018
5978.6;0.003
5979.1;0.0
5979.6;0.001
5980.1;0.007
5980.6;0.008
5981.1;0.009
5981.6;0.007
5982.1;0.01
5982.6;0.009
5983.1;0.007
5983.6;0.021
5984.1;0.008
5984.6;0.001
5985.1;0.015
5985.6;0.02
5986.1;0.016
5986.6;0.01
5987.1;0.007
5987.6;0.011
5988.1;0.016
5988.6;0.008
5989.1;0.003
5989.6;0.016
5990.1;0.028
5990.6;0.005
5991.1;0.007
5991.6;0.009
5992.1;0.018
5992.6;0.008
5993.1;0.014
5993.6;0.008
5994.1;0.008
5994.6;0.009
5995.1;0.015
5995.6;0.011
5996.1;0.017
5996.6;0.011
5997.1;0.012
5997.6;0.018
5998.1;0.003
5998.6;0.006
5999.1;0.01
5999.6;0.011
6000.1;0.013
6000.6;0.006
6001.1;0.02
6001.6;0.007
6002.1;0.016
6002.6;0.003
6003.1;0.019
6003.6;0.013
6004.1;0.019
6004.6;0.015
6005.1;0.034
6005.6;0.005
6006.1;0.006
6006.6;0.02
6007.1;0.018
6007.6;0.008
6008.1;0.01
6008.6;0.01
6009.1;0.015
6009.6;0.015
6010.1;0.003
6010.6;0.019
6011.1;0.009
6011.6;0.014
6012.1;0.007
6012.6;0.013
6013.1;0.009
6013.6;0.003
6014.1;0.012
6014.6;0.006
6015.1;0.011
6015.6;0.013
6016.1;0.02
6016.6;0.022
6017.1;0.01
6017.6;0.009
6018.1;0.009
6018.6;0.009
6019.1;0.024
6019.6;0.01
6020.1;0.015
6020.6;0.025
6021.1;0.014
6021.6;0.01
6022.1;0.014
6022.6;0.013
6023.1;0.015
6023.6;0.007
6024.1;0.018
6024.6;0.008
6025.1;0.011
6025.6;0.025
6026.1;0.008
6026.6;0.007
6027.1;0.001
6027.6;0.007
6028.1;0.009
6028.6;0.014
6029.1;0.016
6029.6;0.007
6030.1;0.004
6030.6;0.01
6031.1;0.008
6031.6;0.013
6032.1;0.008
6032.6;0.018
6033.1;0.01
6033.6;0.016
6034.1;0.02
6034.6;0.011
6035.1;0.003
6035.6;0.014
6036.1;0.01
6036.6;0.007
6037.1;0.007
6037.6;0.008
6038.1;0.028
6038.6;0.008
6039.1;0.006
6039.6;0.006
6040.1;0.006
6040.6;0.014
6041.1;0.017
6041.6;0.011
6042.1;0.007
6042.6;0.002
6043.1;0.014
6043.6;0.006
6044.1;0.009
6044.6;0.015
6045.1;0.021
6045.6;0.015
6046.1;0.011
6046.6;0.009
6047.1;0.004
6047.6;0.005
6048.1;0.004
6048.6;0.008
6049.1;0.014
6049.6;0.018
6050.1;0.012
6050.6;0.019
6051.1;0.005
6051.6;0.012
6052.1;0.015
6052.6;0.023
6053.1;0.003
6053.6;0.012
6054.1;0.013
6054.6;0.013
6055.1;0.012
6055.6;0.014
6056.1;0.009
6056.6;0.008
6057.1;0.009
6057.6;0.015
6058.1;0.003
6058.6;0.006
6059.1;0.008
6059.6;0.016
6060.1;0.013
6060.6;0.017
6061.1;0.009
6061.6;0.002
6062.1;0.009
6062.6;0.018
6063.1;0.007
6063.6;0.028
6064.1;0.002
6064.6;0.012
6065.1;0.016
6065.6;0.015
6066.1;0.021
6066.6;0.008
6067.1;0.022
6067.6;0.011
6068.1;0.019
6068.6;0.007
6069.1;0.004
6069.6;0.005
6070.1;0.02
6070.6;0.018
6071.1;0.009
6071.6;0.009
6072.1;0.005
6072.6;0.013
6073.1;0.019
6073.6;0.005
6074.1;0.023
6074.6;0.004
6075.1;0.002
6075.6;0.012
6076.1;0.01
6076.6;0.01
6077.1;0.019
6077.6;0.018
6078.1;0.014
6078.6;0.012
6079.1;0.001
6079.6;0.009
6080.1;0.02
6080.6;0.003
6081.1;0.001
6081.6;0.009
6082.1;0.006
6082.6;0.006
6083.1;0.004
6083.6;0.008
6084.1;0.013
6084.6;0.018
6085.1;0.006
6085.6;0.007
6086.1;0.009
6086.6;0.014
6087.1;0.012
6087.6;0.015
6088.1;0.02
6088.6;0.004
6089.1;0.019
6089.6;0.012
6090.1;0.001
6090.6;0.016
6091.1;0.02
6091.6;0.005
6092.1;0.015
6092.6;0.013
6093.1;0.016
6093.6;0.008
6094.1;0.005
6094.6;0.007
6095.1;0.009
6095.6;0.007
6096.1;0.013
6096.6;0.007
6097.1;0.008
6097.6;0.002
6098.1;0.01
6098.6;0.01
6099.1;0.018
6099.6;0.0
6100.1;0.005
6100.6;0.009
6101.1;0.009
6101.6;0.011
6102.1;0.015
6102.6;0.005
6103.1;0.011
6103.6;0.016
6104.1;0.02
6104.6;0.009
6105.1;0.009
6105.6;0.015
6106.1;0.019
6106.6;0.008
6107.1;0.018
6107.6;0.014
6108.1;0.025
6108.6;0.005
6109.1;0.007
6109.6;0.017
6110.1;0.013
6110.6;0.009
6111.1;0.011
6111.6;0.007
6112.1;0.019
6112.6;0.008
6113.1;0.012
6113.6;0.011
6114.1;0.022
6114.6;0.006
6115.1;0.009
6115.6;0.018
6116.1;0.029
6116.6;0.013
6117.1;0.007
6117.6;0.007
6118.1;0.006
6118.6;0.007
6119.1;0.011
6119.6;0.008
6120.1;0.014
6120.6;0.003
6121.1;0.014
6121.6;0.02
6122.1;0.023
6122.6;0.012
6123.1;0.009
6123.6;0.01
6124.1;0.001
6124.6;0.005
6125.1;0.024
6125.6;0.025
6126.1;0.009
6126.6;0.01
6127.1;0.02
6127.6;0.005
6128.1;0.009
6128.6;0.011
6129.1;0.01
6129.6;0.006
6130.1;0.015
6130.6;0.015
6131.1;0.009
6131.6;0.013
6132.1;0.019
6132.6;0.018
6133.1;0.008
6133.6;0.009
6134.1;0.004
6134.6;0.014
6135.1;0.02
6135.6;0.006
6136.1;0.009
6136.6;0.007
6137.1;0.008
6137.6;0.004
6138.1;0.015
6138.6;0.008
6139.1;0.014
6139.6;0.001
6140.1;0.012
6140.6;0.009
6141.1;0.012
6141.6;0.017
6142.1;0.008
6142.6;0.006
6143.1;0.009
6143.6;0.011
6144.1;0.006
6144.6;0.019
6145.1;0.004
6145.6;0.018
6146.1;0.014
6146.6;0.005
6147.1;0.004
6147.6;0.013
6148.1;0.01
6148.6;0.02
6149.1;0.008
6149.6;0.014
6150.1;0.015
6150.6;0.01
6151.1;0.013
6151.6;0.025
6152.1;0.003
6152.6;0.003
6153.1;0.011
6153.6;0.013
6154.1;0.012
6154.6;0.007
6155.1;0.013
6155.6;0.004
6156.1;0.021
6156.6;0.012
6157.1;0.008
6157.6;0.006
6158.1;0.01
6158.6;0.002
6159.1;0.009
6159.6;0.008
6160.1;0.006
6160.6;0.009
6161.1;0.006
6161.6;0.008
6162.1;0.008
6162.6;0.01
6163.1;0.014
6163.6;0.027
6164.1;0.012
6164.6;0.006
6165.1;0.02
6165.6;0.017
6166.1;0.011
6166.6;0.002
6167.1;0.011
6167.6;0.005
6168.1;0.015
6168.6;0.019
6169.1;0.017
6169.6;0.013
6170.1;0.012
6170.6;0.008
6171.1;0.009
6171.6;0.002
6172.1;0.013
6172.6;0.016
6173.1;0.013
6173.6;0.007
6174.1;0.013
6174.6;0.021
6175.1;0.016
6175.6;0.007
6176.1;0.007
6176.6;0.008
6177.1;0.027
6177.6;0.01
6178.1;0.004
6178.6;0.013
6179.1;0.015
6179.6;0.001
6180.1;0.014
6180.6;0.015
6181.1;0.006
6181.6;0.006
6182.1;0.008
6182.6;0.019
6183.1;0.021
6183.6;0.012
6184.1;0.009
6184.6;0.006
6185.1;0.007
6185.6;0.006
6186.1;0.011
6186.6;0.002
6187.1;0.014
6187.6;0.011
6188.1;0.02
6188.6;0.006
6189.1;0.02
6189.6;0.009
6190.1;0.008
6190.6;0.017
6191.1;0.011
6191.6;0.004
6192.1;0.024
6192.6;0.013
6193.1;0.009
6193.6;0.009
6194.1;0.003
6194.6;0.013
6195.1;0.012
6195.6;0.017
6196.1;0.01
6196.6;0.014
6197.1;0.006
6197.6;0.006
6198.1;0.005
6198.6;0.019
6199.1;0.007
6199.6;0.011
6200.1;0.025
6200.6;0.021
6201.1;0.021
6201.6;0.018
6202.1;0.009
6202.6;0.001
6203.1;0.018
6203.6;0.014
6204.1;0.011
6204.6;0.021
6205.1;0.01
6205.6;0.011
6206.1;0.008
6206.6;0.012
6207.1;0.016
6207.6;0.016
6208.1;0.015
6208.6;0.014
6209.1;0.012
6209.6;0.002
6210.1;0.015
6210.6;0.016
6211.1;0.013
6211.6;0.006
6212.1;0.019
6212.6;0.001
6213.1;0.005
6213.6;0.023
6214.1;0.013
6214.6;0.014
6215.1;0.005
6215.6;0.02
6216.1;0.003
6216.6;0.008
6217.1;0.003
6217.6;0.002
6218.1;0.006
6218.6;0.022
6219.1;0.005
6219.6;0.004
6220.1;0.016
6220.6;0.005
6221.1;0.021
6221.6;0.009
6222.1;0.011
6222.6;0.013
6223.1;0.007
6223.6;0.014
6224.1;0.005
6224.6;0.007
6225.1;0.005
6225.6;0.016
6226.1;0.026
6226.6;0.008
6227.1;0.002
6227.6;0.02
6228.1;0.002
6228.6;0.015
6229.1;0.011
6229.6;0.007
6230.1;0.01
6230.6;0.017
6231.1;0.007
6231.6;0.029
6232.1;0.012
6232.6;0.015
6233.1;0.009
6233.6;0.01
6234.1;0.012
6234.6;0.004
6235.1;0.016
6235.6;0.016
6236.1;0.008
6236.6;0.022
6237.1;0.022
6237.6;0.011
6238.1;0.0
6238.6;0.009
6239.1;0.021
6239.6;0.004
6240.1;0.013
6240.6;0.008
6241.1;0.004
6241.6;0.012
6242.1;0.015
6242.6;0.023
6243.1;0.013
6243.6;0.01
6244.1;0.024
6244.6;0.02
6245.1;0.008
6245.6;0.018
6246.1;0.017
6246.6;0.004
6247.1;0.009
6247.6;0.007
6248.1;0.006
6248.6;0.016
6249.1;0.017
6249.6;0.012
6250.1;0.011
6250.6;0.014
6251.1;0.019
6251.6;0.015
6252.1;0.005
6252.6;0.008
6253.1;0.012
6253.6;0.014
6254.1;0.017
6254.6;0.003
6255.1;0.005
6255.6;0.013
6256.1;0.023
6256.6;0.027
6257.1;0.005
6257.6;0.021
6258.1;0.011
6258.6;0.003
6259.1;0.003
6259.6;0.01
6260.1;0.001
6260.6;0.007
6261.1;0.005
6261.6;0.0
6262.1;0.021
6262.6;0.018
6263.1;0.012
6263.6;0.013
6264.1;0.017
6264.6;0.016
6265.1;0.016
6265.6;0.003
6266.1;0.019
6266.6;0.014
6267.1;0.007
6267.6;0.011
6268.1;0.015
6268.6;0.016
6269.1;0.011
6269.6;0.013
6270.1;0.017
6270.6;0.016
6271.1;0.011
6271.6;0.018
6272.1;0.015
6272.6;0.01
6273.1;0.022
6273.6;0.01
6274.1;0.004
6274.6;0.011
6275.1;0.011
6275.6;0.009
6276.1;0.028
6276.6;0.011
6277.1;0.016
6277.6;0.018
6278.1;0.011
6278.6;0.013
6279.1;0.02
6279.6;0.011
6280.1;0.003
6280.6;0.003
6281.1;0.01
6281.6;0.009
6282.1;0.007
6282.6;0.005
6283.1;0.01
6283.6;0.011
6284.1;0.014
6284.6;0.007
6285.1;0.008
6285.6;0.007
6286.1;0.015
6286.6;0.012
6287.1;0.017
6287.6;0.013
6288.1;0.028
6288.6;0.02
6289.1;0.006
6289.6;0.012
6290.1;0.016
6290.6;0.013
6291.1;0.011
6291.6;0.016
6292.1;0.01
6292.6;0.003
6293.1;0.013
6293.6;0.013
6294.1;0.012
6294.6;0.014
6295.1;0.005
6295.6;0.025
6296.1;0.016
6296.6;0.014
6297.1;0.021
6297.6;0.016
6298.1;0.011
6298.6;0.005
6299.1;0.013
6299.6;0.015
6300.1;0.013
6300.6;0.007
6301.1;0.014
6301.6;0.009
6302.1;0.017
6302.6;0.009
6303.1;0.016
6303.6;0.004
6304.1;0.005
6304.6;0.015
6305.1;0.014
6305.6;0.005
6306.1;0.006
6306.6;0.01
6307.1;0.009
6307.6;0.008
6308.1;0.012
6308.6;0.007
6309.1;0.006
6309.6;0.005
6310.1;0.01
6310.6;0.013
6311.1;0.004
6311.6;0.009
6312.1;0.004
6312.6;0.009
6313.1;0.017
6313.6;0.019
6314.1;0.02
6314.6;0.013
6315.1;0.009
6315.6;0.007
6316.1;0.004
6316.6;0.006
6317.1;0.012
6317.6;0.014
6318.1;0.005
6318.6;0.028
6319.1;0.02
6319.6;0.016
6320.1;0.016
6320.6;0.001
6321.1;0.013
6321.6;0.008
6322.1;0.018
6322.6;0.01
6323.1;0.015
6323.6;0.012
6324.1;0.006
6324.6;0.014
6325.1;0.008
6325.6;0.009
6326.1;0.009
6326.6;0.008
6327.1;0.018
6327.6;0.012
6328.1;0.016
6328.6;0.015
6329.1;0.015
6329.6;0.02
6330.1;0.008
6330.6;0.016
6331.1;0.021
6331.6;0.004
6332.1;0.011
6332.6;0.013
6333.1;0.014
6333.6;0.004
6334.1;0.018
6334.6;0.006
6335.1;0.013
6335.6;0.008
6336.1;0.024
6336.6;0.009
6337.1;0.025
6337.6;0.015
6338.1;0.005
6338.6;0.006
6339.1;0.03
6339.6;0.005
6340.1;0.007
6340.6;0.005
6341.1;0.006
6341.6;0.006
6342.1;0.014
6342.6;0.023
6343.1;0.015
6343.6;0.005
6344.1;0.015
6344.6;0.024
6345.1;0.007
6345.6;0.014
6346.1;0.007
6346.6;0.006
6347.1;0.01
6347.6;0.008
6348.1;0.017
6348.6;0.006
6349.1;0.014
6349.6;0.014
6350.1;0.011
6350.6;0.003
6351.1;0.015
6351.6;0.016
6352.1;0.009
6352.6;0.015
6353.1;0.008
6353.6;0.006
6354.1;0.01
6354.6;0.004
6355.1;0.016
6355.6;0.01
6356.1;0.012
6356.6;0.02
6357.1;0.011
6357.6;0.011
6358.1;0.01
6358.6;0.008
6359.1;0.022
6359.6;0.012
6360.1;0.021
6360.6;0.02
6361.1;0.004
6361.6;0.012
6362.1;0.012
6362.6;0.009
6363.1;0.005
6363.6;0.005
6364.1;0.005
6364.6;0.01
6365.1;0.004
6365.6;0.016
6366.1;0.005
6366.6;0.009
6367.1;0.006
6367.6;0.011
6368.1;0.006
6368.6;0.012
6369.1;0.009
6369.6;0.002
6370.1;0.004
6370.6;0.001
6371.1;0.004
6371.6;0.001
6372.1;0.007
6372.6;0.011
6373.1;0.001
6373.6;0.01
6374.1;0.005
6374.6;0.014
6375.1;0.007
6375.6;0.006
6376.1;0.003
6376.6;0.011
6377.1;0.005
6377.6;0.009
6378.1;0.002
6378.6;0.021
6379.1;0.01
6379.6;0.01
6380.1;0.005
6380.6;0.009
6381.1;0.018
6381.6;0.017
6382.1;0.004
6382.6;0.02
6383.1;0.017
6383.6;0.005
6384.1;0.01
6384.6;0.012
6385.1;0.006
6385.6;0.008
6386.1;0.014
6386.6;0.008
6387.1;0.016
6387.6;0.005
6388.1;0.012
6388.6;0.006
6389.1;0.013
6389.6;0.009
6390.1;0.009
6390.6;0.01
6391.1;0.014
6391.6;0.007
6392.1;0.003
6392.6;0.013
6393.1;0.006
6393.6;0.005
6394.1;0.002
6394.6;0.009
6395.1;0.003
6395.6;0.012
6396.1;0.016
6396.6;0.013
6397.1;0.002
6397.6;0.003
6398.1;0.002
6398.6;0.013
6399.1;0.009
6399.6;0.013
6400.1;0.008
6400.6;0.008
6401.1;0.007
6401.6;0.011
6402.1;0.021
6402.6;0.005
6403.1;0.013
6403.6;0.009
6404.1;0.018
6404.6;0.018
6405.1;0.008
6405.6;0.012
6406.1;0.01
6406.6;0.004
6407.1;0.01
6407.6;0.013
6408.1;0.008
6408.6;0.007
6409.1;0.006
6409.6;0.018
6410.1;0.02
6410.6;0.007
6411.1;0.003
6411.6;0.005
6412.1;0.006
6412.6;0.018
6413.1;0.006
6413.6;0.01
6414.1;0.023
6414.6;0.011
6415.1;0.026
6415.6;0.002
6416.1;0.01
6416.6;0.009
6417.1;0.011
6417.6;0.011
6418.1;0.013
6418.6;0.015
6419.1;0.013
6419.6;0.004
6420.1;0.005
6420.6;0.016
6421.1;0.008
6421.6;0.004
6422.1;0.002
6422.6;0.005
6423.1;0.006
6423.6;0.012
6424.1;0.002
6424.6;0.02
6425.1;0.016
6425.6;0.012
6426.1;0.012
6426.6;0.005
6427.1;0.026
6427.6;0.005
6428.1;0.009
6428.6;0.01
6429.1;0.01
6429.6;0.012
6430.1;0.008
6430.6;0.013
6431.1;0.004
6431.6;0.006
6432.1;0.015
6432.6;0.007
6433.1;0.012
6433.6;0.019
6434.1;0.013
6434.6;0.006
6435.1;0.005
6435.6;0.018
6436.1;0.005
6436.6;0.005
6437.1;0.021
6437.6;0.009
6438.1;0.013
6438.6;0.01
6439.1;0.019
6439.6;0.014
6440.1;0.019
6440.6;0.007
6441.1;0.012
6441.6;0.012
6442.1;0.008
6442.6;0.001
6443.1;0.019
6443.6;0.015
6444.1;0.017
6444.6;0.008
6445.1;0.007
6445.6;0.008
6446.1;0.008
6446.6;0.016
6447.1;0.005
6447.6;0.01
6448.1;0.023
6448.6;0.009
6449.1;0.012
6449.6;0.008
6450.1;0.02
6450.6;0.01
6451.1;0.008
6451.6;0.008
6452.1;0.006
6452.6;0.015
6453.1;0.009
6453.6;0.005
6454.1;0.003
6454.6;0.009
6455.1;0.015
6455.6;0.022
6456.1;0.011
6456.6;0.013
6457.1;0.004
6457.6;0.013
6458.1;0.016
6458.6;0.02
6459.1;0.007
6459.6;0.018
6460.1;0.011
6460.6;0.005
6461.1;0.01
6461.6;0.01
6462.1;0.01
6462.6;0.004
6463.1;0.012
6463.6;0.011
6464.1;0.006
6464.6;0.002
6465.1;0.013
6465.6;0.015
6466.1;0.017
6466.6;0.015
6467.1;0.015
6467.6;0.021
6468.1;0.016
6468.6;0.003
6469.1;0.013
6469.6;0.016
6470.1;0.004
6470.6;0.013
6471.1;0.01
6471.6;0.016
6472.1;0.008
6472.6;0.019
6473.1;0.007
6473.6;0.009
6474.1;0.016
6474.6;0.009
6475.1;0.011
6475.6;0.011
6476.1;0.013
6476.6;0.011
6477.1;0.014
6477.6;0.012
6478.1;0.011
6478.6;0.008
6479.1;0.003
6479.6;0.012
6480.1;0.007
6480.6;0.007
6481.1;0.011
6481.6;0.002
6482.1;0.007
6482.6;0.012
6483.1;0.008
6483.6;0.007
6484.1;0.021
6484.6;0.008
6485.1;0.01
6485.6;0.005
6486.1;0.02
6486.6;0.011
6487.1;0.007
6487.6;0.01
6488.1;0.013
6488.6;0.024
6489.1;0.018
6489.6;0.016
6490.1;0.015
6490.6;0.013
6491.1;0.008
6491.6;0.008
6492.1;0.008
6492.6;0.021
6493.1;0.002
6493.6;0.01
6494.1;0.019
6494.6;0.005
6495.1;0.013
6495.6;0.005
6496.1;0.009
6496.6;0.009
6497.1;0.015
6497.6;0.009
6498.1;0.001
6498.6;0.012
6499.1;0.005
6499.6;0.014
6500.1;0.015
6500.6;0.016
6501.1;0.021
6501.6;0.006
6502.1;0.011
6502.6;0.005
6503.1;0.002
6503.6;0.007
6504.1;0.016
6504.6;0.009
6505.1;0.01
6505.6;0.009
6506.1;0.011
6506.6;0.013
6507.1;0.02
6507.6;0.018
6508.1;0.004
6508.6;0.003
6509.1;0.018
6509.6;0.008
6510.1;0.012
6510.6;0.013
6511.1;0.027
6511.6;0.016
6512.1;0.013
6512.6;0.008
6513.1;0.018
6513.6;0.022
6514.1;0.01
6514.6;0.005
6515.1;0.007
6515.6;0.01
6516.1;0.017
6516.6;0.007
6517.1;0.017
6517.6;0.005
6518.1;0.013
6518.6;0.006
6519.1;0.01
6519.6;0.012
6520.1;0.01
6520.6;0.011
6521.1;0.006
6521.6;0.01
6522.1;0.004
6522.6;0.008
6523.1;0.016
6523.6;0.021
6524.1;0.01
6524.6;0.011
6525.1;0.008
6525.6;0.019
6526.1;0.015
6526.6;0.018
6527.1;0.019
6527.6;0.009
6528.1;0.002
6528.6;0.011
6529.1;0.011
6529.6;0.006
6530.1;0.013
6530.6;0.009
6531.1;0.01
6531.6;0.012
6532.1;0.016
6532.6;0.011
6533.1;0.008
6533.6;0.01
6534.1;0.008
6534.6;0.003
6535.1;0.023
6535.6;0.019
6536.1;0.005
6536.6;0.009
6537.1;0.001
6537.6;0.022
6538.1;0.007
6538.6;0.01
6539.1;0.02
6539.6;0.002
6540.1;0.008
6540.6;0.003
6541.1;0.004
6541.6;0.015
6542.1;0.009
6542.6;0.004
6543.1;0.021
6543.6;0.014
6544.1;0.011
6544.6;0.008
6545.1;0.008
6545.6;0.018
6546.1;0.017
6546.6;0.018
6547.1;0.004
6547.6;0.01
6548.1;0.017
6548.6;0.018
6549.1;0.014
6549.6;0.018
6550.1;0.015
6550.6;0.005
6551.1;0.008
6551.6;0.025
6552.1;0.006
6552.6;0.01
6553.1;0.011
6553.6;0.018
6554.1;0.009
6554.6;0.015
6555.1;0.023
6555.6;0.005
6556.1;0.008
6556.6;0.01
6557.1;0.001
6557.6;0.015
6558.1;0.012
6558.6;0.009
6559.1;0.014
6559.6;0.015
6560.1;0.012
6560.6;0.009
6561.1;0.009
6561.6;0.005
6562.1;0.012
6562.6;0.014
6563.1;0.002
6563.6;0.011
6564.1;0.01
6564.6;0.009
6565.1;0.007
6565.6;0.019
6566.1;0.008
6566.6;0.019
6567.1;0.006
6567.6;0.021
6568.1;0.016
6568.6;0.012
6569.1;0.003
6569.6;0.005
6570.1;0.004
6570.6;0.008
6571.1;0.011
6571.6;0.008
6572.1;0.021
6572.6;0.012
6573.1;0.012
6573.6;0.019
6574.1;0.004
6574.6;0.017
6575.1;0.019
6575.6;0.015
6576.1;0.012
6576.6;0.012
6577.1;0.014
6577.6;0.007
6578.1;0.011
6578.6;0.005
6579.1;0.019
6579.6;0.006
6580.1;0.006
6580.6;0.023
6581.1;0.013
6581.6;0.017
6582.1;0.006
6582.6;0.009
6583.1;0.009
6583.6;0.011
6584.1;0.012
6584.6;0.022
6585.1;0.004
6585.6;0.009
6586.1;0.018
6586.6;0.007
6587.1;0.002
6587.6;0.004
6588.1;0.003
6588.6;0.008
6589.1;0.003
6589.6;0.013
6590.1;0.013
6590.6;0.015
6591.1;0.017
6591.6;0.022
6592.1;0.004
6592.6;0.003
6593.1;0.016
6593.6;0.013
6594.1;0.017
6594.6;0.008
6595.1;0.002
6595.6;0.009
6596.1;0.014
6596.6;0.016
6597.1;0.014
6597.6;0.018
6598.1;0.007
6598.6;0.006
6599.1;0.015
6599.6;0.01
6600.1;0.014
6600.6;0.016
6601.1;0.023
6601.6;0.012
6602.1;0.013
6602.6;0.024
6603.1;0.006
6603.6;0.008
6604.1;0.012
6604.6;0.016
6605.1;0.003
6605.6;0.016
6606.1;0.008
6606.6;0.012
6607.1;0.002
6607.6;0.019
6608.1;0.012
6608.6;0.007
6609.1;0.014
6609.6;0.005
6610.1;0.001
6610.6;0.014
6611.1;0.008
6611.6;0.012
6612.1;0.008
6612.6;0.013
6613.1;0.017
6613.6;0.005
6614.1;0.008
6614.6;0.011
6615.2;0.008
6615.7;0.001
6616.2;0.007
6616.7;0.005
6617.2;0.01
6617.7;0.012
6618.2;0.01
6618.7;0.004
6619.2;0.014
6619.7;0.009
6620.2;0.014
6620.7;0.008
6621.2;0.012
6621.7;0.008
6622.2;0.014
6622.7;0.008
6623.2;0.009
6623.7;0.007
6624.2;0.008
6624.7;0.007
6625.2;0.01
6625.7;0.014
6626.2;0.012
6626.7;0.008
6627.2;0.006
6627.7;0.01
6628.2;0.008
6628.7;0.004
6629.2;0.009
6629.7;0.003
6630.2;0.013
6630.7;0.006
6631.2;0.015
6631.7;0.014
6632.2;0.008
6632.7;0.016
6633.2;0.003
6633.7;0.008
6634.2;0.008
6634.7;0.015
6635.2;0.006
6635.7;0.014
6636.2;0.008
6636.7;0.01
6637.2;0.006
6637.7;0.023
6638.2;0.014
6638.7;0.005
6639.2;0.021
6639.7;0.003
6640.2;0.007
6640.7;0.011
6641.2;0.01
6641.7;0.014
6642.2;0.001
6642.7;0.017
6643.2;0.017
6643.7;0.012
6644.2;0.01
6644.7;0.016
6645.2;0.001
6645.7;0.012
6646.2;0.01
6646.7;0.001
6647.2;0.018
6647.7;0.012
6648.2;0.005
6648.7;0.013
6649.2;0.019
6649.7;0.005
6650.2;0.008
6650.7;0.01
6651.2;0.019
6651.7;0.003
6652.2;0.02
6652.7;0.016
6653.2;0.021
6653.7;0.019
6654.2;0.016
6654.7;0.007
6655.2;0.009
6655.7;0.018
6656.2;0.01
6656.7;0.012
6657.2;0.007
6657.7;0.012
6658.2;0.008
6658.7;0.015
6659.2;0.006
6659.7;0.016
6660.2;0.007
6660.7;0.007
6661.2;0.013
6661.7;0.011
6662.2;0.02
6662.7;0.01
6663.2;0.017
6663.7;0.006
6664.2;0.001
6664.7;0.012
6665.2;0.012
6665.7;0.017
6666.2;0.017
6666.7;0.006
6667.2;0.015
6667.7;0.011
6668.2;0.006
6668.7;0.012
6669.2;0.01
6669.7;0.023
6670.2;0.006
6670.7;0.024
6671.2;0.019
6671.7;0.012
6672.2;0.035
6672.7;0.007
6673.2;0.015
6673.7;0.008
6674.2;0.016
6674.7;0.018
6675.2;0.015
6675.7;0.004
6676.2;0.01
6676.7;0.01
6677.2;0.009
6677.7;0.013
6678.2;0.014
6678.7;0.004
6679.2;0.007
6679.7;0.011
6680.2;0.006
6680.7;0.005
6681.2;0.006
6681.7;0.014
6682.2;0.01
6682.7;0.005
6683.2;0.008
6683.7;0.009
6684.2;0.013
6684.7;0.007
6685.2;0.015
6685.7;0.002
6686.2;0.017
6686.7;0.011
6687.2;0.004
6687.7;0.009
6688.2;0.011
6688.7;0.014
6689.2;0.008
6689.7;0.015
6690.2;0.011
6690.7;0.02
6691.2;0.02
6691.7;0.019
6692.2;0.007
6692.7;0.014
6693.2;0.006
6693.7;0.02
6694.2;0.02
6694.7;0.011
6695.2;0.009
6695.7;0.009
6696.2;0.012
6696.7;0.013
6697.2;0.0
6697.7;0.013
6698.2;0.001
6698.7;0.016
6699.2;0.01
6699.7;0.011
6700.2;0.016
6700.7;0.008
6701.2;0.006
6701.7;0.012
6702.2;0.009
6702.7;0.016
6703.2;0.012
6703.7;0.023
6704.2;0.004
6704.7;0.011
6705.2;0.009
6705.7;0.005
6706.2;0.004
6706.7;0.011
6707.2;0.006
6707.7;0.016
6708.2;0.018
6708.7;0.008
6709.2;0.013
6709.7;0.015
6710.2;0.006
6710.7;0.021
6711.2;0.008
6711.7;0.011
6712.2;0.011
6712.7;0.008
6713.2;0.005
6713.7;0.016
6714.2;0.024
6714.7;0.013
6715.2;0.011
6715.7;0.01
6716.2;0.022
6716.7;0.008
6717.2;0.029
6717.7;0.014
6718.2;0.008
6718.7;0.023
6719.2;0.005
6719.7;0.018
6720.2;0.006
6720.7;0.012
6721.2;0.001
6721.7;0.003
6722.2;0.012
6722.7;0.009
6723.2;0.004
6723.7;0.014
6724.2;0.013
6724.7;0.008
6725.2;0.007
6725.7;0.011
6726.2;0.008
6726.7;0.005
6727.2;0.013
6727.7;0.013
6728.2;0.01
6728.7;0.007
6729.2;0.007
6729.7;0.025
6730.2;0.025
6730.7;0.01
6731.2;0.003
6731.7;0.019
6732.2;0.003
6732.7;0.013
6733.2;0.009
6733.7;0.015
6734.2;0.02
6734.7;0.007
6735.2;0.004
6735.7;0.013
6736.2;0.016
6736.7;0.015
6737.2;0.012
6737.7;0.017
6738.2;0.018
6738.7;0.013
6739.2;0.009
6739.7;0.012
6740.2;0.004
6740.7;0.019
6741.2;0.014
6741.7;0.006
6742.2;0.014
6742.7;0.014
6743.2;0.013
6743.7;0.023
6744.2;0.023
6744.7;0.014
6745.2;0.005
6745.7;0.013
6746.2;0.012
6746.7;0.004
6747.2;0.009
6747.7;0.012
6748.2;0.002
6748.7;0.015
6749.2;0.009
6749.7;0.009
6750.2;0.007
6750.7;0.024
6751.2;0.01
6751.7;0.02
6752.2;0.008
6752.7;0.021
6753.2;0.012
6753.7;0.015
6754.2;0.019
6754.7;0.021
6755.2;0.006
6755.7;0.02
6756.2;0.016
6756.7;0.02
6757.2;0.025
6757.7;0.015
6758.2;0.003
6758.7;0.002
6759.2;0.018
6759.7;0.009
6760.2;0.002
6760.7;0.013
6761.2;0.012
6761.7;0.012
6762.2;0.012
6762.7;0.007
6763.2;0.011
6763.7;0.018
6764.2;0.008
6764.7;0.016
6765.2;0.007
6765.7;0.016
6766.2;0.006
6766.7;0.005
6767.2;0.014
6767.7;0.023
6768.2;0.016
6768.7;0.009
6769.2;0.01
6769.7;0.021
6770.2;0.019
6770.7;0.009
6771.2;0.025
6771.7;0.011
6772.2;0.012
6772.7;0.015
6773.2;0.011
6773.7;0.011
6774.2;0.012
6774.7;0.006
6775.2;0.014
6775.7;0.005
6776.2;0.028
6776.7;0.008
6777.2;0.01
6777.7;0.017
6778.2;0.013
6778.7;0.012
6779.2;0.005
6779.7;0.004
6780.2;0.013
6780.7;0.023
6781.2;0.009
6781.7;0.012
6782.2;0.019
6782.7;0.014
6783.2;0.009
6783.7;0.016
6784.2;0.015
6784.7;0.026
6785.2;0.007
6785.7;0.006
6786.2;0.002
6786.7;0.011
6787.2;0.01
6787.7;0.024
6788.2;0.004
6788.7;0.028
6789.2;0.012
6789.7;0.005
6790.2;0.016
6790.7;0.021
6791.2;0.022
6791.7;0.014
6792.2;0.021
6792.7;0.011
6793.2;0.02
6793.7;0.009
6794.2;0.016
6794.7;0.01
6795.2;0.016
6795.7;0.011
6796.2;0.014
6796.7;0.006
6797.2;0.012
6797.7;0.014
6798.2;0.006
6798.7;0.011
6799.2;0.019
6799.7;0.026
6800.2;0.024
6800.7;0.006
6801.2;0.019
6801.7;0.007
6802.2;0.016
6802.7;0.004
6803.2;0.015
6803.7;0.003
6804.2;0.015
6804.7;0.011
6805.2;0.012
6805.7;0.006
6806.2;0.003
6806.7;0.004
6807.2;0.018
6807.7;0.017
6808.2;0.009
6808.7;0.006
6809.2;0.002
6809.7;0.019
6810.2;0.013
6810.7;0.004
6811.2;0.015
6811.7;0.005
6812.2;0.002
6812.7;0.012
6813.2;0.013
6813.7;0.004
6814.2;0.007
6814.7;0.016
6815.2;0.023
6815.7;0.008
6816.2;0.012
6816.7;0.008
6817.2;0.005
6817.7;0.01
6818.2;0.005
6818.7;0.001
6819.2;0.011
6819.7;0.013
6820.2;0.006
6820.7;0.002
6821.2;0.019
6821.7;0.018
6822.2;0.005
6822.7;0.008
6823.2;0.007
6823.7;0.012
6824.2;0.019
6824.7;0.012
6825.2;0.018
6825.7;0.02
6826.2;0.013
6826.7;0.007
6827.2;0.007
6827.7;0.018
6828.2;0.012
6828.7;0.009
6829.2;0.009
6829.7;0.007
6830.2;0.007
6830.7;0.002
6831.2;0.007
6831.7;0.014
6832.2;0.017
6832.7;0.015
6833.2;0.008
6833.7;0.017
6834.2;0.015
6834.7;0.014
6835.2;0.007
6835.7;0.023
6836.2;0.024
6836.7;0.011
6837.2;0.024
6837.7;0.01
6838.2;0.016
6838.7;0.001
6839.2;0.017
6839.7;0.018
6840.2;0.006
6840.7;0.006
6841.2;0.009
6841.7;0.02
6842.2;0.006
6842.7;0.004
6843.2;0.001
6843.7;0.005
6844.2;0.002
6844.7;0.018
6845.2;0.013
6845.7;0.017
6846.2;0.015
6846.7;0.008
6847.2;0.005
6847.7;0.003
6848.2;0.006
6848.7;0.025
6849.2;0.006
6849.7;0.009
6850.2;0.007
6850.7;0.013
6851.2;0.018
6851.7;0.011
6852.2;0.004
6852.7;0.01
6853.2;0.011
6853.7;0.012
6854.2;0.012
6854.7;0.006
6855.2;0.007
6855.7;0.017
6856.2;0.016
6856.7;0.019
6857.2;0.001
6857.7;0.013
6858.2;0.003
6858.7;0.012
6859.2;0.018
6859.7;0.003
6860.2;0.015
6860.7;0.014
6861.2;0.017
6861.7;0.009
6862.2;0.027
6862.7;0.016
6863.2;0.006
6863.7;0.008
6864.2;0.013
6864.7;0.015
6865.2;0.006
6865.7;0.014
6866.2;0.009
6866.7;0.015
6867.2;0.005
6867.7;0.014
6868.2;0.01
6868.7;0.007
6869.2;0.013
6869.7;0.011
6870.2;0.013
6870.7;0.023
6871.2;0.004
6871.7;0.015
6872.2;0.011
6872.7;0.004
6873.2;0.013
6873.7;0.003
6874.2;0.006
6874.7;0.019
6875.2;0.014
6875.7;0.012
6876.2;0.017
6876.7;0.008
6877.2;0.006
6877.7;0.006
6878.2;0.025
6878.7;0.008
6879.2;0.006
6879.7;0.007
6880.2;0.027
6880.7;0.013
6881.2;0.007
6881.7;0.002
6882.2;0.005
6882.7;0.002
6883.2;0.013
6883.7;0.014
6884.2;0.018
6884.7;0.012
6885.2;0.006
6885.7;0.005
6886.2;0.008
6886.7;0.01
6887.2;0.015
6887.7;0.009
6888.2;0.009
6888.7;0.013
6889.2;0.018
6889.7;0.02
6890.2;0.016
6890.7;0.01
6891.2;0.008
6891.7;0.012
6892.2;0.015
6892.7;0.005
6893.2;0.006
6893.7;0.017
6894.2;0.014
6894.7;0.013
6895.2;0.011
6895.7;0.001
6896.2;0.012
6896.7;0.009
6897.2;0.013
6897.7;0.001
6898.2;0.018
6898.7;0.02
6899.2;0.025
6899.7;0.008
6900.2;0.022
6900.7;0.008
6901.2;0.007
6901.7;0.012
6902.2;0.012
6902.7;0.004
6903.2;0.009
6903.7;0.008
6904.2;0.02
6904.7;0.013
6905.2;0.011
6905.7;0.006
6906.2;0.002
6906.7;0.009
6907.2;0.005
6907.7;0.011
6908.2;0.002
6908.7;0.005
6909.2;0.014
6909.7;0.013
6910.2;0.018
6910.7;0.011
6911.2;0.028
6911.7;0.022
6912.2;0.011
6912.7;0.007
6913.2;0.009
6913.7;0.012
6914.2;0.016
6914.7;0.007
6915.2;0.022
6915.7;0.022
6916.2;0.001
6916.7;0.009
6917.2;0.01
6917.7;0.01
6918.2;0.021
6918.7;0.013
6919.2;0.025
6919.7;0.011
6920.2;0.006
6920.7;0.014
6921.2;0.016
6921.7;0.01
6922.2;0.023
6922.7;0.015
6923.2;0.006
6923.7;0.007
6924.2;0.014
6924.7;0.003
6925.2;0.009
6925.7;0.002
6926.2;0.007
6926.7;0.018
6927.2;0.014
6927.7;0.007
6928.2;0.014
6928.7;0.01
6929.2;0.015
6929.7;0.011
6930.2;0.003
6930.7;0.003
6931.2;0.011
6931.7;0.01
6932.2;0.017
6932.7;0.014
6933.2;0.014
6933.7;0.02
6934.2;0.014
6934.7;0.006
6935.2;0.02
6935.7;0.012
6936.2;0.003
6936.7;0.013
6937.2;0.004
6937.7;0.009
6938.2;0.003
6938.7;0.009
6939.2;0.018
6939.7;0.015
6940.2;0.004
6940.7;0.007
6941.2;0.023
6941.7;0.006
6942.2;0.02
6942.7;0.008
6943.2;0.011
6943.7;0.023
6944.2;0.015
6944.7;0.016
6945.2;0.008
6945.7;0.011
6946.2;0.008
6946.7;0.008
6947.2;0.005
6947.7;0.015
6948.2;0.012
6948.7;0.007
6949.2;0.028
6949.7;0.021
6950.2;0.014
6950.7;0.016
6951.2;0.022
6951.7;0.006
6952.2;0.006
6952.7;0.013
6953.2;0.018
6953.7;0.021
6954.2;0.013
6954.7;0.012
6955.2;0.013
6955.7;0.01
6956.2;0.03
6956.7;0.007
6957.2;0.011
6957.7;0.001
6958.2;0.018
6958.7;0.013
6959.2;0.005
6959.7;0.011
6960.2;0.008
6960.7;0.004
6961.2;0.01
6961.7;0.004
6962.2;0.019
6962.7;0.006
6963.2;0.014
6963.7;0.016
6964.2;0.02
6964.7;0.018
6965.2;0.007
6965.7;0.014
6966.2;0.016
6966.7;0.015
6967.2;0.008
6967.7;0.006
6968.2;0.013
6968.7;0.017
6969.2;0.004
6969.7;0.012
6970.2;0.015
6970.7;0.007
6971.2;0.005
6971.7;0.009
6972.2;0.007
6972.7;0.01
6973.2;0.011
6973.7;0.006
6974.2;0.026
6974.7;0.023
6975.2;0.007
6975.7;0.005
6976.2;0.007
6976.7;0.017
6977.2;0.013
6977.7;0.01
6978.2;0.008
6978.7;0.011
6979.2;0.019
6979.7;0.006
6980.2;0.01
6980.7;0.006
6981.2;0.01
6981.7;0.011
6982.2;0.011
6982.7;0.016
6983.2;0.009
6983.7;0.023
6984.2;0.014
6984.7;0.007
6985.2;0.024
6985.7;0.001
6986.2;0.006
6986.7;0.007
6987.2;0.014
6987.7;0.015
6988.2;0.012
6988.7;0.012
6989.2;0.017
6989.7;0.003
6990.2;0.008
6990.7;0.02
6991.2;0.018
6991.7;0.007
6992.2;0.01
6992.7;0.01
6993.2;0.016
6993.7;0.015
6994.2;0.009
6994.7;0.014
6995.2;0.009
6995.7;0.005
6996.2;0.002
6996.7;0.001
6997.2;0.02
6997.7;0.001
6998.2;0.012
6998.7;0.024
6999.2;0.012
6999.7;0.004
7000.2;0.02
7000.7;0.017
7001.2;0.005
7001.7;0.012
7002.2;0.008
7002.7;0.004
7003.2;0.008
7003.7;0.015
7004.2;0.016
7004.7;0.011
7005.2;0.009
7005.7;0.011
7006.2;0.005
7006.7;0.001
7007.2;0.007
7007.7;0.008
7008.2;0.004
7008.7;0.011
7009.2;0.009
7009.7;0.013
7010.2;0.005
7010.7;0.008
7011.2;0.002
7011.7;0.016
7012.2;0.01
7012.7;0.029
7013.2;0.02
7013.7;0.013
7014.2;0.007
7014.7;0.001
7015.2;0.013
7015.7;0.008
7016.2;0.016
7016.7;0.02
7017.2;0.01
7017.7;0.014
7018.2;0.019
7018.7;0.014
7019.2;0.012
7019.7;0.017
7020.2;0.015
7020.7;0.013
7021.2;0.012
7021.7;0.015
7022.2;0.019
7022.7;0.007
7023.2;0.005
7023.7;0.014
7024.2;0.006
7024.7;0.017
7025.2;0.025
7025.7;0.013
7026.2;0.014
7026.7;0.004
7027.2;0.005
7027.7;0.022
7028.2;0.01
7028.7;0.007
7029.2;0.007
7029.7;0.01
7030.2;0.008
7030.7;0.027
7031.2;0.01
7031.7;0.01
7032.2;0.013
7032.7;0.01
7033.2;0.008
7033.7;0.01
7034.2;0.007
7034.7;0.008
7035.2;0.01
7035.7;0.012
7036.2;0.013
7036.7;0.013
7037.2;0.009
7037.7;0.016
7038.2;0.011
7038.7;0.012
7039.2;0.004
7039.7;0.021
7040.2;0.009
7040.7;0.013
7041.2;0.017
7041.7;0.009
7042.2;0.009
7042.7;0.02
7043.2;0.013
7043.7;0.016
7044.2;0.011
7044.7;0.011
7045.2;0.021
7045.7;0.006
7046.2;0.012
7046.7;0.004
7047.2;0.012
7047.7;0.008
7048.2;0.003
7048.7;0.015
7049.2;0.012
7049.7;0.015
7050.2;0.008
7050.7;0.001
7051.2;0.016
7051.7;0.011
7052.2;0.015
7052.7;0.019
7053.2;0.013
7053.7;0.014
7054.2;0.016
7054.7;0.016
7055.2;0.002
7055.7;0.014
7056.2;0.004
7056.7;0.004
7057.2;0.007
7057.7;0.013
7058.2;0.014
7058.7;0.016
7059.2;0.007
7059.7;0.016
7060.2;0.009
7060.7;0.012
7061.2;0.005
7061.7;0.01
7062.2;0.002
7062.7;0.012
7063.2;0.013
7063.7;0.007
7064.2;0.012
7064.7;0.013
7065.2;0.014
7065.7;0.012
7066.2;0.003
7066.7;0.009
7067.2;0.018
7067.7;0.002
7068.2;0.017
7068.7;0.014
7069.2;0.012
7069.7;0.005
7070.2;0.01
7070.7;0.008
7071.2;0.01
7071.7;0.014
7072.2;0.015
7072.7;0.01
7073.2;0.002
7073.7;0.001
7074.2;0.01
7074.7;0.004
7075.2;0.013
7075.7;0.008
7076.2;0.008
7076.7;0.007
7077.2;0.012
7077.7;0.013
7078.2;0.011
7078.7;0.011
7079.2;0.006
7079.7;0.012
7080.2;0.008
7080.7;0.008
7081.2;0.011
7081.7;0.015
7082.2;0.012
7082.7;0.002
7083.2;0.018
7083.7;0.011
7084.2;0.004
7084.7;0.009
7085.2;0.009
7085.7;0.008
7086.2;0.007
7086.7;0.016
7087.2;0.007
7087.7;0.019
7088.2;0.001
7088.7;0.005
7089.2;0.01
7089.7;0.007
7090.2;0.008
7090.7;0.022
7091.2;0.011
7091.7;0.008
7092.2;0.02
7092.7;0.008
7093.2;0.007
7093.7;0.003
7094.2;0.009
7094.7;0.014
7095.2;0.014
7095.7;0.01
7096.2;0.017
7096.7;0.016
7097.2;0.016
7097.7;0.011
7098.2;0.009
7098.7;0.017
7099.2;0.015
7099.7;0.019
7100.2;0.012
7100.7;0.008
7101.2;0.009
7101.7;0.01
7102.2;0.023
7102.7;0.01
7103.2;0.004
7103.7;0.007
7104.2;0.015
7104.7;0.02
7105.2;0.011
7105.7;0.011
7106.2;0.014
7106.7;0.008
7107.2;0.016
7107.7;0.016
7108.2;0.02
7108.7;0.005
7109.2;0.025
7109.7;0.007
7110.2;0.006
7110.7;0.001
7111.2;0.008
7111.7;0.005
7112.2;0.016
7112.7;0.011
7113.2;0.019
7113.7;0.009
7114.2;0.016
7114.7;0.022
7115.2;0.007
7115.7;0.015
7116.2;0.01
7116.7;0.02
7117.2;0.003
7117.7;0.014
7118.2;0.018
7118.7;0.009
7119.2;0.011
7119.7;0.02
7120.2;0.013
7120.7;0.01
7121.2;0.015
7121.7;0.013
7122.2;0.011
7122.7;0.002
7123.2;0.008
7123.7;0.021
7124.2;0.004
7124.7;0.006
7125.2;0.02
7125.7;0.01
7126.2;0.003
7126.7;0.016
7127.2;0.002
7127.7;0.026
7128.2;0.006
7128.7;0.007
7129.2;0.009
7129.7;0.007
7130.2;0.009
7130.7;0.021
7131.2;0.012
7131.7;0.018
7132.2;0.014
7132.7;0.007
7133.2;0.004
7133.7;0.01
7134.2;0.009
7134.7;0.013
7135.2;0.015
7135.7;0.015
7136.2;0.009
7136.7;0.008
7137.2;0.007
7137.7;0.015
7138.2;0.019
7138.7;0.001
7139.2;0.021
7139.7;0.006
7140.2;0.015
7140.7;0.013
7141.2;0.01
7141.7;0.017
7142.2;0.011
7142.7;0.005
7143.2;0.012
7143.7;0.021
7144.2;0.011
7144.7;0.01
7145.2;0.004
7145.7;0.006
7146.2;0.016
7146.7;0.009
7147.2;0.013
7147.7;0.012
7148.2;0.001
7148.7;0.008
7149.2;0.005
7149.7;0.013
7150.2;0.002
7150.7;0.012
7151.2;0.008
7151.7;0.031
7152.2;0.003
7152.7;0.017
7153.2;0.011
7153.7;0.011
7154.2;0.002
7154.7;0.006
7155.2;0.006
7155.7;0.017
7156.2;0.014
7156.7;0.008
7157.2;0.008
7157.7;0.015
7158.2;0.031
7158.7;0.004
7159.2;0.016
7159.7;0.01
7160.2;0.014
7160.7;0.018
7161.2;0.008
7161.7;0.012
7162.2;0.021
7162.7;0.016
7163.2;0.016
7163.7;0.013
7164.2;0.008
7164.7;0.015
7165.2;0.005
7165.7;0.008
7166.2;0.005
7166.7;0.006
7167.2;0.005
7167.7;0.017
7168.2;0.01
7168.7;0.003
7169.2;0.009
7169.7;0.006
7170.2;0.003
7170.7;0.01
7171.2;0.006
7171.7;0.013
7172.2;0.008
7172.7;0.009
7173.2;0.018
7173.7;0.008
7174.2;0.011
7174.7;0.004
7175.2;0.003
7175.7;0.012
7176.2;0.006
7176.7;0.02
7177.2;0.019
7177.7;0.008
7178.2;0.005
7178.7;0.018
7179.2;0.021
7179.7;0.009
7180.2;0.006
7180.7;0.011
7181.2;0.027
7181.7;0.014
7182.2;0.008
7182.7;0.017
7183.2;0.015
7183.7;0.018
7184.2;0.018
7184.7;0.008
7185.2;0.024
7185.7;0.01
7186.2;0.018
7186.7;0.012
7187.2;0.003
7187.7;0.017
7188.2;0.01
7188.7;0.017
7189.2;0.008
7189.7;0.012
7190.2;0.004
7190.7;0.002
7191.2;0.002
7191.7;0.011
7192.2;0.006
7192.7;0.018
7193.2;0.018
7193.7;0.015
7194.2;0.025
7194.7;0.004
7195.2;0.013
7195.7;0.004
7196.2;0.003
7196.7;0.014
7197.2;0.01
7197.7;0.006
7198.2;0.004
7198.7;0.014
7199.2;0.014
7199.7;0.007
7200.2;0.012
7200.7;0.013
7201.2;0.015
7201.7;0.003
7202.2;0.022
7202.7;0.0
7203.2;0.013
7203.7;0.012
7204.2;0.012
7204.7;0.019
7205.2;0.011
7205.7;0.008
7206.2;0.009
7206.7;0.011
7207.2;0.015
7207.7;0.003
7208.2;0.02
7208.7;0.024
7209.2;0.011
7209.7;0.007
7210.2;0.005
7210.7;0.021
7211.2;0.015
7211.7;0.011
7212.2;0.009
7212.7;0.011
7213.2;0.005
7213.7;0.016
7214.2;0.013
7214.7;0.005
7215.2;0.017
7215.7;0.018
7216.2;0.004
7216.7;0.008
7217.2;0.017
7217.7;0.015
7218.2;0.007
7218.7;0.017
7219.2;0.013
7219.7;0.01
7220.2;0.002
7220.7;0.008
7221.2;0.018
7221.7;0.017
7222.2;0.012
7222.7;0.023
7223.2;0.017
7223.7;0.006
7224.2;0.006
7224.7;0.007
7225.2;0.018
7225.7;0.012
7226.2;0.003
7226.7;0.01
7227.2;0.008
7227.7;0.008
7228.2;0.016
7228.7;0.009
7229.2;0.003
7229.7;0.01
7230.2;0.006
7230.7;0.016
7231.2;0.018
7231.7;0.015
7232.2;0.005
7232.7;0.022
7233.2;0.013
7233.7;0.028
7234.2;0.019
7234.7;0.007
7235.2;0.007
7235.7;0.004
7236.2;0.01
7236.7;0.019
7237.2;0.018
7237.7;0.007
7238.2;0.005
7238.7;0.02
7239.2;0.016
7239.7;0.018
7240.2;0.007
7240.7;0.014
7241.2;0.01
7241.7;0.022
7242.2;0.007
7242.7;0.012
7243.2;0.011
7243.7;0.01
7244.2;0.01
7244.7;0.021
7245.2;0.005
7245.7;0.006
7246.2;0.015
7246.7;0.009
7247.2;0.009
7247.7;0.011
7248.2;0.005
7248.7;0.003
7249.2;0.007
7249.7;0.014
7250.2;0.009
7250.7;0.011
7251.2;0.005
7251.7;0.021
7252.2;0.016
7252.7;0.024
7253.2;0.013
7253.7;0.015
7254.2;0.005
7254.7;0.005
7255.2;0.01
7255.7;0.026
7256.2;0.025
7256.7;0.013
7257.2;0.01
7257.7;0.009
7258.2;0.016
7258.7;0.011
7259.2;0.016
7259.7;0.018
7260.2;0.021
7260.7;0.01
7261.2;0.011
7261.7;0.007
7262.2;0.007
7262.7;0.012
7263.2;0.023
7263.7;0.017
7264.2;0.012
7264.7;0.011
7265.2;0.011
7265.7;0.01
7266.2;0.01
7266.7;0.007
7267.2;0.004
7267.7;0.005
7268.2;0.001
7268.7;0.012
7269.2;0.017
7269.7;0.009
7270.2;0.004
7270.7;0.006
7271.2;0.011
7271.7;0.009
7272.2;0.009
7272.7;0.011
7273.2;0.001
7273.7;0.011
7274.2;0.012
7274.7;0.022
7275.2;0.027
7275.7;0.012
7276.2;0.016
7276.7;0.023
7277.2;0.008
7277.7;0.017
7278.2;0.016
7278.7;0.011
7279.2;0.021
7279.7;0.015
7280.2;0.007
7280.7;0.012
7281.2;0.004
7281.7;0.021
7282.2;0.006
7282.7;0.021
7283.2;0.014
7283.7;0.005
7284.2;0.011
7284.7;0.007
7285.2;0.005
7285.7;0.008
7286.2;0.001
7286.7;0.024
7287.2;0.017
7287.7;0.011
7288.2;0.014
7288.7;0.006
7289.2;0.007
7289.7;0.005
7290.2;0.017
7290.7;0.013
7291.2;0.015
7291.7;0.012
7292.2;0.009
7292.7;0.011
7293.2;0.006
7293.7;0.009
7294.2;0.005
7294.7;0.018
7295.2;0.005
7295.7;0.008
7296.2;0.015
7296.7;0.014
7297.2;0.015
7297.7;0.003
7298.2;0.007
7298.7;0.018
7299.2;0.01
7299.7;0.007
7300.2;0.023
7300.7;0.008
7301.2;0.002
7301.7;0.017
7302.2;0.006
7302.7;0.011
7303.2;0.014
7303.7;0.02
7304.2;0.012
7304.7;0.007
7305.2;0.004
7305.7;0.013
7306.2;0.014
7306.7;0.014
7307.2;0.01
7307.7;0.008
7308.2;0.007
7308.7;0.009
7309.2;0.008
7309.7;0.004
7310.2;0.009
7310.7;0.01
7311.2;0.013
7311.7;0.009
7312.2;0.006
7312.7;0.01
7313.2;0.011
7313.7;0.009
7314.2;0.015
7314.7;0.005
7315.2;0.012
7315.7;0.011
7316.2;0.012
7316.7;0.01
7317.2;0.003
7317.7;0.017
7318.2;0.005
7318.7;0.014
7319.2;0.011
7319.7;0.022
7320.2;0.018
7320.7;0.011
7321.2;0.018
7321.7;0.017
7322.2;0.015
7322.7;0.025
7323.2;0.015
7323.7;0.018
7324.2;0.006
7324.7;0.013
7325.2;0.009
7325.7;0.013
7326.2;0.008
7326.7;0.015
7327.2;0.002
7327.7;0.013
7328.2;0.007
7328.7;0.012
7329.2;0.008
7329.7;0.012
7330.2;0.006
7330.7;0.012
7331.2;0.006
7331.7;0.017
7332.2;0.016
7332.7;0.011
7333.2;0.001
7333.7;0.017
7334.2;0.012
7334.7;0.007
7335.2;0.014
7335.7;0.015
7336.2;0.01
7336.7;0.015
7337.2;0.025
7337.7;0.012
7338.2;0.003
7338.7;0.021
7339.2;0.01
7339.7;0.011
7340.2;0.007
7340.7;0.019
7341.2;0.01
7341.7;0.011
7342.2;0.009
7342.7;0.008
7343.2;0.007
7343.7;0.005
7344.2;0.007
7344.7;0.017
7345.2;0.015
7345.7;0.015
7346.2;0.004
7346.7;0.006
7347.2;0.01
7347.7;0.013
7348.2;0.006
7348.7;0.016
7349.2;0.006
7349.7;0.01
7350.2;0.006
7350.7;0.011
7351.2;0.011
7351.7;0.006
7352.2;0.011
7352.7;0.01
7353.2;0.005
7353.7;0.01
7354.2;0.01
7354.7;0.022
7355.2;0.01
7355.7;0.013
7356.2;0.005
7356.7;0.012
7357.2;0.009
7357.7;0.013
7358.2;0.012
7358.7;0.013
7359.2;0.014
7359.7;0.019
7360.2;0.012
7360.7;0.024
7361.2;0.003
7361.7;0.008
7362.2;0.015
7362.7;0.019
7363.2;0.01
7363.7;0.004
7364.2;0.009
7364.7;0.008
7365.2;0.008
7365.7;0.009
7366.2;0.016
7366.7;0.026
7367.2;0.005
7367.7;0.006
7368.2;0.003
7368.7;0.013
7369.2;0.011
7369.7;0.009
7370.2;0.018
7370.7;0.005
7371.2;0.014
7371.7;0.008
7372.2;0.018
7372.7;0.015
7373.2;0.018
7373.7;0.012
7374.2;0.012
7374.7;0.004
7375.2;0.009
7375.7;0.021
7376.2;0.003
7376.7;0.012
7377.2;0.015
7377.7;0.019
7378.2;0.008
7378.7;0.008
7379.2;0.003
7379.7;0.011
7380.2;0.007
7380.7;0.009
7381.2;0.007
7381.7;0.006
7382.2;0.019
7382.7;0.007
7383.2;0.02
7383.7;0.012
7384.2;0.016
7384.7;0.013
7385.2;0.018
7385.7;0.008
7386.2;0.015
7386.7;0.007
7387.2;0.007
7387.7;0.02
7388.2;0.011
7388.7;0.005
7389.2;0.013
7389.7;0.007
7390.2;0.007
7390.7;0.011
7391.2;0.012
7391.7;0.005
7392.2;0.007
7392.7;0.016
7393.2;0.01
7393.7;0.011
7394.2;0.009
7394.7;0.015
7395.2;0.016
7395.7;0.005
7396.2;0.016
7396.7;0.007
7397.2;0.01
7397.7;0.017
7398.2;0.007
7398.7;0.007
7399.2;0.017
7399.7;0.001
7400.2;0.012
7400.7;0.016
7401.2;0.02
7401.7;0.009
7402.2;0.013
7402.7;0.005
7403.2;0.006
7403.7;0.008
7404.2;0.011
7404.7;0.007
7405.2;0.006
7405.7;0.009
7406.2;0.011
7406.7;0.009
7407.2;0.013
7407.7;0.021
7408.2;0.009
7408.7;0.009
7409.2;0.015
7409.7;0.011
7410.2;0.013
7410.7;0.005
7411.2;0.013
7411.7;0.011
7412.2;0.018
7412.7;0.014
7413.2;0.003
7413.7;0.004
7414.2;0.011
7414.7;0.005
7415.2;0.022
7415.7;0.013
7416.2;0.017
7416.7;0.001
7417.2;0.005
7417.7;0.005
7418.2;0.009
7418.7;0.01
7419.2;0.018
7419.7;0.009
7420.2;0.003
7420.7;0.007
7421.2;0.006
7421.7;0.015
7422.2;0.005
7422.7;0.008
7423.2;0.006
7423.7;0.001
7424.2;0.013
7424.7;0.02
7425.2;0.009
7425.7;0.009
7426.2;0.011
7426.7;0.011
7427.2;0.011
7427.7;0.014
7428.2;0.008
7428.7;0.009
7429.2;0.008
7429.7;0.002
7430.2;0.007
7430.7;0.005
7431.2;0.014
7431.7;0.008
7432.2;0.007
7432.7;0.019
7433.2;0.012
7433.7;0.008
7434.2;0.012
7434.7;0.008
7435.2;0.013
7435.7;0.006
7436.2;0.015
7436.7;0.008
7437.2;0.015
7437.7;0.006
7438.2;0.014
7438.7;0.003
7439.2;0.007
7439.7;0.019
7440.2;0.012
7440.7;0.016
7441.2;0.024
7441.7;0.017
7442.2;0.003
7442.7;0.019
7443.2;0.009
7443.7;0.009
7444.2;0.024
7444.7;0.02
7445.2;0.01
7445.7;0.012
7446.2;0.012
7446.7;0.018
7447.2;0.009
7447.7;0.007
7448.2;0.012
7448.7;0.005
7449.2;0.007
7449.7;0.007
7450.2;0.006
7450.7;0.01
7451.2;0.011
7451.7;0.006
7452.2;0.014
7452.7;0.019
7453.2;0.012
7453.7;0.008
7454.2;0.009
7454.7;0.011
7455.2;0.021
7455.7;0.014
7456.2;0.013
7456.7;0.008
7457.2;0.009
7457.7;0.004
7458.2;0.005
7458.7;0.011
7459.2;0.008
7459.7;0.001
7460.2;0.016
7460.7;0.013
7461.2;0.007
7461.7;0.011
7462.2;0.01
7462.7;0.013
7463.2;0.018
7463.7;0.016
7464.2;0.012
7464.7;0.003
7465.2;0.01
7465.7;0.008
7466.2;0.004
7466.7;0.013
7467.2;0.006
7467.7;0.011
7468.2;0.006
7468.7;0.006
7469.2;0.006
7469.7;0.014
7470.2;0.004
7470.7;0.005
7471.2;0.019
7471.7;0.007
7472.2;0.026
7472.7;0.008
7473.2;0.008
7473.7;0.011
7474.2;0.019
7474.7;0.007
7475.2;0.012
7475.7;0.011
7476.2;0.008
7476.7;0.011
7477.2;0.016
7477.7;0.02
7478.2;0.003
7478.7;0.01
7479.2;0.012
7479.7;0.009
7480.2;0.013
7480.7;0.015
7481.2;0.009
7481.7;0.02
7482.2;0.001
7482.7;0.012
7483.2;0.008
7483.7;0.012
7484.2;0.008
7484.7;0.014
7485.2;0.016
7485.7;0.021
7486.2;0.012
7486.7;0.005
7487.2;0.008
7487.7;0.008
7488.2;0.009
7488.7;0.007
7489.2;0.016
7489.7;0.016
7490.2;0.023
7490.7;0.014
7491.2;0.007
7491.7;0.003
7492.2;0.011
7492.7;0.004
7493.2;0.009
7493.7;0.011
7494.2;0.007
7494.7;0.015
7495.2;0.003
7495.7;0.008
7496.2;0.02
7496.7;0.011
7497.2;0.012
7497.7;0.013
7498.2;0.006
7498.7;0.007
7499.2;0.011
7499.7;0.003
7500.2;0.007
7500.7;0.018
7501.2;0.012
7501.7;0.002
7502.2;0.011
7502.7;0.008
7503.2;0.023
7503.7;0.004
7504.2;0.005
7504.7;0.008
7505.2;0.032
7505.7;0.026
7506.2;0.013
7506.7;0.016
7507.2;0.006
7507.7;0.017
7508.2;0.014
7508.7;0.014
7509.2;0.023
7509.7;0.012
7510.2;0.017
7510.7;0.003
7511.2;0.003
7511.7;0.012
7512.2;0.004
7512.7;0.009
7513.2;0.012
7513.7;0.002
7514.2;0.021
7514.7;0.023
7515.2;0.003
7515.7;0.014
7516.2;0.012
7516.7;0.017
7517.2;0.011
7517.7;0.009
7518.2;0.007
7518.7;0.02
7519.2;0.011
7519.7;0.015
7520.2;0.007
7520.7;0.015
7521.2;0.014
7521.7;0.017
7522.2;0.005
7522.7;0.007
7523.2;0.021
7523.7;0.007
7524.2;0.021
7524.7;0.005
7525.2;0.015
7525.7;0.012
7526.2;0.002
7526.7;0.003
7527.2;0.009
7527.7;0.011
7528.2;0.001
7528.7;0.011
7529.2;0.012
7529.7;0.011
7530.2;0.006
7530.7;0.004
7531.2;0.011
7531.7;0.006
7532.2;0.01
7532.7;0.017
7533.2;0.013
7533.7;0.008
7534.2;0.016
7534.7;0.003
7535.2;0.013
7535.7;0.006
7536.2;0.02
7536.7;0.01
7537.2;0.018
7537.7;0.006
7538.2;0.022
7538.7;0.015
7539.2;0.005
7539.7;0.008
7540.2;0.009
7540.7;0.009
7541.2;0.01
7541.7;0.014
7542.2;0.004
7542.7;0.008
7543.2;0.005
7543.7;0.007
7544.2;0.011
7544.7;0.007
7545.2;0.013
7545.7;0.013
7546.2;0.008
7546.7;0.007
7547.2;0.02
7547.7;0.007
7548.2;0.005
7548.7;0.01
7549.2;0.014
7549.7;0.001
7550.2;0.013
7550.7;0.003
7551.2;0.007
7551.7;0.007
7552.2;0.012
7552.7;0.013
7553.2;0.007
7553.7;0.008
7554.2;0.013
7554.7;0.017
7555.2;0.008
7555.7;0.011
7556.2;0.016
7556.7;0.017
7557.2;0.002
7557.7;0.007
7558.2;0.009
7558.7;0.016
7559.2;0.006
7559.7;0.004
7560.2;0.003
7560.7;0.006
7561.2;0.002
7561.7;0.008
7562.2;0.01
7562.7;0.01
7563.2;0.008
7563.7;0.016
7564.2;0.005
7564.7;0.003
7565.2;0.005
7565.7;0.005
7566.2;0.011
7566.7;0.014
7567.2;0.008
7567.7;0.001
7568.2;0.011
7568.7;0.009
7569.2;0.01
7569.7;0.011
7570.2;0.014
7570.7;0.008
7571.2;0.007
7571.7;0.02
7572.2;0.014
7572.7;0.002
7573.2;0.008
7573.7;0.011
7574.2;0.008
7574.7;0.007
7575.2;0.011
7575.7;0.008
7576.2;0.016
7576.7;0.009
7577.2;0.014
7577.7;0.008
7578.2;0.004
7578.7;0.012
7579.2;0.012
7579.7;0.01
7580.2;0.024
7580.7;0.013
7581.2;0.008
7581.7;0.021
7582.2;0.017
7582.7;0.003
7583.2;0.006
7583.7;0.007
7584.2;0.01
7584.7;0.02
7585.2;0.012
7585.7;0.009
7586.2;0.008
7586.7;0.02
7587.2;0.013
7587.7;0.004
7588.2;0.014
7588.7;0.013
7589.2;0.011
7589.7;0.013
7590.2;0.007
7590.7;0.011
7591.2;0.01
7591.7;0.011
7592.2;0.012
7592.7;0.012
7593.2;0.025
7593.7;0.013
7594.2;0.016
7594.7;0.013
7595.2;0.01
7595.7;0.023
7596.2;0.005
7596.7;0.003
7597.2;0.003
7597.7;0.01
7598.2;0.005
7598.7;0.006
7599.2;0.018
7599.7;0.003
7600.2;0.01
7600.7;0.011
7601.2;0.007
7601.7;0.023
7602.2;0.01
7602.7;0.011
7603.2;0.018
7603.7;0.01
7604.2;0.015
7604.7;0.011
7605.2;0.007
7605.7;0.029
7606.2;0.009
7606.7;0.012
7607.2;0.008
7607.7;0.008
7608.2;0.004
7608.7;0.017
7609.2;0.02
7609.7;0.007
7610.2;0.012
7610.7;0.006
7611.2;0.012
7611.7;0.003
7612.2;0.011
7612.7;0.008
7613.2;0.023
7613.7;0.023
7614.2;0.018
7614.7;0.009
7615.2;0.006
7615.7;0.007
7616.2;0.005
7616.7;0.006
7617.2;0.008
7617.7;0.013
7618.2;0.015
7618.7;0.016
7619.2;0.006
7619.7;0.007
7620.2;0.009
7620.7;0.007
7621.2;0.014
7621.7;0.006
7622.2;0.008
7622.7;0.004
7623.2;0.006
7623.7;0.015
7624.2;0.011
7624.7;0.008
7625.2;0.009
7625.7;0.012
7626.2;0.001
7626.7;0.008
7627.2;0.009
7627.7;0.001
7628.2;0.015
7628.7;0.013
7629.2;0.01
7629.7;0.02
7630.2;0.007
7630.7;0.007
7631.2;0.008
7631.7;0.008
7632.2;0.009
7632.7;0.005
7633.2;0.011
7633.7;0.016
7634.2;0.006
7634.7;0.009
7635.2;0.012
7635.7;0.007
7636.2;0.015
7636.7;0.005
7637.2;0.005
7637.7;0.008
7638.2;0.009
7638.7;0.013
7639.2;0.009
7639.7;0.01
7640.2;0.013
7640.7;0.012
7641.2;0.01
7641.7;0.007
7642.2;0.012
7642.7;0.009
7643.2;0.017
7643.7;0.026
7644.2;0.008
7644.7;0.011
7645.2;0.015
7645.7;0.005
7646.2;0.014
7646.7;0.004
7647.2;0.009
7647.7;0.02
7648.2;0.008
7648.7;0.012
7649.2;0.01
7649.7;0.008
7650.2;0.016
7650.7;0.005
7651.2;0.005
7651.7;0.014
7652.2;0.01
7652.7;0.014
7653.2;0.01
7653.7;0.015
7654.2;0.017
7654.7;0.007
7655.2;0.009
7655.7;0.009
7656.2;0.016
7656.7;0.01
7657.2;0.012
7657.7;0.011
7658.2;0.005
7658.7;0.025
7659.2;0.007
7659.7;0.011
7660.2;0.017
7660.7;0.02
7661.2;0.007
7661.7;0.004
7662.2;0.008
7662.7;0.019
7663.2;0.004
7663.7;0.009
7664.2;0.007
7664.7;0.001
7665.2;0.004
7665.7;0.013
7666.2;0.007
7666.7;0.017
7667.2;0.001
7667.7;0.006
7668.2;0.006
7668.7;0.002
7669.2;0.006
7669.7;0.015
7670.2;0.019
7670.7;0.025
7671.2;0.007
7671.7;0.014
7672.2;0.017
7672.7;0.018
7673.2;0.018
7673.7;0.016
7674.2;0.006
7674.7;0.003
7675.2;0.003
7675.7;0.015
7676.2;0.004
7676.7;0.002
7677.2;0.004
7677.7;0.011
7678.2;0.016
7678.7;0.012
7679.2;0.006
7679.7;0.011
7680.2;0.007
7680.7;0.006
7681.2;0.01
7681.7;0.006
7682.2;0.013
7682.7;0.003
7683.2;0.007
7683.7;0.012
7684.2;0.003
7684.7;0.007
7685.2;0.014
7685.7;0.011
7686.2;0.002
7686.7;0.011
7687.2;0.008
7687.7;0.008
7688.2;0.012
7688.7;0.003
7689.2;0.019
7689.7;0.015
7690.2;0.017
7690.7;0.01
7691.2;0.011
7691.7;0.007
7692.2;0.003
7692.7;0.004
7693.2;0.021
7693.7;0.016
7694.2;0.007
7694.7;0.007
7695.2;0.004
7695.7;0.009
7696.2;0.009
7696.7;0.012
7697.2;0.01
7697.7;0.007
7698.2;0.022
7698.7;0.009
7699.2;0.015
7699.7;0.01
7700.2;0.01
7700.7;0.002
7701.2;0.016
7701.7;0.015
7702.2;0.013
7702.7;0.005
7703.2;0.02
7703.7;0.009
7704.2;0.014
7704.7;0.016
7705.2;0.008
7705.7;0.009
7706.2;0.015
7706.7;0.009
7707.2;0.017
7707.7;0.005
7708.2;0.007
7708.7;0.011
7709.2;0.003
7709.7;0.01
7710.2;0.011
7710.7;0.017
7711.2;0.016
7711.7;0.016
7712.2;0.009
7712.7;0.008
7713.2;0.02
7713.7;0.012
7714.2;0.003
7714.7;0.005
7715.2;0.006
7715.7;0.005
7716.2;0.01
7716.7;0.011
7717.2;0.023
7717.7;0.011
7718.2;0.007
7718.7;0.015
7719.2;0.011
7719.7;0.019
7720.2;0.01
7720.7;0.016
7721.2;0.008
7721.7;0.011
7722.2;0.007
7722.7;0.01
7723.2;0.008
7723.7;0.006
7724.2;0.01
7724.7;0.021
7725.2;0.006
7725.7;0.013
7726.2;0.011
7726.7;0.009
7727.2;0.015
7727.7;0.011
7728.2;0.008
7728.7;0.014
7729.2;0.02
7729.7;0.006
7730.2;0.02
7730.7;0.007
7731.2;0.015
7731.7;0.005
7732.2;0.003
7732.7;0.016
7733.2;0.016
7733.7;0.012
7734.2;0.007
7734.7;0.007
7735.2;0.018
7735.7;0.014
7736.2;0.007
7736.7;0.021
7737.2;0.01
7737.7;0.016
7738.2;0.007
7738.7;0.001
7739.2;0.015
7739.7;0.007
7740.2;0.014
7740.7;0.005
7741.2;0.005
7741.7;0.006
7742.2;0.015
7742.7;0.011
7743.2;0.009
7743.7;0.008
7744.2;0.004
7744.7;0.018
7745.2;0.016
7745.7;0.016
7746.2;0.001
7746.7;0.015
7747.2;0.008
7747.7;0.016
7748.2;0.008
7748.7;0.023
7749.2;0.012
7749.7;0.012
7750.2;0.011
7750.7;0.009
7751.2;0.003
7751.7;0.01
7752.2;0.024
7752.7;0.002
7753.2;0.011
7753.7;0.008
7754.2;0.005
7754.7;0.008
7755.2;0.013
7755.7;0.012
7756.2;0.02
7756.7;0.006
7757.2;0.017
7757.7;0.005
7758.2;0.018
7758.7;0.004
7759.2;0.013
7759.7;0.015
7760.2;0.012
7760.7;0.01
7761.2;0.008
7761.7;0.005
7762.2;0.012
7762.7;0.004
7763.2;0.015
7763.7;0.012
7764.2;0.006
7764.7;0.005
7765.2;0.007
7765.7;0.007
7766.2;0.003
7766.7;0.011
7767.2;0.013
7767.7;0.017
7768.2;0.009
7768.7;0.009
7769.2;0.011
7769.7;0.012
7770.2;0.006
7770.7;0.008
7771.2;0.014
7771.7;0.014
7772.2;0.011
7772.7;0.004
7773.2;0.007
7773.7;0.012
7774.2;0.008
7774.7;0.012
7775.2;0.003
7775.7;0.012
7776.2;0.008
7776.7;0.005
7777.2;0.009
7777.7;0.01
7778.2;0.017
7778.7;0.006
7779.2;0.003
7779.7;0.006
7780.2;0.007
7780.7;0.009
7781.2;0.01
7781.7;0.02
7782.2;0.013
7782.7;0.007
7783.2;0.01
7783.7;0.005
7784.2;0.007
7784.7;0.006
7785.2;0.016
7785.7;0.013
7786.2;0.018
7786.7;0.014
7787.2;0.011
7787.7;0.014
7788.2;0.024
7788.7;0.002
7789.2;0.013
7789.7;0.019
7790.2;0.021
7790.7;0.013
7791.2;0.009
7791.7;0.009
7792.2;0.002
7792.7;0.013
7793.2;0.003
7793.7;0.01
7794.2;0.011
7794.7;0.015
7795.2;0.002
7795.7;0.01
7796.2;0.008
7796.7;0.008
7797.2;0.006
7797.7;0.01
7798.2;0.012
7798.7;0.001
7799.2;0.021
7799.7;0.007
7800.2;0.014
7800.7;0.017
7801.2;0.013
7801.7;0.003
7802.2;0.028
7802.7;0.012
7803.2;0.008
7803.7;0.002
7804.2;0.017
7804.7;0.002
7805.2;0.01
7805.7;0.003
7806.2;0.01
7806.7;0.006
7807.2;0.015
7807.7;0.018
7808.2;0.021
7808.7;0.006
7809.2;0.013
7809.7;0.004
7810.2;0.005
7810.7;0.013
7811.2;0.006
7811.7;0.01
7812.2;0.019
7812.7;0.003
7813.2;0.006
7813.7;0.009
7814.2;0.029
7814.7;0.013
7815.2;0.012
7815.7;0.012
7816.2;0.008
7816.7;0.019
7817.2;0.013
7817.7;0.006
7818.2;0.003
7818.7;0.005
7819.2;0.014
7819.7;0.006
7820.2;0.004
7820.7;0.008
7821.2;0.017
7821.7;0.003
7822.2;0.015
7822.7;0.002
7823.2;0.011
7823.7;0.007
7824.2;0.006
7824.7;0.002
7825.2;0.003
7825.7;0.011
7826.2;0.01
7826.7;0.017
7827.2;0.005
7827.7;0.009
7828.2;0.006
7828.7;0.009
7829.2;0.008
7829.7;0.006
7830.2;0.004
7830.7;0.008
7831.2;0.007
7831.7;0.009
7832.2;0.014
7832.7;0.009
7833.2;0.008
7833.7;0.007
7834.2;0.013
7834.7;0.006
7835.2;0.004
7835.7;0.003
7836.2;0.014
7836.7;0.008
7837.2;0.014
7837.7;0.009
7838.2;0.005
7838.7;0.012
7839.2;0.011
7839.7;0.013
7840.2;0.006
7840.7;0.006
7841.2;0.004
7841.7;0.018
7842.2;0.01
7842.7;0.01
7843.2;0.011
7843.7;0.01
7844.2;0.031
7844.7;0.002
7845.2;0.002
7845.7;0.007
7846.2;0.012
7846.7;0.014
7847.2;0.01
7847.7;0.016
7848.2;0.021
7848.7;0.007
7849.2;0.008
7849.7;0.011
7850.2;0.02
7850.7;0.015
7851.2;0.015
7851.7;0.006
7852.2;0.01
7852.7;0.004
7853.2;0.01
7853.7;0.009
7854.2;0.01
7854.7;0.008
7855.2;0.008
7855.7;0.007
7856.2;0.006
7856.7;0.022
7857.2;0.008
7857.7;0.007
7858.2;0.007
7858.7;0.013
7859.2;0.015
7859.7;0.015
7860.2;0.017
7860.7;0.016
7861.2;0.007
7861.7;0.009
7862.2;0.005
7862.7;0.008
7863.2;0.008
7863.7;0.009
7864.2;0.015
7864.7;0.001
7865.2;0.011
7865.7;0.008
7866.2;0.015
7866.7;0.007
7867.2;0.008
7867.7;0.0
7868.2;0.01
7868.7;0.014
7869.2;0.012
7869.7;0.007
7870.2;0.008
7870.7;0.013
7871.2;0.024
7871.7;0.003
7872.2;0.023
7872.7;0.018
7873.2;0.005
7873.7;0.003
7874.2;0.005
7874.7;0.027
7875.2;0.004
7875.7;0.006
7876.2;0.005
7876.7;0.011
7877.2;0.011
7877.7;0.013
7878.2;0.013
7878.7;0.006
7879.2;0.013
7879.7;0.011
7880.2;0.001
7880.7;0.01
7881.2;0.021
7881.7;0.009
7882.2;0.002
7882.7;0.005
7883.2;0.009
7883.7;0.001
7884.2;0.006
7884.7;0.012
7885.2;0.012
7885.7;0.009
7886.2;0.009
7886.7;0.008
7887.2;0.01
7887.7;0.01
7888.2;0.017
7888.7;0.011
7889.2;0.013
7889.7;0.01
7890.2;0.011
7890.7;0.008
7891.2;0.015
7891.7;0.013
7892.2;0.006
7892.7;0.009
7893.2;0.01
7893.7;0.014
7894.2;0.013
7894.7;0.014
7895.2;0.004
7895.7;0.015
7896.2;0.005
7896.7;0.003
7897.2;0.009
7897.7;0.019
7898.2;0.005
7898.7;0.006
7899.2;0.011
7899.7;0.01
7900.2;0.005
7900.7;0.013
7901.2;0.018
7901.7;0.021
7902.2;0.012
7902.7;0.02
7903.2;0.01
7903.7;0.009
7904.2;0.009
7904.7;0.011
7905.2;0.015
7905.7;0.014
7906.2;0.011
7906.7;0.007
7907.2;0.015
7907.7;0.013
7908.2;0.012
7908.7;0.007
7909.2;0.009
7909.7;0.012
7910.2;0.014
7910.7;0.019
7911.2;0.003
7911.7;0.01
7912.2;0.012
7912.7;0.014
7913.2;0.014
7913.7;0.022
7914.2;0.007
7914.7;0.017
7915.2;0.011
7915.7;0.007
7916.2;0.007
7916.7;0.01
7917.2;0.021
7917.7;0.009
7918.2;0.013
7918.7;0.009
7919.2;0.004
7919.7;0.008
7920.2;0.019
7920.7;0.012
7921.2;0.015
7921.7;0.013
7922.2;0.012
7922.7;0.004
7923.2;0.013
7923.7;0.003
7924.2;0.011
7924.7;0.003
7925.2;0.003
7925.7;0.006
7926.2;0.004
7926.7;0.009
7927.2;0.012
7927.7;0.009
7928.2;0.01
7928.7;0.011
7929.2;0.013
7929.7;0.006
7930.2;0.016
7930.7;0.009
7931.2;0.011
7931.7;0.01
7932.2;0.01
7932.7;0.008
7933.2;0.005
7933.7;0.019
7934.2;0.011
7934.7;0.008
7935.2;0.011
7935.7;0.013
7936.2;0.007
7936.7;0.016
7937.2;0.006
7937.7;0.013
7938.2;0.017
7938.7;0.007
7939.2;0.005
7939.7;0.006
7940.2;0.018
7940.7;0.01
7941.2;0.003
7941.7;0.018
7942.2;0.001
7942.7;0.009
7943.2;0.002
7943.7;0.006
7944.2;0.011
7944.7;0.001
7945.2;0.013
7945.7;0.008
7946.2;0.006
7946.7;0.007
7947.2;0.007
7947.7;0.013
7948.2;0.005
7948.7;0.012
7949.2;0.004
7949.7;0.008
7950.2;0.008
7950.7;0.006
7951.2;0.005
7951.7;0.007
7952.2;0.007
7952.7;0.004
7953.2;0.001
7953.7;0.007
7954.2;0.006
7954.7;0.024
7955.2;0.004
7955.7;0.02
7956.2;0.016
7956.7;0.012
7957.2;0.001
7957.7;0.002
7958.2;0.015
7958.7;0.006
7959.2;0.01
7959.7;0.011
7960.2;0.012
7960.7;0.006
7961.2;0.01
7961.7;0.003
7962.2;0.007
7962.7;0.015
7963.2;0.012
7963.7;0.011
7964.2;0.016
7964.7;0.006
7965.2;0.001
7965.7;0.009
7966.2;0.014
7966.7;0.015
7967.2;0.009
7967.7;0.01
7968.2;0.012
7968.7;0.013
7969.2;0.007
7969.7;0.008
7970.2;0.015
7970.7;0.004
7971.2;0.02
7971.7;0.016
7972.2;0.007
7972.7;0.009
7973.2;0.007
7973.7;0.009
7974.2;0.011
7974.7;0.017
7975.2;0.017
7975.7;0.008
7976.2;0.009
7976.7;0.006
7977.2;0.014
7977.7;0.01
7978.2;0.013
7978.7;0.01
7979.2;0.004
7979.7;0.012
7980.2;0.006
7980.7;0.003
7981.2;0.009
7981.7;0.01
7982.2;0.006
7982.7;0.011
7983.2;0.013
7983.7;0.007
7984.2;0.01
7984.7;0.002
7985.2;0.013
7985.7;0.005
7986.2;0.006
7986.7;0.008
7987.2;0.014
7987.7;0.017
7988.2;0.023
7988.7;0.009
7989.2;0.012
7989.7;0.019
7990.2;0.009
7990.7;0.02
7991.2;0.014
7991.7;0.012
7992.2;0.006
7992.7;0.007
7993.2;0.006
7993.7;0.005
7994.2;0.014
7994.7;0.013
7995.2;0.011
7995.7;0.014
7996.2;0.013
7996.7;0.012
7997.2;0.01
7997.7;0.014
7998.2;0.004
7998.7;0.002
7999.2;0.008
7999.7;0.014
8000.2;0.002
8000.7;0.001
8001.2;0.018
8001.7;0.014
8002.2;0.008
8002.7;0.014
8003.2;0.011
8003.7;0.015
8004.2;0.01
8004.7;0.008
8005.2;0.006
8005.7;0.017
8006.2;0.014
8006.7;0.012
8007.2;0.004
8007.7;0.001
8008.2;0.007
8008.7;0.01
8009.2;0.017
8009.7;0.007
8010.2;0.006
8010.7;0.011
8011.2;0.013
8011.7;0.009
8012.2;0.006
8012.7;0.008
8013.2;0.009
8013.7;0.013
8014.2;0.01
8014.7;0.006
8015.2;0.002
8015.7;0.018
8016.2;0.012
8016.7;0.02
8017.2;0.021
8017.7;0.008
8018.2;0.007
8018.7;0.007
8019.2;0.02
8019.7;0.004
8020.2;0.007
8020.7;0.006
8021.2;0.004
8021.7;0.018
8022.2;0.005
8022.7;0.014
8023.2;0.008
8023.7;0.004
8024.2;0.006
8024.7;0.007
8025.2;0.013
8025.7;0.008
8026.2;0.003
8026.7;0.005
8027.2;0.005
8027.7;0.015
8028.2;0.005
8028.7;0.007
8029.2;0.009
8029.7;0.016
8030.2;0.008
8030.7;0.01
8031.2;0.009
8031.7;0.014
8032.2;0.019
8032.7;0.003
8033.2;0.013
8033.7;0.01
8034.2;0.011
8034.7;0.014
8035.2;0.017
8035.7;0.003
8036.2;0.011
8036.7;0.008
8037.2;0.002
8037.7;0.009
8038.2;0.007
8038.7;0.008
8039.2;0.012
8039.7;0.014
8040.2;0.009
8040.7;0.016
8041.2;0.005
8041.7;0.005
8042.2;0.009
8042.7;0.011
8043.2;0.016
8043.7;0.007
8044.2;0.009
8044.7;0.008
8045.2;0.01
8045.7;0.007
8046.2;0.016
8046.7;0.015
8047.2;0.011
8047.7;0.006
8048.2;0.015
8048.7;0.02
8049.2;0.007
8049.7;0.018
8050.2;0.006
8050.7;0.013
8051.2;0.007
8051.7;0.005
8052.2;0.011
8052.7;0.005
8053.2;0.004
8053.7;0.015
8054.2;0.006
8054.7;0.008
8055.2;0.011
8055.7;0.007
8056.2;0.004
8056.7;0.01
8057.2;0.004
8057.7;0.01
8058.2;0.008
8058.7;0.01
8059.2;0.02
8059.7;0.005
8060.2;0.008
8060.7;0.003
8061.2;0.009
8061.7;0.016
8062.2;0.011
8062.7;0.013
8063.2;0.008
8063.7;0.016
8064.2;0.008
8064.7;0.019
8065.2;0.022
8065.7;0.005
8066.2;0.004
8066.7;0.013
8067.2;0.014
8067.7;0.001
8068.2;0.007
8068.7;0.017
8069.2;0.003
8069.7;0.009
8070.2;0.004
8070.7;0.004
8071.2;0.009
8071.7;0.007
8072.2;0.005
8072.7;0.021
8073.2;0.019
8073.7;0.016
8074.2;0.008
8074.7;0.014
8075.2;0.011
8075.7;0.006
8076.2;0.023
8076.7;0.017
8077.2;0.016
8077.7;0.012
8078.2;0.011
8078.7;0.01
8079.2;0.004
8079.7;0.008
8080.2;0.006
8080.7;0.007
8081.2;0.009
8081.7;0.015
8082.2;0.01
8082.7;0.006
8083.2;0.013
8083.7;0.008
8084.2;0.012
8084.7;0.011
8085.2;0.008
8085.7;0.007
8086.2;0.002
8086.7;0.025
8087.2;0.018
8087.7;0.012
8088.2;0.012
8088.7;0.003
8089.2;0.006
8089.7;0.007
8090.2;0.013
8090.7;0.013
8091.2;0.008
8091.7;0.017
8092.2;0.014
8092.7;0.015
8093.2;0.016
8093.7;0.001
8094.2;0.005
8094.7;0.004
8095.2;0.024
8095.7;0.014
8096.2;0.009
8096.7;0.002
8097.2;0.019
8097.7;0.014
8098.2;0.006
8098.7;0.007
8099.2;0.004
8099.7;0.012
8100.2;0.01
8100.7;0.005
8101.2;0.014
8101.7;0.008
8102.2;0.001
8102.7;0.009
8103.2;0.012
8103.7;0.008
8104.2;0.011
8104.7;0.005
8105.2;0.008
8105.7;0.011
8106.2;0.022
8106.7;0.012
8107.2;0.02
8107.7;0.006
8108.2;0.012
8108.7;0.012
8109.2;0.006
8109.7;0.003
8110.2;0.005
8110.7;0.007
8111.2;0.005
8111.7;0.006
8112.2;0.013
8112.7;0.016
8113.2;0.017
8113.7;0.004
8114.2;0.007
8114.7;0.002
8115.2;0.011
8115.7;0.001
8116.2;0.012
8116.7;0.014
8117.2;0.012
8117.7;0.006
8118.2;0.012
8118.7;0.006
8119.2;0.007
8119.7;0.007
8120.2;0.018
8120.7;0.018
8121.2;0.007
8121.7;0.004
8122.2;0.018
8122.7;0.013
8123.2;0.017
8123.7;0.012
8124.2;0.013
8124.7;0.009
8125.2;0.009
8125.7;0.011
8126.2;0.008
8126.7;0.01
8127.2;0.022
8127.7;0.008
8128.2;0.009
8128.7;0.015
8129.2;0.021
8129.7;0.011
8130.2;0.012
8130.7;0.014
8131.2;0.007
8131.7;0.008
8132.2;0.015
8132.7;0.006
8133.2;0.007
8133.7;0.012
8134.2;0.007
8134.7;0.004
8135.2;0.008
8135.7;0.021
8136.2;0.004
8136.7;0.012
8137.2;0.011
8137.7;0.008
8138.2;0.023
8138.7;0.011
8139.2;0.01
8139.7;0.01
8140.2;0.009
8140.7;0.011
8141.2;0.005
8141.7;0.008
8142.2;0.012
8142.7;0.005
8143.2;0.018
8143.7;0.01
8144.2;0.007
8144.7;0.013
8145.2;0.012
8145.7;0.011
8146.2;0.003
8146.7;0.01
8147.2;0.006
8147.7;0.01
8148.2;0.007
8148.7;0.006
8149.2;0.007
8149.7;0.013
8150.2;0.013
8150.7;0.021
8151.2;0.019
8151.7;0.01
8152.2;0.015
8152.7;0.012
8153.2;0.024
8153.7;0.01
8154.2;0.007
8154.7;0.004
8155.2;0.005
8155.7;0.003
8156.2;0.003
8156.7;0.007
8157.2;0.005
8157.7;0.003
8158.2;0.009
8158.7;0.01
8159.2;0.016
8159.7;0.003
8160.2;0.008
8160.7;0.018
8161.2;0.009
8161.7;0.003
8162.2;0.016
8162.7;0.006
8163.2;0.013
8163.7;0.007
8164.2;0.011
8164.7;0.004
8165.2;0.012
8165.7;0.017
8166.2;0.015
8166.7;0.008
8167.2;0.01
8167.7;0.009
8168.2;0.008
8168.7;0.003
8169.2;0.004
8169.7;0.006
8170.2;0.005
8170.7;0.008
8171.2;0.014
8171.7;0.007
8172.2;0.009
8172.7;0.013
8173.2;0.01
8173.7;0.016
8174.2;0.012
8174.7;0.006
8175.2;0.005
8175.7;0.011
8176.2;0.002
8176.7;0.009
8177.2;0.008
8177.7;0.004
8178.2;0.013
8178.7;0.006
8179.2;0.011
8179.7;0.019
8180.2;0.013
8180.7;0.005
8181.2;0.018
8181.7;0.012
8182.2;0.006
8182.7;0.012
8183.2;0.006
8183.7;0.01
8184.2;0.007
8184.7;0.007
8185.2;0.009
8185.7;0.015
8186.2;0.01
8186.7;0.013
8187.2;0.016
8187.7;0.008
8188.2;0.004
8188.7;0.01
8189.2;0.002
8189.7;0.01
8190.2;0.008
8190.7;0.006
8191.2;0.008
8191.7;0.005
8192.2;0.017
8192.7;0.017
8193.2;0.015
8193.7;0.007
8194.2;0.008
8194.7;0.012
8195.2;0.004
8195.7;0.008
8196.2;0.012
8196.7;0.006
8197.2;0.013
8197.7;0.011
8198.2;0.011
8198.7;0.01
8199.2;0.002
8199.7;0.013
8200.2;0.008
8200.7;0.008
8201.2;0.009
8201.7;0.002
8202.2;0.014
8202.7;0.014
8203.2;0.016
8203.7;0.009
8204.2;0.008
8204.7;0.006
8205.2;0.015
8205.7;0.009
8206.2;0.015
8206.7;0.012
8207.2;0.015
8207.7;0.013
8208.2;0.01
8208.7;0.007
8209.2;0.004
8209.7;0.009
8210.2;0.006
8210.7;0.011
8211.2;0.002
8211.7;0.004
8212.2;0.008
8212.7;0.012
8213.2;0.008
8213.7;0.006
8214.2;0.016
8214.7;0.002
8215.2;0.008
8215.7;0.011
8216.2;0.006
8216.7;0.013
8217.2;0.006
8217.7;0.008
8218.2;0.003
8218.7;0.013
8219.2;0.012
8219.7;0.007
8220.2;0.009
8220.7;0.008
8221.2;0.007
8221.7;0.008
8222.2;0.005
8222.7;0.013
8223.2;0.003
8223.7;0.014
8224.2;0.01
8224.7;0.021
8225.2;0.014
8225.7;0.002
8226.2;0.004
8226.7;0.012
8227.2;0.006
8227.7;0.009
8228.2;0.007
8228.7;0.005
8229.2;0.014
8229.7;0.017
8230.2;0.004
8230.7;0.004
8231.2;0.006
8231.7;0.007
8232.2;0.01
8232.7;0.007
8233.2;0.009
8233.7;0.011
8234.2;0.007
8234.7;0.006
8235.2;0.013
8235.7;0.006
8236.2;0.015
8236.7;0.008
8237.2;0.016
8237.7;0.008
8238.2;0.006
8238.7;0.004
8239.2;0.01
8239.7;0.017
8240.2;0.011
8240.7;0.01
8241.2;0.018
8241.7;0.012
8242.2;0.004
8242.7;0.024
8243.2;0.014
8243.7;0.004
8244.2;0.011
8244.7;0.008
8245.2;0.013
8245.7;0.016
8246.2;0.012
8246.7;0.011
8247.2;0.006
8247.7;0.011
8248.2;0.014
8248.7;0.004
8249.2;0.022
8249.7;0.02
8250.2;0.016
8250.7;0.004
8251.2;0.016
8251.7;0.01
8252.2;0.006
8252.7;0.005
8253.2;0.009
8253.7;0.005
8254.2;0.008
8254.7;0.01
8255.2;0.011
8255.7;0.019
8256.2;0.003
8256.7;0.01
8257.2;0.002
8257.7;0.009
8258.2;0.003
8258.7;0.014
8259.2;0.004
8259.7;0.012
8260.2;0.013
8260.7;0.011
8261.2;0.013
8261.7;0.011
8262.2;0.011
8262.7;0.009
8263.2;0.008
8263.7;0.01
8264.2;0.008
8264.7;0.011
8265.2;0.011
8265.7;0.003
8266.2;0.014
8266.7;0.029
8267.2;0.005
8267.7;0.009
8268.2;0.011
8268.7;0.01
8269.2;0.005
8269.7;0.005
8270.2;0.004
8270.7;0.004
8271.2;0.012
8271.7;0.015
8272.2;0.013
8272.7;0.006
8273.2;0.006
8273.7;0.01
8274.2;0.002
8274.7;0.008
8275.2;0.011
8275.7;0.015
8276.2;0.003
8276.7;0.015
8277.2;0.011
8277.7;0.014
8278.2;0.01
8278.7;0.012
8279.2;0.01
8279.7;0.013
8280.2;0.004
8280.7;0.013
8281.2;0.008
8281.7;0.005
8282.2;0.012
8282.7;0.012
8283.2;0.006
8283.7;0.005
8284.2;0.017
8284.7;0.005
8285.2;0.012
8285.7;0.008
8286.2;0.01
8286.7;0.005
8287.2;0.012
8287.7;0.018
8288.2;0.01
8288.7;0.014
8289.2;0.019
8289.7;0.008
8290.2;0.009
8290.7;0.008
8291.2;0.016
8291.7;0.016
8292.2;0.003
8292.7;0.008
8293.2;0.015
8293.7;0.011
8294.2;0.006
8294.7;0.003
8295.2;0.007
8295.7;0.004
8296.2;0.017
8296.7;0.006
8297.2;0.01
8297.7;0.01
8298.2;0.01
8298.7;0.009
8299.2;0.012
8299.7;0.007
8300.2;0.017
8300.7;0.004
8301.2;0.019
8301.7;0.003
8302.2;0.017
8302.7;0.001
8303.2;0.011
8303.7;0.005
8304.2;0.011
8304.7;0.006
8305.2;0.01
8305.7;0.018
8306.2;0.016
8306.7;0.008
8307.2;0.008
8307.7;0.008
8308.2;0.019
8308.7;0.01
8309.2;0.004
8309.7;0.012
8310.2;0.01
8310.7;0.008
8311.2;0.019
8311.7;0.001
8312.2;0.005
8312.7;0.016
8313.2;0.005
8313.7;0.007
8314.2;0.014
8314.7;0.017
8315.2;0.016
8315.7;0.012
8316.2;0.006
8316.7;0.012
8317.2;0.003
8317.7;0.003
8318.2;0.009
8318.7;0.005
8319.2;0.009
8319.7;0.012
8320.2;0.01
8320.7;0.014
8321.2;0.015
8321.7;0.015
8322.2;0.022
8322.7;0.005
8323.2;0.006
8323.7;0.007
8324.2;0.006
8324.7;0.005
8325.2;0.026
8325.7;0.009
8326.2;0.015
8326.7;0.016
8327.2;0.015
8327.7;0.012
8328.2;0.012
8328.7;0.011
8329.2;0.01
8329.7;0.009
8330.2;0.019
8330.7;0.006
8331.2;0.007
8331.7;0.013
8332.2;0.008
8332.7;0.012
8333.2;0.017
8333.7;0.016
8334.2;0.01
8334.7;0.008
8335.2;0.003
8335.7;0.021
8336.2;0.006
8336.7;0.008
8337.2;0.011
8337.7;0.012
8338.2;0.018
8338.7;0.021
8339.2;0.012
8339.7;0.01
8340.2;0.008
8340.7;0.007
8341.2;0.004
8341.7;0.006
8342.2;0.015
8342.7;0.006
8343.2;0.012
8343.7;0.017
8344.2;0.024
8344.7;0.001
8345.2;0.01
8345.7;0.01
8346.2;0.01
8346.7;0.01
8347.2;0.007
8347.7;0.016
8348.2;0.008
8348.7;0.017
8349.2;0.006
8349.7;0.007
8350.2;0.007
8350.7;0.002
8351.2;0.009
8351.7;0.01
8352.2;0.011
8352.7;0.012
8353.2;0.011
8353.7;0.01
8354.2;0.003
8354.7;0.009
8355.2;0.008
8355.7;0.003
8356.2;0.009
8356.7;0.005
8357.2;0.017
8357.7;0.013
8358.2;0.012
8358.7;0.002
8359.2;0.011
8359.7;0.016
8360.2;0.008
8360.7;0.012
8361.2;0.006
8361.7;0.002
8362.2;0.015
8362.7;0.002
8363.2;0.006
8363.7;0.011
8364.2;0.008
8364.7;0.003
8365.2;0.006
8365.7;0.015
8366.2;0.007
8366.7;0.019
8367.2;0.008
8367.7;0.006
8368.2;0.018
8368.7;0.017
8369.2;0.006
8369.7;0.0
8370.2;0.012
8370.7;0.008
8371.2;0.02
8371.7;0.012
8372.2;0.006
8372.7;0.009
8373.2;0.006
8373.7;0.0
8374.2;0.004
8374.7;0.012
8375.2;0.011
8375.7;0.008
8376.2;0.021
8376.7;0.007
8377.2;0.008
8377.7;0.002
8378.2;0.004
8378.7;0.007
8379.2;0.005
8379.7;0.008
8380.2;0.015
8380.7;0.011
8381.2;0.01
8381.7;0.011
8382.2;0.009
8382.7;0.008
8383.2;0.01
8383.7;0.01
8384.2;0.009
8384.7;0.011
8385.2;0.013
8385.7;0.004
8386.2;0.01
8386.7;0.019
8387.2;0.007
8387.7;0.014
8388.2;0.02
8388.7;0.022
8389.2;0.013
8389.7;0.021
8390.2;0.019
8390.7;0.024
8391.2;0.024
8391.7;0.013
8392.2;0.011
8392.7;0.012
8393.2;0.008
8393.7;0.008
8394.2;0.006
8394.7;0.013
8395.2;0.014
8395.7;0.016
8396.2;0.011
8396.7;0.003
8397.2;0.009
8397.7;0.022
8398.2;0.006
8398.7;0.005
8399.2;0.008
8399.7;0.011
8400.2;0.003
8400.7;0.009
8401.2;0.01
8401.7;0.008
8402.2;0.008
8402.7;0.018
8403.2;0.02
8403.7;0.013
8404.2;0.01
8404.7;0.004
8405.2;0.011
8405.7;0.012
8406.2;0.004
8406.7;0.011
8407.2;0.002
8407.7;0.009
8408.2;0.002
8408.7;0.005
8409.2;0.013
8409.7;0.017
8410.2;0.01
8410.7;0.007
8411.2;0.008
8411.7;0.011
8412.2;0.013
8412.7;0.009
8413.2;0.008
8413.7;0.002
8414.2;0.008
8414.7;0.01
8415.2;0.003
8415.7;0.017
8416.2;0.01
8416.7;0.009
8417.2;0.005
8417.7;0.013
8418.2;0.017
8418.7;0.017
8419.2;0.012
8419.7;0.02
8420.2;0.013
8420.7;0.015
8421.2;0.005
8421.7;0.008
8422.2;0.007
8422.7;0.006
8423.2;0.004
8423.7;0.008
8424.2;0.005
8424.7;0.008
8425.2;0.005
8425.7;0.008
8426.2;0.01
8426.7;0.005
8427.2;0.015
8427.7;0.013
8428.2;0.004
8428.7;0.01
8429.2;0.014
8429.7;0.007
8430.2;0.013
8430.7;0.007
8431.2;0.011
8431.7;0.009
8432.2;0.019
8432.7;0.01
8433.2;0.011
8433.7;0.007
8434.2;0.007
8434.7;0.009
8435.2;0.003
8435.7;0.008
8436.2;0.015
8436.7;0.011
8437.2;0.011
8437.7;0.005
8438.2;0.02
8438.7;0.01
8439.2;0.009
8439.7;0.002
8440.2;0.009
8440.7;0.009
8441.2;0.009
8441.7;0.014
8442.2;0.013
8442.7;0.009
8443.2;0.005
8443.7;0.004
8444.2;0.029
8444.7;0.003
8445.2;0.007
8445.7;0.01
8446.2;0.01
8446.7;0.003
8447.2;0.006
8447.7;0.007
8448.2;0.006
8448.7;0.008
8449.2;0.008
8449.7;0.011
8450.2;0.016
8450.7;0.006
8451.2;0.017
8451.7;0.017
8452.2;0.01
8452.7;0.008
8453.2;0.016
8453.7;0.011
8454.2;0.007
8454.7;0.012
8455.2;0.012
8455.7;0.011
8456.2;0.01
8456.7;0.007
8457.2;0.017
8457.7;0.003
8458.2;0.004
8458.7;0.016
8459.2;0.01
8459.7;0.006
8460.2;0.008
8460.7;0.011
8461.2;0.014
8461.7;0.002
8462.2;0.012
8462.7;0.005
8463.2;0.004
8463.7;0.011
8464.2;0.02
8464.7;0.01
8465.2;0.011
8465.7;0.001
8466.2;0.006
8466.7;0.008
8467.2;0.006
8467.7;0.017
8468.2;0.006
8468.7;0.005
8469.2;0.005
8469.7;0.005
8470.2;0.003
8470.7;0.005
8471.2;0.005
8471.7;0.011
8472.2;0.011
8472.7;0.012
8473.2;0.006
8473.7;0.009
8474.2;0.012
8474.7;0.02
8475.2;0.019
8475.7;0.014
8476.2;0.009
8476.7;0.006
8477.2;0.011
8477.7;0.013
8478.2;0.008
8478.7;0.004
8479.2;0.008
8479.7;0.016
8480.2;0.012
8480.7;0.01
8481.2;0.018
8481.7;0.002
8482.2;0.011
8482.7;0.003
8483.2;0.007
8483.7;0.017
8484.2;0.011
8484.7;0.013
8485.2;0.003
8485.7;0.006
8486.2;0.009
8486.7;0.002
8487.2;0.008
8487.7;0.006
8488.2;0.012
8488.7;0.009
8489.2;0.007
8489.7;0.005
8490.2;0.014
8490.7;0.007
8491.2;0.009
8491.7;0.005
8492.2;0.011
8492.7;0.015
8493.2;0.025
8493.7;0.005
8494.2;0.011
8494.7;0.008
8495.2;0.01
8495.7;0.007
8496.2;0.017
8496.7;0.013
8497.2;0.002
8497.7;0.009
8498.2;0.005
8498.7;0.029
8499.2;0.012
8499.7;0.025
8500.2;0.004
8500.7;0.01
8501.2;0.01
8501.7;0.009
8502.2;0.013
8502.7;0.013
8503.2;0.013
8503.7;0.009
8504.2;0.013
8504.7;0.012
8505.2;0.006
8505.7;0.004
8506.2;0.01
8506.7;0.003
8507.2;0.009
8507.7;0.008
8508.2;0.008
8508.7;0.013
8509.2;0.002
8509.7;0.004
8510.2;0.019
8510.7;0.011
8511.2;0.006
8511.7;0.01
8512.2;0.008
8512.7;0.02
8513.2;0.013
8513.7;0.003
8514.2;0.009
8514.7;0.006
8515.2;0.014
8515.7;0.013
8516.2;0.005
8516.7;0.005
8517.2;0.001
8517.7;0.012
8518.2;0.002
8518.7;0.005
8519.2;0.015
8519.7;0.006
8520.2;0.011
8520.7;0.01
8521.2;0.005
8521.7;0.006
8522.2;0.02
8522.7;0.004
8523.2;0.004
8523.7;0.007
8524.2;0.008
8524.7;0.016
8525.2;0.015
8525.7;0.009
8526.2;0.004
8526.7;0.012
8527.2;0.008
8527.7;0.021
8528.2;0.001
8528.7;0.012
8529.2;0.018
8529.7;0.003
8530.2;0.011
8530.7;0.003
8531.2;0.007
8531.7;0.003
8532.2;0.014
8532.7;0.01
8533.2;0.01
8533.7;0.003
8534.2;0.005
8534.7;0.005
8535.2;0.011
8535.7;0.008
8536.2;0.016
8536.7;0.009
8537.2;0.008
8537.7;0.01
8538.2;0.009
8538.7;0.005
8539.2;0.002
8539.7;0.018
8540.2;0.012
8540.7;0.009
8541.2;0.002
8541.7;0.017
8542.2;0.009
8542.7;0.008
8543.2;0.005
8543.7;0.017
8544.2;0.005
8544.7;0.009
8545.2;0.014
8545.7;0.013
8546.2;0.013
8546.7;0.002
8547.2;0.015
8547.7;0.018
8548.2;0.011
8548.7;0.009
8549.2;0.01
8549.7;0.006
8550.2;0.007
8550.7;0.011
8551.2;0.006
8551.7;0.004
8552.2;0.011
8552.7;0.016
8553.2;0.007
8553.7;0.01
8554.2;0.009
8554.7;0.012
8555.2;0.006
8555.7;0.004
8556.2;0.005
8556.7;0.003
8557.2;0.001
8557.7;0.006
8558.2;0.019
8558.7;0.008
8559.2;0.011
8559.7;0.013
8560.2;0.008
8560.7;0.004
8561.2;0.002
8561.7;0.003
8562.2;0.006
8562.7;0.013
8563.2;0.008
8563.7;0.009
8564.2;0.009
8564.7;0.002
8565.2;0.007
8565.7;0.005
8566.2;0.002
8566.7;0.002
8567.2;0.014
8567.7;0.009
8568.2;0.017
8568.7;0.012
8569.2;0.016
8569.7;0.014
8570.2;0.003
8570.7;0.009
8571.2;0.006
8571.7;0.013
8572.2;0.007
8572.7;0.005
8573.2;0.011
8573.7;0.01
8574.2;0.005
8574.7;0.008
8575.2;0.013
8575.7;0.008
8576.2;0.009
8576.7;0.002
8577.2;0.003
8577.7;0.008
8578.2;0.007
8578.7;0.013
8579.2;0.005
8579.7;0.012
8580.2;0.003
8580.7;0.006
8581.2;0.007
8581.7;0.011
8582.2;0.011
8582.7;0.017
8583.2;0.011
8583.7;0.014
8584.2;0.007
8584.7;0.007
8585.2;0.012
8585.7;0.01
8586.2;0.003
8586.7;0.012
8587.2;0.004
8587.7;0.01
8588.2;0.003
8588.7;0.015
8589.2;0.006
8589.7;0.003
8590.2;0.005
8590.7;0.013
8591.2;0.024
8591.7;0.02
8592.2;0.009
8592.7;0.012
8593.2;0.004
8593.7;0.008
8594.2;0.01
8594.7;0.013
8595.2;0.004
8595.7;0.007
8596.2;0.006
8596.7;0.017
8597.2;0.006
8597.7;0.005
8598.2;0.004
8598.7;0.003
8599.2;0.011
8599.7;0.011
8600.2;0.014
8600.7;0.006
8601.2;0.0
8601.7;0.003
8602.2;0.006
8602.7;0.007
8603.2;0.002
8603.7;0.007
8604.2;0.005
8604.7;0.006
8605.2;0.007
8605.7;0.014
8606.2;0.014
8606.7;0.01
8607.2;0.012
8607.7;0.008
8608.2;0.008
8608.7;0.015
8609.2;0.005
8609.7;0.008
8610.2;0.016
8610.7;0.009
8611.2;0.01
8611.7;0.008
8612.2;0.006
8612.7;0.011
8613.2;0.012
8613.7;0.007
8614.2;0.017
8614.7;0.012
8615.2;0.004
8615.7;0.008
8616.2;0.009
8616.7;0.005
8617.2;0.016
8617.7;0.008
8618.2;0.008
8618.7;0.003
8619.2;0.008
8619.7;0.009
8620.2;0.009
8620.7;0.011
8621.2;0.015
8621.7;0.012
8622.2;0.005
8622.7;0.012
8623.2;0.013
8623.7;0.007
8624.2;0.006
8624.7;0.007
8625.2;0.007
8625.7;0.007
8626.2;0.006
8626.7;0.007
8627.2;0.009
8627.7;0.015
8628.2;0.004
8628.7;0.011
8629.2;0.004
8629.7;0.014
8630.2;0.009
8630.7;0.008
8631.2;0.011
8631.7;0.01
8632.2;0.006
8632.7;0.006
8633.2;0.01
8633.7;0.013
8634.2;0.009
8634.7;0.014
8635.2;0.008
8635.7;0.012
8636.2;0.01
8636.7;0.004
8637.2;0.007
8637.7;0.013
8638.2;0.003
8638.7;0.013
8639.2;0.015
8639.7;0.012
8640.2;0.001
8640.7;0.004
8641.2;0.006
8641.7;0.008
8642.2;0.01
8642.7;0.01
8643.2;0.003
8643.7;0.014
8644.2;0.007
8644.7;0.011
8645.2;0.007
8645.7;0.01
8646.2;0.007
8646.7;0.005
8647.2;0.016
8647.7;0.002
8648.2;0.003
8648.7;0.008
8649.2;0.002
8649.7;0.003
8650.2;0.014
8650.7;0.003
8651.2;0.003
8651.7;0.004
8652.2;0.011
8652.7;0.01
8653.2;0.003
8653.7;0.004
8654.2;0.004
8654.7;0.005
8655.2;0.007
8655.7;0.012
8656.2;0.015
8656.7;0.014
8657.2;0.013
8657.7;0.012
8658.2;0.005
8658.7;0.012
8659.2;0.003
8659.7;0.009
8660.2;0.006
8660.7;0.001
8661.2;0.006
8661.7;0.017
8662.2;0.008
8662.7;0.014
8663.2;0.009
8663.7;0.001
8664.2;0.003
8664.7;0.013
8665.2;0.014
8665.7;0.006
8666.2;0.007
8666.7;0.013
8667.2;0.002
8667.7;0.006
8668.2;0.008
8668.7;0.008
8669.2;0.01
8669.7;0.003
8670.2;0.008
8670.7;0.008
8671.2;0.012
8671.7;0.014
8672.2;0.008
8672.7;0.003
8673.2;0.011
8673.7;0.007
8674.2;0.014
8674.7;0.013
8675.2;0.014
8675.7;0.014
8676.2;0.018
8676.7;0.017
8677.2;0.011
8677.7;0.006
8678.2;0.007
8678.7;0.002
8679.2;0.015
8679.7;0.007
8680.2;0.005
8680.7;0.014
8681.2;0.011
8681.7;0.015
8682.2;0.003
8682.7;0.008
8683.2;0.01
8683.7;0.006
8684.2;0.013
8684.7;0.006
8685.2;0.01
8685.7;0.004
8686.2;0.002
8686.7;0.016
8687.2;0.012
8687.7;0.01
8688.2;0.012
8688.7;0.015
8689.2;0.006
8689.7;0.004
8690.2;0.009
8690.7;0.009
8691.2;0.015
8691.7;0.013
8692.2;0.01
8692.7;0.014
8693.2;0.014
8693.7;0.006
8694.2;0.005
8694.7;0.009
8695.2;0.011
8695.7;0.013
8696.2;0.012
8696.7;0.009
8697.2;0.003
8697.7;0.008
8698.2;0.008
8698.7;0.003
8699.2;0.014
8699.7;0.003
8700.2;0.001
8700.7;0.011
8701.2;0.018
8701.7;0.001
8702.2;0.014
8702.7;0.014
8703.2;0.002
8703.7;0.006
8704.2;0.008
8704.7;0.011
8705.2;0.004
8705.7;0.006
8706.2;0.005
8706.7;0.003
8707.2;0.011
8707.7;0.02
8708.2;0.023
8708.7;0.024
8709.2;0.014
8709.7;0.003
8710.2;0.014
8710.7;0.008
8711.2;0.014
8711.7;0.006
8712.2;0.009
8712.7;0.014
8713.2;0.018
8713.7;0.005
8714.2;0.003
8714.7;0.004
8715.2;0.004
8715.7;0.001
8716.2;0.008
8716.7;0.009
8717.2;0.001
8717.7;0.012
8718.2;0.004
8718.7;0.004
8719.2;0.009
8719.7;0.016
8720.2;0.008
8720.7;0.012
8721.2;0.01
8721.7;0.015
8722.2;0.014
8722.7;0.002
8723.2;0.004
8723.7;0.011
8724.2;0.022
8724.7;0.012
8725.2;0.02
8725.7;0.014
8726.2;0.011
8726.7;0.004
8727.2;0.008
8727.7;0.01
8728.2;0.008
8728.7;0.007
8729.2;0.012
8729.7;0.017
8730.2;0.011
8730.7;0.008
8731.2;0.007
8731.7;0.01
8732.2;0.003
8732.7;0.011
8733.2;0.012
8733.7;0.008
8734.2;0.003
8734.7;0.016
8735.2;0.01
8735.7;0.012
8736.2;0.007
8736.7;0.006
8737.2;0.017
8737.7;0.01
8738.2;0.001
8738.7;0.007
8739.2;0.014
8739.7;0.013
8740.2;0.012
8740.7;0.014
8741.2;0.004
8741.7;0.004
8742.2;0.006
8742.7;0.008
8743.2;0.009
8743.7;0.009
8744.2;0.004
8744.7;0.012
8745.2;0.009
8745.7;0.007
8746.2;0.009
8746.7;0.008
8747.2;0.012
8747.7;0.006
8748.2;0.015
8748.7;0.01
8749.2;0.002
8749.7;0.007
8750.2;0.014
8750.7;0.009
8751.2;0.015
8751.7;0.012
8752.2;0.01
8752.7;0.01
8753.2;0.01
8753.7;0.015
8754.2;0.009
8754.7;0.005
8755.2;0.005
8755.7;0.015
8756.2;0.004
8756.7;0.012
8757.2;0.002
8757.7;0.004
8758.2;0.007
8758.7;0.005
8759.2;0.005
8759.7;0.008
8760.2;0.006
8760.7;0.019
8761.2;0.004
8761.7;0.009
8762.2;0.025
8762.7;0.01
8763.2;0.011
8763.7;0.003
8764.2;0.007
8764.7;0.013
8765.2;0.016
8765.7;0.024
8766.2;0.024
8766.7;0.004
8767.2;0.014
8767.7;0.002
8768.2;0.016
8768.7;0.012
8769.2;0.008
8769.7;0.012
8770.2;0.013
8770.7;0.01
8771.2;0.008
8771.7;0.006
8772.2;0.016
8772.7;0.002
8773.2;0.006
8773.7;0.003
8774.2;0.007
8774.7;0.01
8775.2;0.013
8775.7;0.004
8776.2;0.01
8776.7;0.009
8777.2;0.014
8777.7;0.016
8778.2;0.008
8778.7;0.003
8779.2;0.011
8779.7;0.009
8780.2;0.006
8780.7;0.007
8781.2;0.023
8781.7;0.001
8782.2;0.013
8782.7;0.005
8783.2;0.01
8783.7;0.009
8784.2;0.006
8784.7;0.003
8785.2;0.002
8785.7;0.01
8786.2;0.006
8786.7;0.005
8787.2;0.009
8787.7;0.007
8788.2;0.008
8788.7;0.003
8789.2;0.008
8789.7;0.014
8790.2;0.011
8790.7;0.007
8791.2;0.011
8791.7;0.014
8792.2;0.002
8792.7;0.002
8793.2;0.013
8793.7;0.011
8794.2;0.014
8794.7;0.013
8795.2;0.013
8795.7;0.004
8796.2;0.018
8796.7;0.012
8797.2;0.003
8797.7;0.005
8798.2;0.009
8798.7;0.01
8799.2;0.004
8799.7;0.008
8800.2;0.014
8800.7;0.016
8801.2;0.014
8801.7;0.006
8802.2;0.011
8802.7;0.01
8803.2;0.013
8803.7;0.003
8804.2;0.011
8804.7;0.01
8805.2;0.012
8805.7;0.001
8806.2;0.01
8806.7;0.018
8807.2;0.005
8807.7;0.003
8808.2;0.016
8808.7;0.01
8809.2;0.007
8809.7;0.004
8810.2;0.009
8810.7;0.008
8811.2;0.006
8811.7;0.006
8812.2;0.009
8812.7;0.011
8813.2;0.006
8813.7;0.007
8814.2;0.004
8814.7;0.007
8815.2;0.01
8815.7;0.002
8816.2;0.006
8816.7;0.004
8817.2;0.012
8817.7;0.01
8818.2;0.016
8818.7;0.01
8819.2;0.004
8819.7;0.003
8820.2;0.012
8820.7;0.005
8821.2;0.005
8821.7;0.003
8822.2;0.009
8822.7;0.008
8823.2;0.009
8823.7;0.006
8824.2;0.007
8824.7;0.006
8825.2;0.013
8825.7;0.008
8826.2;0.006
8826.7;0.005
8827.2;0.007
8827.7;0.01
8828.2;0.003
8828.7;0.002
8829.2;0.011
8829.7;0.008
8830.2;0.003
8830.7;0.007
8831.2;0.004
8831.7;0.009
8832.2;0.016
8832.7;0.018
8833.2;0.008
8833.7;0.012
8834.2;0.024
8834.7;0.009
8835.2;0.017
8835.7;0.013
8836.2;0.012
8836.7;0.013
8837.2;0.007
8837.7;0.002
8838.2;0.006
8838.7;0.005
8839.2;0.009
8839.7;0.004
8840.2;0.006
8840.7;0.005
8841.2;0.012
8841.7;0.011
8842.2;0.009
8842.7;0.007
8843.2;0.008
8843.7;0.01
8844.2;0.009
8844.7;0.005
8845.2;0.017
8845.7;0.01
8846.2;0.01
8846.7;0.012
8847.2;0.016
8847.7;0.013
8848.2;0.009
8848.7;0.016
8849.2;0.017
8849.7;0.006
8850.2;0.011
8850.7;0.012
8851.2;0.006
8851.7;0.014
8852.2;0.017
8852.7;0.009
8853.2;0.003
8853.7;0.007
8854.2;0.007
8854.7;0.006
8855.2;0.004
8855.7;0.016
8856.2;0.005
8856.7;0.002
8857.2;0.011
8857.7;0.013
8858.2;0.004
8858.7;0.011
8859.2;0.003
8859.7;0.014
8860.2;0.008
8860.7;0.016
8861.2;0.008
8861.7;0.013
8862.2;0.002
8862.7;0.011
8863.2;0.004
8863.7;0.003
8864.2;0.01
8864.7;0.004
8865.2;0.01
8865.7;0.013
8866.2;0.004
8866.7;0.007
8867.2;0.006
8867.7;0.006
8868.2;0.007
8868.7;0.016
8869.2;0.004
8869.7;0.008
8870.2;0.009
8870.7;0.007
8871.2;0.014
8871.7;0.009
8872.2;0.012
8872.7;0.005
8873.2;0.003
8873.7;0.004
8874.2;0.022
8874.7;0.003
8875.2;0.017
8875.7;0.007
8876.2;0.01
8876.7;0.012
8877.2;0.012
8877.7;0.012
8878.2;0.005
8878.7;0.014
8879.2;0.013
8879.7;0.014
8880.2;0.009
8880.7;0.012
8881.2;0.014
8881.7;0.016
8882.2;0.015
8882.7;0.009
8883.2;0.006
8883.7;0.005
8884.2;0.011
8884.7;0.007
8885.2;0.007
8885.7;0.009
8886.2;0.009
8886.7;0.007
8887.2;0.013
8887.7;0.017
8888.2;0.003
8888.7;0.019
8889.2;0.004
8889.7;0.002
8890.2;0.012
8890.7;0.01
8891.2;0.006
8891.7;0.008
8892.2;0.007
8892.7;0.012
8893.2;0.016
8893.7;0.012
8894.2;0.019
8894.7;0.004
8895.2;0.016
8895.7;0.012
8896.2;0.007
8896.7;0.009
8897.2;0.01
8897.7;0.013
8898.2;0.008
8898.7;0.011
8899.2;0.013
8899.7;0.014
8900.2;0.002
8900.7;0.016
8901.2;0.009
8901.7;0.007
8902.2;0.016
8902.7;0.014
8903.2;0.009
8903.7;0.013
8904.2;0.005
8904.7;0.006
8905.2;0.002
8905.7;0.004
8906.2;0.007
8906.7;0.001
8907.2;0.005
8907.7;0.01
8908.2;0.006
8908.7;0.006
8909.2;0.017
8909.7;0.007
8910.2;0.005
8910.7;0.004
8911.2;0.012
8911.7;0.002
8912.2;0.003
8912.7;0.01
8913.2;0.011
8913.7;0.001
8914.2;0.009
8914.7;0.009
8915.2;0.014
8915.7;0.002
8916.2;0.004
8916.7;0.02
8917.2;0.016
8917.7;0.005
8918.2;0.011
8918.7;0.003
8919.2;0.01
8919.7;0.015
8920.2;0.007
8920.7;0.01
8921.2;0.007
8921.7;0.004
8922.2;0.007
8922.7;0.005
8923.2;0.009
8923.7;0.002
8924.2;0.002
8924.7;0.011
8925.2;0.006
8925.7;0.012
8926.2;0.01
8926.7;0.004
8927.2;0.012
8927.7;0.005
8928.2;0.018
8928.7;0.009
8929.2;0.005
8929.7;0.008
8930.2;0.006
8930.7;0.008
8931.2;0.006
8931.7;0.005
8932.2;0.005
8932.7;0.006
8933.2;0.011
8933.7;0.007
8934.2;0.006
8934.7;0.009
8935.2;0.012
8935.7;0.008
8936.2;0.015
8936.7;0.006
8937.2;0.009
8937.7;0.01
8938.2;0.017
8938.7;0.02
8939.2;0.012
8939.7;0.012
8940.2;0.011
8940.7;0.009
8941.2;0.008
8941.7;0.007
8942.2;0.009
8942.7;0.002
8943.2;0.01
8943.7;0.01
8944.2;0.007
8944.7;0.007
8945.2;0.008
8945.7;0.003
8946.2;0.014
8946.7;0.005
8947.2;0.008
8947.7;0.01
8948.2;0.008
8948.7;0.012
8949.2;0.016
8949.7;0.007
8950.2;0.003
8950.7;0.013
8951.2;0.01
8951.7;0.003
8952.2;0.005
8952.7;0.006
8953.2;0.007
8953.7;0.006
8954.2;0.011
8954.7;0.011
8955.2;0.008
8955.7;0.012
8956.2;0.008
8956.7;0.007
8957.2;0.009
8957.7;0.008
8958.2;0.013
8958.7;0.017
8959.2;0.009
8959.7;0.012
8960.2;0.009
8960.7;0.012
8961.2;0.006
8961.7;0.006
8962.2;0.004
8962.7;0.014
8963.2;0.005
8963.7;0.007
8964.2;0.007
8964.7;0.006
8965.2;0.011
8965.7;0.011
8966.2;0.008
8966.7;0.007
8967.2;0.007
8967.7;0.008
8968.2;0.002
8968.7;0.005
8969.2;0.007
8969.7;0.011
8970.2;0.016
8970.7;0.009
8971.2;0.019
8971.7;0.0
8972.2;0.013
8972.7;0.01
8973.2;0.013
8973.7;0.014
8974.2;0.006
8974.7;0.002
8975.2;0.008
8975.7;0.006
8976.2;0.018
8976.7;0.004
8977.2;0.007
8977.7;0.016
8978.2;0.006
8978.7;0.012
8979.2;0.018
8979.7;0.006
8980.2;0.014
8980.7;0.013
8981.2;0.007
8981.7;0.003
8982.2;0.013
8982.7;0.017
8983.2;0.003
8983.7;0.006
8984.2;0.007
8984.7;0.003
8985.2;0.015
8985.7;0.012
8986.2;0.01
8986.7;0.014
8987.2;0.01
8987.7;0.007
8988.2;0.003
8988.7;0.006
8989.2;0.005
8989.7;0.015
8990.2;0.009
8990.7;0.012
8991.2;0.002
8991.7;0.005
8992.2;0.007
8992.7;0.011
8993.2;0.004
8993.7;0.007
8994.2;0.014
8994.7;0.001
8995.2;0.014
8995.7;0.006
8996.2;0.013
8996.7;0.01
8997.2;0.01
8997.7;0.007
8998.2;0.004
8998.7;0.007
8999.2;0.016
8999.7;0.007
9000.2;0.001
9000.7;0.01
9001.2;0.002
9001.7;0.015
9002.2;0.006
9002.7;0.008
9003.2;0.006
9003.7;0.008
9004.2;0.016
9004.7;0.016
9005.2;0.004
9005.7;0.005
9006.2;0.012
9006.7;0.004
9007.2;0.011
9007.7;0.007
9008.2;0.01
9008.7;0.012
9009.2;0.011
9009.7;0.015
9010.2;0.009
9010.7;0.006
9011.2;0.008
9011.7;0.003
9012.2;0.003
9012.7;0.004
9013.2;0.009
9013.7;0.006
9014.2;0.01
9014.7;0.009
9015.2;0.01
9015.7;0.004
9016.2;0.005
9016.7;0.004
9017.2;0.018
9017.7;0.017
9018.2;0.001
9018.7;0.009
9019.2;0.01
9019.7;0.002
9020.2;0.008
9020.7;0.017
9021.2;0.005
9021.7;0.011
9022.2;0.013
9022.7;0.011
9023.2;0.004
9023.7;0.001
9024.2;0.006
9024.7;0.005
9025.2;0.002
9025.7;0.005
9026.2;0.012
9026.7;0.009
9027.2;0.004
9027.7;0.01
9028.2;0.005
9028.7;0.007
9029.2;0.011
9029.7;0.003
9030.2;0.007
9030.7;0.008
9031.2;0.006
9031.7;0.007
9032.2;0.007
9032.7;0.006
9033.2;0.002
9033.7;0.01
9034.2;0.01
9034.7;0.006
9035.2;0.002
9035.7;0.006
9036.2;0.007
9036.7;0.011
9037.2;0.011
9037.7;0.004
9038.2;0.004
9038.7;0.003
9039.2;0.007
9039.7;0.011
9040.2;0.01
9040.7;0.011
9041.2;0.008
9041.7;0.013
9042.2;0.021
9042.7;0.005
9043.2;0.009
9043.7;0.009
9044.2;0.011
9044.7;0.012
9045.2;0.005
9045.7;0.01
9046.2;0.001
9046.7;0.003
9047.2;0.005
9047.7;0.011
9048.2;0.016
9048.7;0.012
9049.2;0.017
9049.7;0.006
9050.2;0.009
9050.7;0.005
9051.2;0.001
9051.7;0.012
9052.2;0.014
9052.7;0.004
9053.2;0.001
9053.7;0.014
9054.2;0.008
9054.7;0.007
9055.2;0.013
9055.7;0.011
9056.2;0.005
9056.7;0.002
9057.2;0.021
9057.7;0.006
9058.2;0.009
9058.7;0.01
9059.2;0.012
9059.7;0.012
9060.2;0.006
9060.7;0.004
9061.2;0.007
9061.7;0.007
9062.2;0.008
9062.7;0.006
9063.2;0.006
9063.7;0.003
9064.2;0.003
9064.7;0.004
9065.2;0.004
9065.7;0.004
9066.2;0.009
9066.7;0.014
9067.2;0.006
9067.7;0.007
9068.2;0.005
9068.7;0.001
9069.2;0.013
9069.7;0.011
9070.2;0.004
9070.7;0.005
9071.2;0.003
9071.7;0.002
9072.2;0.008
9072.7;0.011
9073.2;0.005
9073.7;0.009
9074.2;0.01
9074.7;0.003
9075.2;0.004
9075.7;0.004
9076.2;0.007
9076.7;0.009
9077.2;0.005
9077.7;0.013
9078.2;0.013
9078.7;0.009
9079.2;0.011
9079.7;0.004
9080.2;0.015
9080.7;0.002
9081.2;0.004
9081.7;0.004
9082.2;0.006
9082.7;0.002
9083.2;0.005
9083.7;0.018
9084.2;0.006
9084.7;0.003
9085.2;0.011
9085.7;0.019
9086.2;0.009
9086.7;0.01
9087.2;0.012
9087.7;0.015
9088.2;0.004
9088.7;0.006
9089.2;0.007
9089.7;0.012
9090.2;0.003
9090.7;0.003
9091.2;0.009
9091.7;0.005
9092.2;0.014
9092.7;0.006
9093.2;0.01
9093.7;0.008
9094.2;0.014
9094.7;0.002
9095.2;0.014
9095.7;0.007
9096.2;0.006
9096.7;0.012
9097.2;0.006
9097.7;0.009
9098.2;0.007
9098.7;0.009
9099.2;0.006
9099.7;0.016
9100.2;0.006
9100.7;0.01
9101.2;0.012
9101.7;0.007
9102.2;0.006
9102.7;0.016
9103.2;0.01
9103.7;0.003
9104.2;0.018
9104.7;0.006
9105.2;0.004
9105.7;0.006
9106.2;0.009
9106.7;0.015
9107.2;0.015
9107.7;0.005
9108.2;0.003
9108.7;0.009
9109.2;0.008
9109.7;0.005
9110.2;0.009
9110.7;0.016
9111.2;0.017
9111.7;0.011
9112.2;0.014
9112.7;0.006
9113.2;0.013
9113.7;0.01
9114.2;0.006
9114.7;0.007
9115.2;0.015
9115.7;0.002
9116.2;0.005
9116.7;0.007
9117.2;0.006
9117.7;0.006
9118.2;0.011
9118.7;0.014
9119.2;0.012
9119.7;0.01
9120.2;0.014
9120.7;0.01
9121.2;0.012
9121.7;0.018
9122.2;0.001
9122.7;0.002
9123.2;0.004
9123.7;0.009
9124.2;0.013
9124.7;0.005
9125.2;0.011
9125.7;0.005
9126.2;0.007
9126.7;0.011
9127.2;0.008
9127.7;0.011
9128.2;0.009
9128.7;0.005
9129.2;0.015
9129.7;0.007
9130.2;0.01
9130.7;0.002
9131.2;0.009
9131.7;0.021
9132.2;0.004
9132.7;0.003
9133.2;0.001
9133.7;0.018
9134.2;0.004
9134.7;0.015
9135.2;0.013
9135.7;0.004
9136.2;0.002
9136.7;0.007
9137.2;0.003
9137.7;0.001
9138.2;0.008
9138.7;0.012
9139.2;0.006
9139.7;0.017
9140.2;0.008
9140.7;0.006
9141.2;0.007
9141.7;0.01
9142.2;0.006
9142.7;0.007
9143.2;0.009
9143.7;0.011
9144.2;0.008
9144.7;0.006
9145.2;0.014
9145.7;0.019
9146.2;0.01
9146.7;0.003
9147.2;0.012
9147.7;0.005
9148.2;0.008
9148.7;0.006
9149.2;0.009
9149.7;0.009
9150.2;0.007
9150.7;0.009
9151.2;0.007
9151.7;0.004
9152.2;0.009
9152.7;0.007
9153.2;0.017
9153.7;0.009
9154.2;0.008
9154.7;0.012
9155.2;0.007
9155.7;0.007
9156.2;0.011
9156.7;0.002
9157.2;0.004
9157.7;0.007
9158.2;0.004
9158.7;0.007
9159.2;0.007
9159.7;0.009
9160.2;0.026
9160.7;0.017
9161.2;0.004
9161.7;0.007
9162.2;0.003
9162.7;0.013
9163.2;0.008
9163.7;0.01
9164.2;0.005
9164.7;0.004
9165.2;0.011
9165.7;0.007
9166.2;0.008
9166.7;0.007
9167.2;0.003
9167.7;0.007
9168.2;0.007
9168.7;0.008
9169.2;0.009
9169.7;0.008
9170.2;0.009
9170.7;0.014
9171.2;0.009
9171.7;0.001
9172.2;0.012
9172.7;0.015
9173.2;0.011
9173.7;0.004
9174.2;0.003
9174.7;0.011
9175.2;0.005
9175.7;0.008
9176.2;0.011
9176.7;0.005
9177.2;0.006
9177.7;0.01
9178.2;0.009
9178.7;0.003
9179.2;0.01
9179.7;0.007
9180.2;0.004
9180.7;0.008
9181.2;0.017
9181.7;0.009
9182.2;0.019
9182.7;0.012
9183.2;0.015
9183.7;0.007
9184.2;0.009
9184.7;0.012
9185.2;0.013
9185.7;0.006
9186.2;0.007
9186.7;0.011
9187.2;0.013
9187.7;0.012
9188.2;0.008
9188.7;0.007
9189.2;0.006
9189.7;0.005
9190.2;0.01
9190.7;0.01
9191.2;0.003
9191.7;0.005
9192.2;0.01
9192.7;0.003
9193.2;0.014
9193.7;0.008
9194.2;0.008
9194.7;0.008
9195.2;0.009
9195.7;0.011
9196.2;0.013
9196.7;0.005
9197.2;0.003
9197.7;0.017
9198.2;0.018
9198.7;0.003
9199.2;0.008
9199.7;0.011
9200.2;0.006
9200.7;0.011
9201.2;0.008
9201.7;0.008
9202.2;0.004
9202.7;0.014
9203.2;0.001
9203.7;0.014
9204.2;0.011
9204.7;0.008
9205.2;0.002
9205.7;0.015
9206.2;0.014
9206.7;0.01
9207.2;0.009
9207.7;0.002
9208.2;0.009
9208.7;0.009
9209.2;0.004
9209.7;0.014
9210.2;0.017
9210.7;0.001
9211.2;0.003
9211.7;0.005
9212.2;0.015
9212.7;0.004
9213.2;0.006
9213.7;0.012
9214.2;0.005
9214.7;0.018
9215.2;0.012
9215.7;0.004
9216.2;0.012
9216.7;0.011
9217.2;0.015
9217.7;0.004
9218.2;0.006
9218.7;0.004
9219.2;0.004
9219.7;0.004
9220.2;0.014
9220.7;0.003
9221.2;0.006
9221.7;0.012
9222.2;0.004
9222.7;0.007
9223.2;0.007
9223.7;0.012
9224.2;0.013
9224.7;0.005
9225.2;0.011
9225.7;0.008
9226.2;0.009
9226.7;0.012
9227.2;0.009
9227.7;0.013
9228.2;0.011
9228.7;0.006
9229.2;0.004
9229.7;0.009
9230.2;0.009
9230.7;0.008
9231.2;0.018
9231.7;0.008
9232.2;0.009
9232.7;0.009
9233.2;0.015
9233.7;0.009
9234.2;0.015
9234.7;0.02
9235.2;0.003
9235.7;0.01
9236.2;0.005
9236.7;0.013
9237.2;0.01
9237.7;0.011
9238.2;0.006
9238.7;0.008
9239.2;0.005
9239.7;0.014
9240.2;0.013
9240.7;0.006
9241.2;0.01
9241.7;0.013
9242.2;0.013
9242.7;0.008
9243.2;0.006
9243.7;0.017
9244.2;0.014
9244.7;0.005
9245.2;0.006
9245.7;0.004
9246.2;0.011
9246.7;0.007
9247.2;0.02
9247.7;0.001
9248.2;0.014
9248.7;0.003
9249.2;0.003
9249.7;0.008
9250.2;0.008
9250.7;0.01
9251.2;0.008
9251.7;0.012
9252.2;0.006
9252.7;0.007
9253.2;0.009
9253.7;0.008
9254.2;0.011
9254.7;0.013
9255.2;0.008
9255.7;0.006
9256.2;0.007
9256.7;0.011
9257.2;0.013
9257.7;0.014
9258.2;0.004
9258.7;0.007
9259.2;0.001
9259.7;0.012
9260.2;0.003
9260.7;0.017
9261.2;0.013
9261.7;0.012
9262.2;0.007
9262.7;0.002
9263.2;0.007
9263.7;0.008
9264.2;0.004
9264.7;0.007
9265.2;0.007
9265.7;0.009
9266.2;0.004
9266.7;0.007
9267.2;0.01
9267.7;0.005
9268.2;0.005
9268.7;0.009
9269.2;0.007
9269.7;0.009
9270.2;0.01
9270.7;0.006
9271.2;0.002
9271.7;0.006
9272.2;0.006
9272.7;0.003
9273.2;0.016
9273.7;0.011
9274.2;0.009
9274.7;0.008
9275.2;0.008
9275.7;0.003
9276.2;0.001
9276.7;0.013
9277.2;0.017
9277.7;0.009
9278.2;0.007
9278.7;0.018
9279.2;0.006
9279.7;0.008
9280.2;0.004
9280.7;0.003
9281.2;0.009
9281.7;0.008
9282.2;0.012
9282.7;0.015
9283.2;0.018
9283.7;0.003
9284.2;0.009
9284.7;0.005
9285.2;0.006
9285.7;0.015
9286.2;0.013
9286.7;0.008
9287.2;0.014
9287.7;0.013
9288.2;0.012
9288.7;0.004
9289.2;0.013
9289.7;0.011
9290.2;0.011
9290.7;0.002
9291.2;0.013
9291.7;0.013
9292.2;0.004
9292.7;0.01
9293.2;0.017
9293.7;0.003
9294.2;0.007
9294.7;0.011
9295.2;0.007
9295.7;0.012
9296.2;0.006
9296.7;0.019
9297.2;0.018
9297.7;0.007
9298.2;0.018
9298.7;0.005
9299.2;0.008
9299.7;0.004
9300.2;0.011
9300.7;0.007
9301.2;0.01
9301.7;0.008
9302.2;0.006
9302.7;0.012
9303.2;0.004
9303.7;0.01
9304.2;0.003
9304.7;0.001
9305.2;0.01
9305.7;0.009
9306.2;0.009
9306.7;0.01
9307.2;0.008
9307.7;0.016
9308.2;0.012
9308.7;0.022
9309.2;0.006
9309.7;0.013
9310.2;0.007
9310.7;0.012
9311.2;0.005
9311.7;0.002
9312.2;0.008
9312.7;0.007
9313.2;0.007
9313.7;0.006
9314.2;0.009
9314.7;0.015
9315.2;0.008
9315.7;0.015
9316.2;0.004
9316.7;0.011
9317.2;0.006
9317.7;0.021
9318.2;0.02
9318.7;0.008
9319.2;0.007
9319.7;0.01
9320.2;0.002
9320.7;0.006
9321.2;0.01
9321.7;0.002
9322.2;0.001
9322.7;0.004
9323.2;0.021
9323.7;0.007
9324.2;0.006
9324.7;0.009
9325.2;0.007
9325.7;0.008
9326.2;0.009
9326.7;0.009
9327.2;0.015
9327.7;0.009
9328.2;0.001
9328.7;0.002
9329.2;0.007
9329.7;0.008
9330.2;0.015
9330.7;0.013
9331.2;0.011
9331.7;0.009
9332.2;0.001
9332.7;0.014
9333.2;0.007
9333.7;0.004
9334.2;0.006
9334.7;0.002
9335.2;0.016
9335.7;0.002
9336.2;0.014
9336.7;0.014
9337.2;0.007
9337.7;0.004
9338.2;0.019
9338.7;0.008
9339.2;0.002
9339.7;0.01
9340.2;0.003
9340.7;0.016
9341.2;0.003
9341.7;0.002
9342.2;0.005
9342.7;0.008
9343.2;0.008
9343.7;0.005
9344.2;0.011
9344.7;0.008
9345.2;0.005
9345.7;0.006
9346.2;0.005
9346.7;0.003
9347.2;0.008
9347.7;0.005
9348.2;0.01
9348.7;0.005
9349.2;0.008
9349.7;0.019
9350.2;0.01
9350.7;0.009
9351.2;0.009
9351.7;0.009
9352.2;0.002
9352.7;0.01
9353.2;0.011
9353.7;0.008
9354.2;0.013
9354.7;0.007
9355.2;0.009
9355.7;0.001
9356.2;0.004
9356.7;0.004
9357.2;0.003
9357.7;0.004
9358.2;0.008
9358.7;0.006
9359.2;0.014
9359.7;0.005
9360.2;0.027
9360.7;0.014
9361.2;0.007
9361.7;0.006
9362.2;0.007
9362.7;0.01
9363.2;0.008
9363.7;0.007
9364.2;0.005
9364.7;0.012
9365.2;0.011
9365.7;0.008
9366.2;0.004
9366.7;0.008
9367.2;0.006
9367.7;0.007
9368.2;0.005
9368.7;0.02
9369.2;0.009
9369.7;0.009
9370.2;0.01
9370.7;0.001
9371.2;0.01
9371.7;0.011
9372.2;0.016
9372.7;0.006
9373.2;0.006
9373.7;0.008
9374.2;0.009
9374.7;0.01
9375.2;0.005
9375.7;0.003
9376.2;0.007
9376.7;0.007
9377.2;0.002
9377.7;0.009
9378.2;0.01
9378.7;0.009
9379.2;0.012
9379.7;0.008
9380.2;0.009
9380.7;0.011
9381.2;0.006
9381.7;0.007
9382.2;0.006
9382.7;0.008
9383.2;0.009
9383.7;0.003
9384.2;0.001
9384.7;0.006
9385.2;0.012
9385.7;0.004
9386.2;0.012
9386.7;0.007
9387.2;0.002
9387.7;0.01
9388.2;0.004
9388.7;0.02
9389.2;0.007
9389.7;0.011
9390.2;0.004
9390.7;0.001
9391.2;0.008
9391.7;0.01
9392.2;0.001
9392.7;0.008
9393.2;0.004
9393.7;0.01
9394.2;0.014
9394.7;0.01
9395.2;0.009
9395.7;0.003
9396.2;0.013
9396.7;0.015
9397.2;0.008
9397.7;0.013
9398.2;0.007
9398.7;0.004
9399.2;0.005
9399.7;0.01
9400.2;0.008
9400.7;0.007
9401.2;0.002
9401.7;0.007
9402.2;0.003
9402.7;0.011
9403.2;0.007
9403.7;0.013
9404.2;0.012
9404.7;0.009
9405.2;0.009
9405.7;0.009
9406.2;0.011
9406.7;0.003
9407.2;0.007
9407.7;0.007
9408.2;0.007
9408.7;0.001
9409.2;0.01
9409.7;0.004
9410.2;0.008
9410.7;0.011
9411.2;0.008
9411.7;0.006
9412.2;0.015
9412.7;0.022
9413.2;0.014
9413.7;0.01
9414.2;0.008
9414.7;0.007
9415.2;0.004
9415.7;0.011
9416.2;0.013
9416.7;0.009
9417.2;0.004
9417.7;0.006
9418.2;0.009
9418.7;0.013
9419.2;0.005
9419.7;0.007
9420.2;0.007
9420.7;0.004
9421.2;0.006
9421.7;0.008
9422.2;0.005
9422.7;0.004
9423.2;0.009
9423.7;0.007
9424.2;0.002
9424.7;0.007
9425.2;0.008
9425.7;0.013
9426.2;0.01
9426.7;0.008
9427.2;0.003
9427.7;0.002
9428.2;0.009
9428.7;0.01
9429.2;0.017
9429.7;0.007
9430.2;0.006
9430.7;0.005
9431.2;0.007
9431.7;0.01
9432.2;0.004
9432.7;0.01
9433.2;0.007
9433.7;0.011
9434.2;0.01
9434.7;0.005
9435.2;0.014
9435.7;0.012
9436.2;0.002
9436.7;0.004
9437.2;0.004
9437.7;0.017
9438.2;0.012
9438.7;0.004
9439.2;0.012
9439.7;0.01
9440.2;0.011
9440.7;0.022
9441.2;0.007
9441.7;0.015
9442.2;0.019
9442.7;0.006
9443.2;0.009
9443.7;0.009
9444.2;0.006
9444.7;0.004
9445.2;0.005
9445.7;0.005
9446.2;0.01
9446.7;0.001
9447.2;0.01
9447.7;0.003
9448.2;0.006
9448.7;0.01
9449.2;0.013
9449.7;0.013
9450.2;0.004
9450.7;0.012
9451.2;0.014
9451.7;0.007
9452.2;0.002
9452.7;0.012
9453.2;0.013
9453.7;0.011
9454.2;0.003
9454.7;0.004
9455.2;0.01
9455.7;0.013
9456.2;0.007
9456.7;0.011
9457.2;0.011
9457.7;0.011
9458.2;0.008
9458.7;0.016
9459.2;0.01
9459.7;0.002
9460.2;0.005
9460.7;0.003
9461.2;0.011
9461.7;0.012
9462.2;0.008
9462.7;0.005
9463.2;0.002
9463.7;0.006
9464.2;0.005
9464.7;0.01
9465.2;0.004
9465.7;0.005
9466.2;0.003
9466.7;0.012
9467.2;0.006
9467.7;0.005
9468.2;0.007
9468.7;0.008
9469.2;0.008
9469.7;0.006
9470.2;0.011
9470.7;0.007
9471.2;0.005
9471.7;0.013
9472.2;0.006
9472.7;0.013
9473.2;0.008
9473.7;0.006
9474.2;0.001
9474.7;0.005
9475.2;0.007
9475.7;0.011
9476.2;0.008
9476.7;0.01
9477.2;0.006
9477.7;0.009
9478.2;0.014
9478.7;0.003
9479.2;0.012
9479.7;0.008
9480.2;0.007
9480.7;0.003
9481.2;0.013
9481.7;0.003
9482.2;0.005
9482.7;0.012
9483.2;0.005
9483.7;0.006
9484.2;0.007
9484.7;0.012
9485.2;0.01
9485.7;0.005
9486.2;0.001
9486.7;0.006
9487.2;0.015
9487.7;0.009
9488.2;0.008
9488.7;0.002
9489.2;0.002
9489.7;0.004
9490.2;0.006
9490.7;0.009
9491.2;0.006
9491.7;0.002
9492.2;0.003
9492.7;0.001
9493.2;0.007
9493.7;0.013
9494.2;0.007
9494.7;0.012
9495.2;0.009
9495.7;0.007
9496.2;0.014
9496.7;0.004
9497.2;0.01
9497.7;0.004
9498.2;0.012
9498.7;0.013
9499.2;0.01
9499.7;0.009
9500.2;0.006
9500.7;0.002
9501.2;0.01
9501.7;0.006
9502.2;0.014
9502.7;0.012
9503.2;0.013
9503.7;0.003
9504.2;0.008
9504.7;0.002
9505.2;0.005
9505.7;0.007
9506.2;0.004
9506.7;0.01
9507.2;0.012
9507.7;0.005
9508.2;0.016
9508.7;0.004
9509.2;0.014
9509.7;0.009
9510.2;0.009
9510.7;0.014
9511.2;0.01
9511.7;0.005
9512.2;0.008
9512.7;0.004
9513.2;0.007
9513.7;0.008
9514.2;0.003
9514.7;0.003
9515.2;0.007
9515.7;0.005
9516.2;0.004
9516.7;0.001
9517.2;0.009
9517.7;0.005
9518.2;0.01
9518.7;0.017
9519.2;0.004
9519.7;0.006
9520.2;0.005
9520.7;0.007
9521.2;0.007
9521.7;0.008
9522.2;0.007
9522.7;0.004
9523.2;0.013
9523.7;0.011
9524.2;0.01
9524.7;0.005
9525.2;0.011
9525.7;0.007
9526.2;0.006
9526.7;0.003
9527.2;0.008
9527.7;0.011
9528.2;0.011
9528.7;0.007
9529.2;0.003
9529.7;0.009
9530.2;0.011
9530.7;0.006
9531.2;0.006
9531.7;0.006
9532.2;0.01
9532.7;0.016
9533.2;0.005
9533.7;0.001
9534.2;0.006
9534.7;0.01
9535.2;0.003
9535.7;0.008
9536.2;0.006
9536.7;0.016
9537.2;0.002
9537.7;0.013
9538.2;0.008
9538.7;0.003
9539.2;0.016
9539.7;0.007
9540.2;0.003
9540.7;0.017
9541.2;0.023
9541.7;0.006
9542.2;0.003
9542.7;0.004
9543.2;0.005
9543.7;0.005
9544.2;0.006
9544.7;0.009
9545.2;0.005
9545.7;0.009
9546.2;0.015
9546.7;0.004
9547.2;0.006
9547.7;0.009
9548.2;0.017
9548.7;0.007
9549.2;0.009
9549.7;0.009
9550.2;0.008
9550.7;0.007
9551.2;0.007
9551.7;0.007
9552.2;0.009
9552.7;0.014
9553.2;0.01
9553.7;0.005
9554.2;0.012
9554.7;0.009
9555.2;0.01
9555.7;0.013
9556.2;0.001
9556.7;0.006
9557.2;0.006
9557.7;0.005
9558.2;0.013
9558.7;0.001
9559.2;0.011
9559.7;0.002
9560.2;0.016
9560.7;0.009
9561.2;0.007
9561.7;0.006
9562.2;0.011
9562.7;0.004
9563.2;0.01
9563.7;0.015
9564.2;0.004
9564.7;0.01
9565.2;0.004
9565.7;0.018
9566.2;0.005
9566.7;0.01
9567.2;0.011
9567.7;0.008
9568.2;0.007
9568.7;0.003
9569.2;0.003
9569.7;0.01
9570.2;0.015
9570.7;0.019
9571.2;0.011
9571.7;0.007
9572.2;0.005
9572.7;0.017
9573.2;0.003
9573.7;0.004
9574.2;0.008
9574.7;0.006
9575.2;0.012
9575.7;0.01
9576.2;0.003
9576.7;0.011
9577.2;0.008
9577.7;0.013
9578.2;0.009
9578.7;0.007
9579.2;0.004
9579.7;0.009
9580.2;0.005
9580.7;0.008
9581.2;0.006
9581.7;0.01
9582.2;0.006
9582.7;0.008
9583.2;0.012
9583.7;0.007
9584.2;0.014
9584.7;0.016
9585.2;0.004
9585.7;0.005
9586.2;0.006
9586.7;0.019
9587.2;0.011
9587.7;0.007
9588.2;0.004
9588.7;0.008
9589.2;0.006
9589.7;0.008
9590.2;0.009
9590.7;0.009
9591.2;0.002
9591.7;0.006
9592.2;0.007
9592.7;0.005
9593.2;0.002
9593.7;0.005
9594.2;0.003
9594.7;0.011
9595.2;0.015
9595.7;0.011
9596.2;0.013
9596.7;0.01
9597.2;0.008
9597.7;0.005
9598.2;0.007
9598.7;0.009
9599.2;0.008
9599.7;0.013
9600.2;0.004
9600.7;0.012
9601.2;0.005
9601.7;0.003
9602.2;0.01
9602.7;0.01
9603.2;0.009
9603.7;0.011
9604.2;0.002
9604.7;0.006
9605.2;0.008
9605.7;0.008
9606.2;0.008
9606.7;0.006
9607.2;0.008
9607.7;0.005
9608.2;0.013
9608.7;0.01
9609.2;0.005
9609.7;0.013
9610.2;0.011
9610.7;0.009
9611.2;0.011
9611.7;0.007
9612.2;0.008
9612.7;0.006
9613.2;0.002
9613.7;0.004
9614.2;0.006
9614.7;0.012
9615.2;0.004
9615.7;0.012
9616.2;0.008
9616.7;0.007
9617.2;0.011
9617.7;0.015
9618.2;0.008
9618.7;0.014
9619.2;0.01
9619.7;0.015
9620.2;0.01
9620.7;0.013
9621.2;0.009
9621.7;0.008
9622.2;0.01
9622.7;0.007
9623.2;0.017
9623.7;0.008
9624.2;0.01
9624.7;0.005
9625.2;0.019
9625.7;0.006
9626.2;0.012
9626.7;0.008
9627.2;0.005
9627.7;0.012
9628.2;0.02
9628.7;0.007
9629.2;0.011
9629.7;0.007
9630.2;0.009
9630.7;0.011
9631.2;0.008
9631.7;0.002
9632.2;0.022
9632.7;0.012
9633.2;0.01
9633.7;0.007
9634.2;0.007
9634.7;0.006
9635.2;0.005
9635.7;0.004
9636.2;0.01
9636.7;0.003
9637.2;0.004
9637.7;0.011
9638.2;0.006
9638.7;0.017
9639.2;0.015
9639.7;0.002
9640.2;0.004
9640.7;0.006
9641.2;0.016
9641.7;0.002
9642.2;0.002
9642.7;0.018
9643.2;0.004
9643.7;0.005
9644.2;0.013
9644.7;0.012
9645.2;0.01
9645.7;0.014
9646.2;0.009
9646.7;0.009
9647.2;0.004
9647.7;0.01
9648.2;0.003
9648.7;0.015
9649.2;0.01
9649.7;0.016
9650.2;0.009
9650.7;0.005
9651.2;0.01
9651.7;0.009
9652.2;0.011
9652.7;0.003
9653.2;0.0
9653.7;0.006
9654.2;0.011
9654.7;0.016
9655.2;0.006
9655.7;0.007
9656.2;0.013
9656.7;0.005
9657.2;0.011
9657.7;0.01
9658.2;0.006
9658.7;0.008
9659.2;0.001
9659.7;0.004
9660.2;0.01
9660.7;0.013
9661.2;0.006
9661.7;0.012
9662.2;0.007
9662.7;0.003
9663.2;0.005
9663.7;0.008
9664.2;0.015
9664.7;0.001
9665.2;0.003
9665.7;0.004
9666.2;0.003
9666.7;0.008
9667.2;0.021
9667.7;0.012
9668.2;0.006
9668.7;0.012
9669.2;0.002
9669.7;0.002
9670.2;0.005
9670.7;0.003
9671.2;0.017
9671.7;0.015
9672.2;0.007
9672.7;0.011
9673.2;0.013
9673.7;0.003
9674.2;0.012
9674.7;0.003
9675.2;0.011
9675.7;0.014
9676.2;0.009
9676.7;0.009
9677.2;0.005
9677.7;0.012
9678.2;0.009
9678.7;0.006
9679.2;0.005
9679.7;0.009
9680.2;0.01
9680.7;0.009
9681.2;0.005
9681.7;0.014
9682.2;0.016
9682.7;0.008
9683.2;0.011
9683.7;0.006
9684.2;0.024
9684.7;0.01
9685.2;0.008
9685.7;0.002
9686.2;0.019
9686.7;0.005
9687.2;0.005
9687.7;0.004
9688.2;0.007
9688.7;0.007
9689.2;0.005
9689.7;0.008
9690.2;0.008
9690.7;0.011
9691.2;0.009
9691.7;0.012
9692.2;0.002
9692.7;0.015
9693.2;0.02
9693.7;0.0
9694.2;0.006
9694.7;0.007
9695.2;0.007
9695.7;0.002
9696.2;0.008
9696.7;0.004
9697.2;0.008
9697.7;0.008
9698.2;0.012
9698.7;0.009
9699.2;0.006
9699.7;0.008
9700.2;0.007
9700.7;0.012
9701.2;0.014
9701.7;0.005
9702.2;0.004
9702.7;0.005
9703.2;0.012
9703.7;0.008
9704.2;0.011
9704.7;0.005
9705.2;0.008
9705.7;0.003
9706.2;0.004
9706.7;0.008
9707.2;0.015
9707.7;0.007
9708.2;0.006
9708.7;0.008
9709.2;0.006
9709.7;0.01
9710.2;0.018
9710.7;0.014
9711.2;0.013
9711.7;0.008
9712.2;0.008
9712.7;0.003
9713.2;0.008
9713.7;0.002
9714.2;0.003
9714.7;0.01
9715.2;0.012
9715.7;0.011
9716.2;0.009
9716.7;0.002
9717.2;0.005
9717.7;0.009
9718.2;0.007
9718.7;0.005
9719.2;0.006
9719.7;0.005
9720.2;0.01
9720.7;0.013
9721.2;0.004
9721.7;0.008
9722.2;0.007
9722.7;0.018
9723.2;0.002
9723.7;0.006
9724.2;0.009
9724.7;0.01
9725.2;0.013
9725.7;0.01
9726.2;0.012
9726.7;0.009
9727.2;0.008
9727.7;0.002
9728.2;0.007
9728.7;0.016
9729.2;0.014
9729.7;0.006
9730.2;0.005
9730.7;0.005
9731.2;0.014
9731.7;0.01
9732.2;0.006
9732.7;0.006
9733.2;0.007
9733.7;0.007
9734.2;0.011
9734.7;0.008
9735.2;0.006
9735.7;0.01
9736.2;0.012
9736.7;0.009
9737.2;0.011
9737.7;0.012
9738.2;0.008
9738.7;0.012
9739.2;0.005
9739.7;0.017
9740.2;0.018
9740.7;0.012
9741.2;0.013
9741.7;0.008
9742.2;0.011
9742.7;0.011
9743.2;0.006
9743.7;0.01
9744.2;0.013
9744.7;0.019
9745.2;0.003
9745.7;0.008
9746.2;0.007
9746.7;0.008
9747.2;0.019
9747.7;0.012
9748.2;0.013
9748.7;0.009
9749.2;0.01
9749.7;0.001
9750.2;0.004
9750.7;0.012
9751.2;0.011
9751.7;0.008
9752.2;0.008
9752.7;0.007
9753.2;0.013
9753.7;0.004
9754.2;0.01
9754.7;0.008
9755.2;0.017
9755.7;0.021
9756.2;0.019
9756.7;0.014
9757.2;0.003
9757.7;0.007
9758.2;0.013
9758.7;0.008
9759.2;0.006
9759.7;0.016
9760.2;0.009
9760.7;0.009
9761.2;0.002
9761.7;0.011
9762.2;0.006
9762.7;0.012
9763.2;0.011
9763.7;0.012
9764.2;0.005
9764.7;0.012
9765.2;0.007
9765.7;0.009
9766.2;0.002
9766.7;0.011
9767.2;0.004
9767.7;0.001
9768.2;0.007
9768.7;0.004
9769.2;0.007
9769.7;0.01
9770.2;0.014
9770.7;0.018
9771.2;0.015
9771.7;0.006
9772.2;0.013
9772.7;0.008
9773.2;0.019
9773.7;0.011
9774.2;0.013
9774.7;0.009
9775.2;0.014
9775.7;0.005
9776.2;0.014
9776.7;0.004
9777.2;0.006
9777.7;0.016
9778.2;0.004
9778.7;0.01
9779.2;0.007
9779.7;0.015
9780.2;0.015
9780.7;0.006
9781.2;0.005
9781.7;0.011
9782.2;0.007
9782.7;0.004
9783.2;0.002
9783.7;0.013
9784.2;0.023
9784.7;0.021
9785.2;0.004
9785.7;0.01
9786.2;0.004
9786.7;0.008
9787.2;0.008
9787.7;0.009
9788.2;0.011
9788.7;0.004
9789.2;0.014
9789.7;0.011
9790.2;0.016
9790.7;0.002
9791.2;0.006
9791.7;0.005
9792.2;0.008
9792.7;0.01
9793.2;0.006
9793.7;0.011
9794.2;0.011
9794.7;0.004
9795.2;0.006
9795.7;0.007
9796.2;0.017
9796.7;0.01
9797.2;0.006
9797.7;0.014
9798.2;0.008
9798.7;0.01
9799.2;0.006
9799.7;0.003
9800.2;0.005
9800.7;0.01
9801.2;0.003
9801.7;0.01
9802.2;0.01
9802.7;0.006
9803.2;0.013
9803.7;0.015
9804.2;0.014
9804.7;0.006
9805.2;0.01
9805.7;0.006
9806.2;0.006
9806.7;0.002
9807.2;0.009
9807.7;0.019
9808.2;0.005
9808.7;0.009
9809.2;0.012
9809.7;0.013
9810.2;0.012
9810.7;0.003
9811.2;0.003
9811.7;0.01
9812.2;0.007
9812.7;0.003
9813.2;0.003
9813.7;0.015
9814.2;0.008
9814.7;0.012
9815.2;0.014
9815.7;0.006
9816.2;0.002
9816.7;0.013
9817.2;0.002
9817.7;0.006
9818.2;0.004
9818.7;0.019
9819.2;0.01
9819.7;0.006
9820.2;0.006
9820.7;0.013
9821.2;0.016
9821.7;0.002
9822.2;0.01
9822.7;0.009
9823.2;0.003
9823.7;0.006
9824.2;0.01
9824.7;0.008
9825.2;0.016
9825.7;0.015
9826.2;0.005
9826.7;0.002
9827.2;0.001
9827.7;0.001
9828.2;0.004
9828.7;0.009
9829.2;0.008
9829.7;0.007
9830.2;0.003
9830.7;0.01
9831.2;0.013
9831.7;0.008
9832.2;0.019
9832.7;0.006
9833.2;0.014
9833.7;0.007
9834.2;0.012
9834.7;0.01
9835.2;0.007
9835.7;0.005
9836.2;0.005
9836.7;0.007
9837.2;0.004
9837.7;0.007
9838.2;0.011
9838.7;0.003
9839.2;0.014
9839.7;0.004
9840.2;0.012
9840.7;0.0
9841.2;0.005
9841.7;0.006
9842.2;0.009
9842.7;0.008
9843.2;0.012
9843.7;0.007
9844.2;0.014
9844.7;0.011
9845.2;0.021
9845.7;0.008
9846.2;0.004
9846.7;0.015
9847.2;0.007
9847.7;0.008
9848.2;0.011
9848.7;0.002
9849.2;0.004
9849.7;0.011
9850.2;0.014
9850.7;0.006
9851.2;0.009
9851.7;0.008
9852.2;0.004
9852.7;0.012
9853.2;0.009
9853.7;0.005
9854.2;0.005
9854.7;0.011
9855.2;0.016
9855.7;0.003
9856.2;0.008
9856.7;0.004
9857.2;0.004
9857.7;0.014
9858.2;0.006
9858.7;0.005
9859.2;0.003
9859.7;0.012
9860.2;0.005
9860.7;0.005
9861.2;0.012
9861.7;0.012
9862.2;0.001
9862.7;0.01
9863.2;0.018
9863.7;0.01
9864.2;0.012
9864.7;0.005
9865.2;0.003
9865.7;0.006
9866.2;0.004
9866.7;0.007
9867.2;0.001
9867.7;0.01
9868.2;0.002
9868.7;0.015
9869.2;0.007
9869.7;0.011
9870.2;0.009
9870.7;0.003
9871.2;0.008
9871.7;0.001
9872.2;0.005
9872.7;0.011
9873.2;0.003
9873.7;0.004
9874.2;0.002
9874.7;0.005
9875.2;0.008
9875.7;0.013
9876.2;0.012
9876.7;0.01
9877.2;0.015
9877.7;0.002
9878.2;0.003
9878.7;0.006
9879.2;0.006
9879.7;0.007
9880.2;0.014
9880.7;0.008
9881.2;0.022
9881.7;0.01
9882.2;0.008
9882.7;0.011
9883.2;0.009
9883.7;0.01
9884.2;0.005
9884.7;0.013
9885.2;0.012
9885.7;0.009
9886.2;0.009
9886.7;0.009
9887.2;0.006
9887.7;0.008
9888.2;0.005
9888.7;0.006
9889.2;0.005
9889.7;0.014
9890.2;0.011
9890.7;0.01
9891.2;0.013
9891.7;0.007
9892.2;0.008
9892.7;0.007
9893.2;0.008
9893.7;0.006
9894.2;0.011
9894.7;0.01
9895.2;0.019
9895.7;0.017
9896.2;0.014
9896.7;0.011
9897.2;0.012
9897.7;0.008
9898.2;0.004
9898.7;0.011
9899.2;0.007
9899.7;0.005
9900.2;0.008
9900.7;0.018
9901.2;0.005
9901.7;0.008
9902.2;0.008
9902.7;0.008
9903.2;0.009
9903.7;0.003
9904.2;0.013
9904.7;0.009
9905.2;0.012
9905.7;0.012
9906.2;0.01
9906.7;0.011
9907.2;0.009
9907.7;0.006
9908.2;0.005
9908.7;0.007
9909.2;0.011
9909.7;0.003
9910.2;0.013
9910.7;0.014
9911.2;0.007
9911.7;0.003
9912.2;0.009
9912.7;0.013
9913.2;0.008
9913.7;0.004
9914.2;0.004
9914.7;0.004
9915.2;0.004
9915.7;0.012
9916.2;0.004
9916.7;0.008
9917.2;0.005
9917.7;0.008
9918.2;0.004
9918.7;0.019
9919.2;0.011
9919.7;0.004
9920.2;0.011
9920.7;0.009
9921.2;0.007
9921.7;0.01
9922.2;0.01
9922.7;0.014
9923.2;0.016
9923.7;0.014
9924.2;0.007
9924.7;0.008
9925.2;0.014
9925.7;0.012
9926.2;0.007
9926.7;0.003
9927.2;0.002
9927.7;0.005
9928.2;0.009
9928.7;0.001
9929.2;0.01
9929.7;0.01
9930.2;0.017
9930.7;0.004
9931.2;0.007
9931.7;0.009
9932.2;0.004
9932.7;0.013
9933.2;0.01
9933.7;0.009
9934.2;0.001
9934.7;0.005
9935.2;0.01
9935.7;0.013
9936.2;0.01
9936.7;0.013
9937.2;0.0
9937.7;0.005
9938.2;0.007
9938.7;0.014
9939.2;0.008
9939.7;0.009
9940.2;0.019
9940.7;0.006
9941.2;0.003
9941.7;0.007
9942.2;0.017
9942.7;0.012
9943.2;0.012
9943.7;0.005
9944.2;0.007
9944.7;0.01
9945.2;0.011
9945.7;0.008
9946.2;0.009
9946.7;0.007
9947.2;0.018
9947.7;0.01
9948.2;0.004
9948.7;0.004
9949.2;0.013
9949.7;0.011
9950.2;0.009
9950.7;0.008
9951.2;0.006
9951.7;0.016
9952.2;0.009
9952.7;0.005
9953.2;0.012
9953.7;0.01
9954.2;0.008
9954.7;0.008
9955.2;0.011
9955.7;0.009
9956.2;0.009
9956.7;0.01
9957.2;0.017
9957.7;0.005
9958.2;0.016
9958.7;0.005
9959.2;0.008
9959.7;0.011
9960.2;0.005
9960.7;0.017
9961.2;0.01
9961.7;0.015
9962.2;0.009
9962.7;0.006
9963.2;0.017
9963.7;0.007
9964.2;0.005
9964.7;0.02
9965.2;0.015
9965.7;0.009
9966.2;0.014
9966.7;0.008
9967.2;0.015
9967.7;0.006
9968.2;0.005
9968.7;0.009
9969.2;0.01
9969.7;0.003
9970.2;0.006
9970.7;0.003
9971.2;0.02
9971.7;0.01
9972.2;0.008
9972.7;0.016
9973.2;0.01
9973.7;0.011
9974.2;0.013
9974.7;0.004
9975.2;0.013
9975.7;0.006
9976.2;0.004
9976.7;0.007
9977.2;0.011
9977.7;0.006
9978.2;0.009
9978.7;0.013
9979.2;0.007
9979.7;0.002
9980.2;0.006
9980.7;0.004
9981.2;0.005
9981.7;0.006
9982.2;0.002
9982.7;0.009
9983.2;0.004
9983.7;0.007
9984.2;0.007
9984.7;0.006
9985.2;0.01
9985.7;0.009
9986.2;0.01
9986.7;0.006
9987.2;0.009
9987.7;0.017
9988.2;0.012
9988.7;0.003
9989.2;0.012
9989.7;0.019
9990.2;0.005
9990.7;0.009
9991.2;0.004
9991.7;0.015
9992.2;0.018
9992.7;0.005
9993.2;0.012
9993.7;0.005
9994.2;0.002
9994.7;0.013
9995.2;0.023
9995.7;0.003
9996.2;0.008
9996.7;0.012
9997.2;0.017
9997.7;0.019
9998.2;0.008
9998.7;0.009
9999.2;0.003
9999.7;0.004
10000.2;0.008
10000.7;0.007
10001.2;0.013
10001.7;0.005
10002.2;0.007
10002.7;0.005
10003.2;0.014
10003.7;0.004
10004.2;0.006
10004.7;0.005
10005.2;0.018
10005.7;0.015
10006.2;0.007
10006.7;0.006
10007.2;0.007
10007.7;0.002
10008.2;0.012
10008.7;0.009
10009.2;0.006
10009.7;0.009
10010.2;0.009
10010.7;0.012
10011.2;0.012
10011.7;0.011
10012.2;0.009
10012.7;0.01
10013.2;0.009
10013.7;0.003
10014.2;0.003
10014.7;0.016
10015.2;0.002
10015.7;0.002
10016.2;0.002
10016.7;0.01
10017.2;0.012
10017.7;0.006
10018.2;0.01
10018.7;0.008
10019.2;0.006
10019.7;0.016
10020.2;0.015
10020.7;0.013
10021.2;0.01
10021.7;0.005
10022.2;0.009
10022.7;0.01
10023.2;0.008
10023.7;0.006
10024.2;0.011
10024.7;0.008
10025.2;0.008
10025.7;0.006
10026.2;0.014
10026.7;0.007
10027.2;0.006
10027.7;0.009
10028.2;0.011
10028.7;0.007
10029.2;0.007
10029.7;0.009
10030.2;0.013
10030.7;0.004
10031.2;0.021
10031.7;0.009
10032.2;0.009
10032.7;0.003
10033.2;0.01
10033.7;0.007
10034.2;0.005
10034.7;0.011
10035.2;0.014
10035.7;0.011
10036.2;0.01
10036.7;0.005
10037.2;0.007
10037.7;0.013
10038.2;0.005
10038.7;0.012
10039.2;0.008
10039.7;0.01
10040.2;0.017
10040.7;0.005
10041.2;0.008
10041.7;0.006
10042.2;0.006
10042.7;0.009
10043.2;0.003
10043.7;0.008
10044.2;0.006
10044.7;0.007
10045.2;0.01
10045.7;0.012
10046.2;0.011
10046.7;0.007
10047.2;0.011
10047.7;0.014
10048.2;0.008
10048.7;0.011
10049.2;0.002
10049.7;0.008
10050.2;0.004
10050.7;0.008
10051.2;0.012
10051.7;0.012
10052.2;0.009
10052.7;0.007
10053.2;0.007
10053.7;0.013
10054.2;0.01
10054.7;0.015
10055.2;0.005
10055.7;0.01
10056.2;0.006
10056.7;0.002
10057.2;0.007
10057.7;0.006
10058.2;0.003
10058.7;0.012
10059.2;0.007
10059.7;0.004
10060.2;0.016
10060.7;0.011
10061.2;0.002
10061.7;0.007
10062.2;0.007
10062.7;0.006
10063.2;0.005
10063.7;0.005
10064.2;0.005
10064.7;0.008
10065.2;0.009
10065.7;0.006
10066.2;0.022
10066.7;0.007
10067.2;0.001
10067.7;0.004
10068.2;0.009
10068.7;0.003
10069.2;0.009
10069.7;0.012
10070.2;0.005
10070.7;0.013
10071.2;0.006
10071.7;0.008
10072.2;0.008
10072.7;0.005
10073.2;0.007
10073.7;0.007
10074.2;0.017
10074.7;0.008
10075.2;0.006
10075.7;0.009
10076.2;0.012
10076.7;0.001
10077.2;0.012
10077.7;0.015
10078.2;0.005
10078.7;0.013
10079.2;0.012
10079.7;0.016
10080.2;0.017
10080.7;0.006
10081.2;0.004
10081.7;0.005
10082.2;0.01
10082.7;0.007
10083.2;0.005
10083.7;0.006
10084.2;0.009
10084.7;0.006
10085.2;0.012
10085.7;0.004
10086.2;0.009
10086.7;0.018
10087.2;0.011
10087.7;0.008
10088.2;0.013
10088.7;0.012
10089.2;0.008
10089.7;0.005
10090.2;0.015
10090.7;0.004
10091.2;0.005
10091.7;0.012
10092.2;0.002
10092.7;0.003
10093.2;0.009
10093.7;0.003
10094.2;0.01
10094.7;0.013
10095.2;0.004
10095.7;0.009
10096.2;0.004
10096.7;0.007
10097.2;0.01
10097.7;0.01
10098.2;0.015
10098.7;0.015
10099.2;0.01
10099.7;0.007
10100.2;0.009
10100.7;0.009
10101.2;0.003
10101.7;0.003
10102.2;0.001
10102.7;0.005
10103.2;0.009
10103.7;0.009
10104.2;0.008
10104.7;0.006
10105.2;0.017
10105.7;0.005
10106.2;0.011
10106.7;0.01
10107.2;0.007
10107.7;0.005
10108.2;0.012
10108.7;0.015
10109.2;0.005
10109.7;0.009
10110.2;0.004
10110.7;0.014
10111.2;0.004
10111.7;0.004
10112.2;0.007
10112.7;0.004
10113.2;0.011
10113.7;0.01
10114.2;0.014
10114.7;0.013
10115.2;0.014
10115.7;0.013
10116.2;0.013
10116.7;0.003
10117.2;0.012
10117.7;0.005
10118.2;0.008
10118.7;0.008
10119.2;0.003
10119.7;0.006
10120.2;0.01
10120.7;0.004
10121.2;0.012
10121.7;0.009
10122.2;0.006
10122.7;0.009
10123.2;0.003
10123.7;0.003
10124.2;0.009
10124.7;0.013
10125.2;0.007
10125.7;0.005
10126.2;0.004
10126.7;0.007
10127.2;0.004
10127.7;0.006
10128.2;0.003
10128.7;0.002
10129.2;0.006
10129.7;0.008
10130.2;0.014
10130.7;0.01
10131.2;0.008
10131.7;0.006
10132.2;0.016
10132.7;0.006
10133.2;0.003
10133.7;0.012
10134.2;0.014
10134.7;0.003
10135.2;0.008
10135.7;0.008
10136.2;0.004
10136.7;0.01
10137.2;0.003
10137.7;0.004
10138.2;0.01
10138.7;0.008
10139.2;0.006
10139.7;0.003
10140.2;0.008
10140.7;0.002
10141.2;0.003
10141.7;0.015
10142.2;0.006
10142.7;0.009
10143.2;0.011
10143.7;0.013
10144.2;0.008
10144.7;0.006
10145.2;0.011
10145.7;0.01
10146.2;0.007
10146.7;0.004
10147.2;0.005
10147.7;0.009
10148.2;0.006
10148.7;0.006
10149.2;0.016
10149.7;0.007
10150.2;0.007
10150.7;0.005
10151.2;0.01
10151.7;0.012
10152.2;0.002
10152.7;0.018
10153.2;0.0
10153.7;0.012
10154.2;0.004
10154.7;0.015
10155.2;0.008
10155.7;0.014
10156.2;0.001
10156.7;0.007
10157.2;0.006
10157.7;0.005
10158.2;0.004
10158.7;0.009
10159.2;0.008
10159.7;0.006
10160.2;0.004
10160.7;0.008
10161.2;0.006
10161.7;0.004
10162.2;0.009
10162.7;0.012
10163.2;0.002
10163.7;0.003
10164.2;0.01
10164.7;0.006
10165.2;0.006
10165.7;0.006
10166.2;0.009
10166.7;0.004
10167.2;0.007
10167.7;0.008
10168.2;0.01
10168.7;0.003
10169.2;0.005
10169.7;0.008
10170.2;0.002
10170.7;0.004
10171.2;0.007
10171.7;0.004
10172.2;0.006
10172.7;0.008
10173.2;0.005
10173.7;0.012
10174.2;0.02
10174.7;0.006
10175.2;0.006
10175.7;0.006
10176.2;0.002
10176.7;0.003
10177.2;0.009
10177.7;0.006
10178.2;0.003
10178.7;0.001
10179.2;0.014
10179.7;0.006
10180.2;0.004
10180.7;0.021
10181.2;0.007
10181.7;0.015
10182.2;0.014
10182.7;0.003
10183.2;0.01
10183.7;0.012
10184.2;0.007
10184.7;0.014
10185.2;0.008
10185.7;0.008
10186.2;0.007
10186.7;0.004
10187.2;0.009
10187.7;0.009
10188.2;0.001
10188.7;0.006
10189.2;0.002
10189.7;0.015
10190.2;0.003
10190.7;0.003
10191.2;0.006
10191.7;0.002
10192.2;0.003
10192.7;0.009
10193.2;0.01
10193.7;0.005
10194.2;0.01
10194.7;0.006
10195.2;0.011
10195.7;0.013
10196.2;0.006
10196.7;0.002
10197.2;0.006
10197.7;0.003
10198.2;0.012
10198.7;0.002
10199.2;0.022
10199.7;0.011
10200.2;0.006
10200.7;0.003
10201.2;0.01
10201.7;0.012
10202.2;0.022
10202.7;0.009
10203.2;0.006
10203.7;0.016
10204.2;0.009
10204.7;0.009
10205.2;0.004
10205.7;0.01
10206.2;0.004
10206.7;0.015
10207.2;0.014
10207.7;0.004
10208.2;0.007
10208.7;0.011
10209.2;0.012
10209.7;0.005
10210.2;0.013
10210.7;0.014
10211.2;0.014
10211.7;0.013
10212.2;0.008
10212.7;0.011
10213.2;0.003
10213.7;0.003
10214.2;0.008
10214.7;0.011
10215.2;0.006
10215.7;0.005
10216.2;0.014
10216.7;0.008
10217.2;0.012
10217.7;0.009
10218.2;0.006
10218.7;0.006
10219.2;0.01
10219.7;0.002
10220.2;0.002
10220.7;0.008
10221.2;0.009
10221.7;0.012
10222.2;0.007
10222.7;0.002
10223.2;0.01
10223.7;0.008
10224.2;0.008
10224.7;0.008
10225.2;0.009
10225.7;0.004
10226.2;0.007
10226.7;0.005
10227.2;0.004
10227.7;0.002
10228.2;0.01
10228.7;0.018
10229.2;0.006
10229.7;0.006
10230.2;0.0
10230.7;0.008
10231.2;0.008
10231.7;0.007
10232.2;0.017
10232.7;0.006
10233.2;0.006
10233.7;0.003
10234.2;0.005
10234.7;0.005
10235.2;0.013
10235.7;0.02
10236.2;0.016
10236.7;0.013
10237.2;0.003
10237.7;0.007
10238.2;0.006
10238.7;0.011
10239.2;0.004
10239.7;0.015
10240.2;0.006
10240.7;0.007
10241.2;0.011
10241.7;0.018
10242.2;0.005
10242.7;0.004
10243.2;0.008
10243.7;0.011
10244.2;0.005
10244.7;0.013
10245.2;0.013
10245.7;0.009
10246.2;0.017
10246.7;0.006
10247.2;0.009
10247.7;0.009
10248.2;0.008
10248.7;0.012
10249.2;0.006
10249.7;0.017
10250.2;0.008
10250.7;0.009
10251.2;0.011
10251.7;0.004
10252.2;0.002
10252.7;0.009
10253.2;0.013
10253.7;0.008
10254.2;0.007
10254.7;0.008
10255.2;0.005
10255.7;0.006
10256.2;0.016
10256.7;0.008
10257.2;0.012
10257.7;0.008
10258.2;0.004
10258.7;0.004
10259.2;0.011
10259.7;0.009
10260.2;0.005
10260.7;0.009
10261.2;0.004
10261.7;0.009
10262.2;0.008
10262.7;0.007
10263.2;0.007
10263.7;0.004
10264.2;0.014
10264.7;0.013
10265.2;0.011
10265.7;0.005
10266.2;0.003
10266.7;0.001
10267.2;0.009
10267.7;0.008
10268.2;0.007
10268.7;0.011
10269.2;0.006
10269.7;0.004
10270.2;0.009
10270.7;0.004
10271.2;0.008
10271.7;0.001
10272.2;0.005
10272.7;0.012
10273.2;0.004
10273.7;0.008
10274.2;0.006
10274.7;0.004
10275.2;0.009
10275.7;0.001
10276.2;0.012
10276.7;0.008
10277.2;0.005
10277.7;0.013
10278.2;0.005
10278.7;0.006
10279.2;0.004
10279.7;0.006
10280.2;0.018
10280.7;0.003
10281.2;0.005
10281.7;0.006
10282.2;0.005
10282.7;0.002
10283.2;0.007
10283.7;0.009
10284.2;0.005
10284.7;0.008
10285.2;0.007
10285.7;0.011
10286.2;0.01
10286.7;0.009
10287.2;0.01
10287.7;0.011
10288.2;0.003
10288.7;0.011
10289.2;0.003
10289.7;0.005
10290.2;0.015
10290.7;0.007
10291.2;0.006
10291.7;0.008
10292.2;0.003
10292.7;0.005
10293.2;0.003
10293.7;0.012
10294.2;0.005
10294.7;0.01
10295.2;0.012
10295.7;0.011
10296.2;0.015
10296.7;0.012
10297.2;0.008
10297.7;0.005
10298.2;0.002
10298.7;0.011
10299.2;0.008
10299.7;0.01
10300.2;0.005
10300.7;0.011
10301.2;0.005
10301.7;0.006
10302.2;0.003
10302.7;0.004
10303.2;0.015
10303.7;0.007
10304.2;0.004
10304.7;0.011
10305.2;0.009
10305.7;0.01
10306.2;0.007
10306.7;0.004
10307.2;0.007
10307.7;0.013
10308.2;0.01
10308.7;0.01
10309.2;0.006
10309.7;0.003
10310.2;0.006
10310.7;0.016
10311.2;0.006
10311.7;0.005
10312.2;0.005
10312.7;0.005
10313.2;0.015
10313.7;0.005
10314.2;0.015
10314.7;0.01
10315.2;0.005
10315.7;0.004
10316.2;0.007
10316.7;0.006
10317.2;0.011
10317.7;0.006
10318.2;0.005
10318.7;0.013
10319.2;0.012
10319.7;0.014
10320.2;0.013
10320.7;0.012
10321.2;0.009
10321.7;0.004
10322.2;0.007
10322.7;0.009
10323.2;0.015
10323.7;0.004
10324.2;0.008
10324.7;0.003
10325.2;0.005
10325.7;0.011
10326.2;0.004
10326.7;0.015
10327.2;0.001
10327.7;0.01
10328.2;0.007
10328.7;0.001
10329.2;0.002
10329.7;0.006
10330.2;0.002
10330.7;0.007
10331.2;0.011
10331.7;0.009
10332.2;0.005
10332.7;0.005
10333.2;0.001
10333.7;0.009
10334.2;0.009
10334.7;0.015
10335.2;0.011
10335.7;0.013
10336.2;0.011
10336.7;0.008
10337.2;0.014
10337.7;0.009
10338.2;0.008
10338.7;0.007
10339.2;0.005
10339.7;0.004
10340.2;0.017
10340.7;0.007
10341.2;0.007
10341.7;0.004
10342.2;0.002
10342.7;0.016
10343.2;0.008
10343.7;0.008
10344.2;0.013
10344.7;0.011
10345.2;0.01
10345.7;0.006
10346.2;0.005
10346.7;0.004
10347.2;0.002
10347.7;0.003
10348.2;0.013
10348.7;0.002
10349.2;0.013
10349.7;0.004
10350.2;0.009
10350.7;0.004
10351.2;0.003
10351.7;0.005
10352.2;0.006
10352.7;0.011
10353.2;0.009
10353.7;0.004
10354.2;0.001
10354.7;0.006
10355.2;0.01
10355.7;0.009
10356.2;0.01
10356.7;0.018
10357.2;0.014
10357.7;0.009
10358.2;0.001
10358.7;0.009
10359.2;0.001
10359.7;0.012
10360.2;0.007
10360.7;0.006
10361.2;0.004
10361.7;0.008
10362.2;0.011
10362.7;0.004
10363.2;0.001
10363.7;0.009
10364.2;0.02
10364.7;0.01
10365.2;0.008
10365.7;0.012
10366.2;0.011
10366.7;0.02
10367.2;0.016
10367.7;0.009
10368.2;0.004
10368.7;0.003
10369.2;0.017
10369.7;0.003
10370.2;0.013
10370.7;0.005
10371.2;0.011
10371.7;0.008
10372.2;0.014
10372.7;0.003
10373.2;0.011
10373.7;0.02
10374.2;0.009
10374.7;0.013
10375.2;0.01
10375.7;0.005
10376.2;0.007
10376.7;0.006
10377.2;0.009
10377.7;0.011
10378.2;0.002
10378.7;0.011
10379.2;0.004
10379.7;0.006
10380.2;0.01
10380.7;0.014
10381.2;0.004
10381.7;0.015
10382.2;0.007
10382.7;0.005
10383.2;0.002
10383.7;0.014
10384.2;0.008
10384.7;0.003
10385.2;0.008
10385.7;0.008
10386.2;0.006
10386.7;0.005
10387.2;0.004
10387.7;0.003
10388.2;0.002
10388.7;0.005
10389.2;0.004
10389.7;0.01
10390.2;0.013
10390.7;0.004
10391.2;0.007
10391.7;0.013
10392.2;0.012
10392.7;0.011
10393.2;0.009
10393.7;0.014
10394.2;0.009
10394.7;0.003
10395.2;0.009
10395.7;0.011
10396.2;0.015
10396.7;0.006
10397.2;0.015
10397.7;0.005
10398.2;0.009
10398.7;0.012
10399.2;0.003
10399.7;0.005
10400.2;0.017
10400.7;0.007
10401.2;0.008
10401.7;0.014
10402.2;0.011
10402.7;0.005
10403.2;0.006
10403.7;0.001
10404.2;0.007
10404.7;0.011
10405.2;0.004
10405.7;0.011
10406.2;0.006
10406.7;0.006
10407.2;0.009
10407.7;0.005
10408.2;0.017
10408.7;0.011
10409.2;0.015
10409.7;0.013
10410.2;0.009
10410.7;0.013
10411.2;0.006
10411.7;0.009
10412.2;0.01
10412.7;0.009
10413.2;0.005
10413.7;0.009
10414.2;0.006
10414.7;0.01
10415.2;0.005
10415.7;0.001
10416.2;0.005
10416.7;0.009
10417.2;0.008
10417.7;0.009
10418.2;0.006
10418.7;0.007
10419.2;0.006
10419.7;0.012
10420.2;0.004
10420.7;0.013
10421.2;0.007
10421.7;0.01
10422.2;0.01
10422.7;0.014
10423.2;0.007
10423.7;0.007
10424.2;0.004
10424.7;0.004
10425.2;0.009
10425.7;0.006
10426.2;0.007
10426.7;0.011
10427.2;0.008
10427.7;0.008
10428.2;0.002
10428.7;0.008
10429.2;0.011
10429.7;0.004
10430.2;0.006
10430.7;0.007
10431.2;0.003
10431.7;0.011
10432.2;0.003
10432.7;0.009
10433.2;0.01
10433.7;0.006
10434.2;0.009
10434.7;0.005
10435.2;0.011
10435.7;0.009
10436.2;0.011
10436.7;0.012
10437.2;0.004
10437.7;0.004
10438.2;0.007
10438.7;0.002
10439.2;0.009
10439.7;0.005
10440.2;0.007
10440.7;0.007
10441.2;0.014
10441.7;0.008
10442.2;0.01
10442.7;0.006
10443.2;0.002
10443.7;0.01
10444.2;0.007
10444.7;0.002
10445.2;0.013
10445.7;0.005
10446.2;0.011
10446.7;0.009
10447.2;0.007
10447.7;0.004
10448.2;0.004
10448.7;0.012
10449.2;0.007
10449.7;0.005
10450.2;0.009
10450.7;0.017
10451.2;0.014
10451.7;0.01
10452.2;0.009
10452.7;0.011
10453.2;0.007
10453.7;0.011
10454.2;0.005
10454.7;0.017
10455.2;0.005
10455.7;0.006
10456.2;0.003
10456.7;0.006
10457.2;0.01
10457.7;0.0
10458.2;0.004
10458.7;0.007
10459.2;0.008
10459.7;0.008
10460.2;0.006
10460.7;0.01
10461.2;0.007
10461.7;0.01
10462.2;0.01
10462.7;0.004
10463.2;0.012
10463.7;0.011
10464.2;0.006
10464.7;0.005
10465.2;0.009
10465.7;0.006
10466.2;0.01
10466.7;0.001
10467.2;0.005
10467.7;0.008
10468.2;0.008
10468.7;0.012
10469.2;0.017
10469.7;0.006
10470.2;0.01
10470.7;0.007
10471.2;0.009
10471.7;0.009
10472.2;0.01
10472.7;0.005
10473.2;0.001
10473.7;0.005
10474.2;0.007
10474.7;0.018
10475.2;0.011
10475.7;0.006
10476.2;0.008
10476.7;0.009
10477.2;0.003
10477.7;0.012
10478.2;0.001
10478.7;0.015
10479.2;0.01
10479.7;0.004
10480.2;0.007
10480.7;0.008
10481.2;0.003
10481.7;0.002
10482.2;0.011
10482.7;0.006
10483.2;0.006
10483.7;0.004
10484.2;0.003
10484.7;0.014
10485.2;0.01
10485.7;0.014
10486.2;0.003
10486.7;0.01
10487.2;0.008
10487.7;0.005
10488.2;0.005
10488.7;0.008
10489.2;0.005
10489.7;0.012
10490.2;0.008
10490.7;0.011
10491.2;0.005
10491.7;0.01
10492.2;0.009
10492.7;0.006
10493.2;0.009
10493.7;0.004
10494.2;0.003
10494.7;0.01
10495.2;0.008
10495.7;0.004
10496.2;0.003
10496.7;0.005
10497.2;0.008
10497.7;0.01
10498.2;0.007
10498.7;0.004
10499.2;0.016
10499.7;0.007
10500.2;0.001
10500.7;0.008
10501.2;0.008
10501.7;0.011
10502.2;0.012
10502.7;0.001
10503.2;0.003
10503.7;0.006
10504.2;0.01
10504.7;0.011
10505.2;0.009
10505.7;0.005
10506.2;0.008
10506.7;0.016
10507.2;0.003
10507.7;0.001
10508.2;0.013
10508.7;0.006
10509.2;0.015
10509.7;0.007
10510.2;0.006
10510.7;0.008
10511.2;0.009
10511.7;0.002
10512.2;0.01
10512.7;0.007
10513.2;0.003
10513.7;0.008
10514.2;0.011
10514.7;0.002
10515.2;0.003
10515.7;0.007
10516.2;0.012
10516.7;0.008
10517.2;0.004
10517.7;0.01
10518.2;0.005
10518.7;0.004
10519.2;0.008
10519.7;0.013
10520.2;0.004
10520.7;0.016
10521.2;0.013
10521.7;0.004
10522.2;0.004
10522.7;0.006
10523.2;0.009
10523.7;0.009
10524.2;0.005
10524.7;0.011
10525.2;0.003
10525.7;0.005
10526.2;0.007
10526.7;0.012
10527.2;0.008
10527.7;0.01
10528.2;0.005
10528.7;0.006
10529.2;0.018
10529.7;0.008
10530.2;0.011
10530.7;0.007
10531.2;0.008
10531.7;0.002
10532.2;0.008
10532.7;0.004
10533.2;0.011
10533.7;0.007
10534.2;0.011
10534.7;0.006
10535.2;0.007
10535.7;0.005
10536.2;0.008
10536.7;0.013
10537.2;0.013
10537.7;0.011
10538.2;0.012
10538.7;0.006
10539.2;0.014
10539.7;0.004
10540.2;0.003
10540.7;0.008
10541.2;0.006
10541.7;0.007
10542.2;0.008
10542.7;0.006
10543.2;0.006
10543.7;0.005
10544.2;0.011
10544.7;0.001
10545.2;0.002
10545.7;0.001
10546.2;0.01
10546.7;0.006
10547.2;0.002
10547.7;0.009
10548.2;0.005
10548.7;0.01
10549.2;0.008
10549.7;0.009
10550.2;0.003
10550.7;0.002
10551.2;0.006
10551.7;0.004
10552.2;0.006
10552.7;0.01
10553.2;0.004
10553.7;0.003
10554.2;0.002
10554.7;0.002
10555.2;0.006
10555.7;0.002
10556.2;0.006
10556.7;0.011
10557.2;0.011
10557.7;0.005
10558.2;0.014
10558.7;0.009
10559.2;0.011
10559.7;0.011
10560.2;0.016
10560.7;0.015
10561.2;0.014
10561.7;0.009
10562.2;0.001
10562.7;0.004
10563.2;0.01
10563.7;0.004
10564.2;0.011
10564.7;0.008
10565.2;0.013
10565.7;0.006
10566.2;0.007
10566.7;0.011
10567.2;0.005
10567.7;0.007
10568.2;0.008
10568.7;0.016
10569.2;0.009
10569.7;0.011
10570.2;0.008
10570.7;0.005
10571.2;0.014
10571.7;0.008
10572.2;0.007
10572.7;0.006
10573.2;0.009
10573.7;0.003
10574.2;0.009
10574.7;0.013
10575.2;0.008
10575.7;0.007
10576.2;0.015
10576.7;0.017
10577.2;0.014
10577.7;0.005
10578.2;0.005
10578.7;0.008
10579.2;0.004
10579.7;0.003
10580.2;0.016
10580.7;0.011
10581.2;0.003
10581.7;0.02
10582.2;0.003
10582.7;0.005
10583.2;0.009
10583.7;0.001
10584.2;0.007
10584.7;0.013
10585.2;0.008
10585.7;0.003
10586.2;0.003
10586.7;0.005
10587.2;0.01
10587.7;0.005
10588.2;0.005
10588.7;0.012
10589.2;0.013
10589.7;0.004
10590.2;0.002
10590.7;0.005
10591.2;0.003
10591.7;0.001
10592.2;0.008
10592.7;0.011
10593.2;0.006
10593.7;0.003
10594.2;0.002
10594.7;0.007
10595.2;0.007
10595.7;0.006
10596.2;0.012
10596.7;0.004
10597.2;0.007
10597.7;0.009
10598.2;0.004
10598.7;0.009
10599.2;0.005
10599.7;0.009
10600.2;0.004
10600.7;0.006
10601.2;0.01
10601.7;0.013
10602.2;0.006
10602.7;0.009
10603.2;0.016
10603.7;0.005
10604.2;0.006
10604.7;0.006
10605.2;0.006
10605.7;0.004
10606.2;0.004
10606.7;0.002
10607.2;0.009
10607.7;0.007
10608.2;0.014
10608.7;0.009
10609.2;0.005
10609.7;0.005
10610.2;0.009
10610.7;0.011
10611.2;0.013
10611.7;0.009
10612.2;0.01
10612.7;0.008
10613.2;0.006
10613.7;0.001
10614.2;0.012
10614.7;0.006
10615.2;0.012
10615.7;0.009
10616.2;0.001
10616.7;0.007
10617.2;0.005
10617.7;0.002
10618.2;0.004
10618.7;0.002
10619.2;0.004
10619.7;0.01
10620.2;0.009
10620.7;0.005
10621.2;0.001
10621.7;0.016
10622.2;0.005
10622.7;0.008
10623.2;0.01
10623.7;0.006
10624.2;0.012
10624.7;0.012
10625.2;0.007
10625.7;0.015
10626.2;0.015
10626.7;0.002
10627.2;0.01
10627.7;0.009
10628.2;0.012
10628.7;0.01
10629.2;0.007
10629.7;0.006
10630.2;0.004
10630.7;0.008
10631.2;0.002
10631.7;0.004
10632.2;0.008
10632.7;0.002
10633.2;0.007
10633.7;0.007
10634.2;0.004
10634.7;0.014
10635.2;0.008
10635.7;0.009
10636.2;0.007
10636.7;0.008
10637.2;0.014
10637.7;0.015
10638.2;0.013
10638.7;0.008
10639.2;0.006
10639.7;0.007
10640.2;0.006
10640.7;0.016
10641.2;0.007
10641.7;0.003
10642.2;0.009
10642.7;0.013
10643.2;0.007
10643.7;0.002
10644.2;0.018
10644.7;0.011
10645.2;0.004
10645.7;0.004
10646.2;0.017
10646.7;0.006
10647.2;0.006
10647.7;0.004
10648.2;0.009
10648.7;0.007
10649.2;0.004
10649.7;0.008
10650.2;0.013
10650.7;0.007
10651.2;0.005
10651.7;0.008
10652.2;0.002
10652.7;0.011
10653.2;0.001
10653.7;0.004
10654.2;0.005
10654.7;0.01
10655.2;0.007
10655.7;0.005
10656.2;0.004
10656.7;0.011
10657.2;0.003
10657.7;0.007
10658.2;0.008
10658.7;0.003
10659.2;0.007
10659.7;0.005
10660.2;0.002
10660.7;0.002
10661.2;0.012
10661.7;0.005
10662.2;0.01
10662.7;0.004
10663.2;0.005
10663.7;0.005
10664.2;0.007
10664.7;0.006
10665.2;0.007
10665.7;0.012
10666.2;0.003
10666.7;0.013
10667.2;0.001
10667.7;0.005
10668.2;0.011
10668.7;0.012
10669.2;0.015
10669.7;0.013
10670.2;0.002
10670.7;0.01
10671.2;0.006
10671.7;0.003
10672.2;0.009
10672.7;0.007
10673.2;0.01
10673.7;0.013
10674.2;0.005
10674.7;0.011
10675.2;0.005
10675.7;0.009
10676.2;0.002
10676.7;0.007
10677.2;0.011
10677.7;0.007
10678.2;0.012
10678.7;0.007
10679.2;0.009
10679.7;0.003
10680.2;0.004
10680.7;0.007
10681.2;0.011
10681.7;0.013
10682.2;0.007
10682.7;0.007
10683.2;0.007
10683.7;0.001
10684.2;0.013
10684.7;0.009
10685.2;0.003
10685.7;0.007
10686.2;0.009
10686.7;0.008
10687.2;0.003
10687.7;0.008
10688.2;0.001
10688.7;0.002
10689.2;0.008
10689.7;0.007
10690.2;0.006
10690.7;0.018
10691.2;0.001
10691.7;0.011
10692.2;0.008
10692.7;0.002
10693.2;0.014
10693.7;0.001
10694.2;0.008
10694.7;0.006
10695.2;0.011
10695.7;0.005
10696.2;0.006
10696.7;0.012
10697.2;0.01
10697.7;0.001
10698.2;0.01
10698.7;0.005
10699.2;0.01
10699.7;0.01
10700.2;0.012
10700.7;0.007
10701.2;0.001
10701.7;0.013
10702.2;0.008
10702.7;0.006
10703.2;0.002
10703.7;0.006
10704.2;0.007
10704.7;0.009
10705.2;0.011
10705.7;0.001
10706.2;0.005
10706.7;0.008
10707.2;0.003
10707.7;0.01
10708.2;0.01
10708.7;0.009
10709.2;0.007
10709.7;0.005
10710.2;0.007
10710.7;0.002
10711.2;0.006
10711.7;0.01
10712.2;0.005
10712.7;0.005
10713.2;0.01
10713.7;0.008
10714.2;0.02
10714.7;0.014
10715.2;0.011
10715.7;0.012
10716.2;0.013
10716.7;0.01
10717.2;0.012
10717.7;0.005
10718.2;0.007
10718.7;0.011
10719.2;0.011
10719.7;0.009
10720.2;0.004
10720.7;0.014
10721.2;0.008
10721.7;0.014
10722.2;0.007
10722.7;0.007
10723.2;0.011
10723.7;0.011
10724.2;0.013
10724.7;0.004
10725.2;0.009
10725.7;0.005
10726.2;0.003
10726.7;0.013
10727.2;0.0
10727.7;0.013
10728.2;0.007
10728.7;0.008
10729.2;0.007
10729.7;0.005
10730.2;0.014
10730.7;0.01
10731.2;0.007
10731.7;0.012
10732.2;0.003
10732.7;0.003
10733.2;0.005
10733.7;0.013
10734.2;0.003
10734.7;0.006
10735.2;0.01
10735.7;0.01
10736.2;0.008
10736.7;0.007
10737.2;0.004
10737.7;0.01
10738.2;0.011
10738.7;0.013
10739.2;0.007
10739.7;0.005
10740.2;0.007
10740.7;0.01
10741.2;0.003
10741.7;0.011
10742.2;0.004
10742.7;0.01
10743.2;0.015
10743.7;0.003
10744.2;0.005
10744.7;0.003
10745.2;0.009
10745.7;0.007
10746.2;0.003
10746.7;0.006
10747.2;0.009
10747.7;0.014
10748.2;0.011
10748.7;0.002
10749.2;0.009
10749.7;0.012
10750.2;0.003
10750.7;0.009
10751.2;0.008
10751.7;0.004
10752.2;0.004
10752.7;0.005
10753.2;0.003
10753.7;0.008
10754.2;0.009
10754.7;0.006
10755.2;0.01
10755.7;0.01
10756.2;0.005
10756.7;0.007
10757.2;0.01
10757.7;0.004
10758.2;0.012
10758.7;0.015
10759.2;0.007
10759.7;0.007
10760.2;0.003
10760.7;0.008
10761.2;0.005
10761.7;0.002
10762.2;0.009
10762.7;0.006
10763.2;0.006
10763.7;0.009
10764.2;0.004
10764.7;0.006
10765.2;0.004
10765.7;0.007
10766.2;0.001
10766.7;0.011
10767.2;0.008
10767.7;0.003
10768.2;0.006
10768.7;0.005
10769.2;0.004
10769.7;0.005
10770.2;0.014
10770.7;0.005
10771.2;0.014
10771.7;0.007
10772.2;0.004
10772.7;0.007
10773.2;0.011
10773.7;0.006
10774.2;0.014
10774.7;0.008
10775.2;0.006
10775.7;0.015
10776.2;0.012
10776.7;0.001
10777.2;0.01
10777.7;0.004
10778.2;0.004
10778.7;0.008
10779.2;0.003
10779.7;0.007
10780.2;0.003
10780.7;0.005
10781.2;0.006
10781.7;0.004
10782.2;0.006
10782.7;0.008
10783.2;0.007
10783.7;0.012
10784.2;0.01
10784.7;0.004
10785.2;0.012
10785.7;0.02
10786.2;0.004
10786.7;0.008
10787.2;0.007
10787.7;0.008
10788.2;0.008
10788.7;0.006
10789.2;0.02
10789.7;0.021
10790.2;0.005
10790.7;0.011
10791.2;0.006
10791.7;0.012
10792.2;0.007
10792.7;0.005
10793.2;0.009
10793.7;0.007
10794.2;0.008
10794.7;0.002
10795.2;0.009
10795.7;0.008
10796.2;0.004
10796.7;0.009
10797.2;0.02
10797.7;0.005
10798.2;0.003
10798.7;0.008
10799.2;0.011
10799.7;0.001
10800.2;0.009
10800.7;0.006
10801.2;0.007
10801.7;0.009
10802.2;0.0
10802.7;0.005
10803.2;0.005
10803.7;0.009
10804.2;0.012
10804.7;0.002
10805.2;0.019
10805.7;0.007
10806.2;0.013
10806.7;0.01
10807.2;0.013
10807.7;0.004
10808.2;0.004
10808.7;0.003
10809.2;0.009
10809.7;0.007
10810.2;0.004
10810.7;0.002
10811.2;0.005
10811.7;0.012
10812.2;0.011
10812.7;0.015
10813.2;0.009
10813.7;0.006
10814.2;0.011
10814.7;0.013
10815.2;0.006
10815.7;0.003
10816.2;0.006
10816.7;0.001
10817.2;0.015
10817.7;0.002
10818.2;0.011
10818.7;0.012
10819.2;0.008
10819.7;0.007
10820.2;0.006
10820.7;0.013
10821.2;0.003
10821.7;0.003
10822.2;0.0
10822.7;0.002
10823.2;0.008
10823.7;0.013
10824.2;0.005
10824.7;0.013
10825.2;0.011
10825.7;0.012
10826.2;0.016
10826.7;0.008
10827.2;0.006
10827.7;0.007
10828.2;0.006
10828.7;0.011
10829.2;0.009
10829.7;0.01
10830.2;0.006
10830.7;0.007
10831.2;0.007
10831.7;0.008
10832.2;0.012
10832.7;0.007
10833.2;0.007
10833.7;0.007
10834.2;0.009
10834.7;0.008
10835.2;0.009
10835.7;0.005
10836.2;0.01
10836.7;0.007
10837.2;0.017
10837.7;0.003
10838.2;0.006
10838.7;0.008
10839.2;0.004
10839.7;0.007
10840.2;0.007
10840.7;0.003
10841.2;0.012
10841.7;0.011
10842.2;0.003
10842.7;0.002
10843.2;0.009
10843.7;0.006
10844.2;0.007
10844.7;0.004
10845.2;0.004
10845.7;0.009
10846.2;0.007
10846.7;0.007
10847.2;0.002
10847.7;0.006
10848.2;0.006
10848.7;0.007
10849.2;0.005
10849.7;0.009
10850.2;0.007
10850.7;0.016
10851.2;0.005
10851.7;0.01
10852.2;0.007
10852.7;0.009
10853.2;0.006
10853.7;0.007
10854.2;0.013
10854.7;0.01
10855.2;0.003
10855.7;0.009
10856.2;0.013
10856.7;0.004
10857.2;0.014
10857.7;0.009
10858.2;0.003
10858.7;0.008
10859.2;0.008
10859.7;0.006
10860.2;0.005
10860.7;0.007
10861.2;0.01
10861.7;0.009
10862.2;0.008
10862.7;0.006
10863.2;0.008
10863.7;0.004
10864.2;0.002
10864.7;0.013
10865.2;0.01
10865.7;0.008
10866.2;0.007
10866.7;0.005
10867.2;0.006
10867.7;0.007
10868.2;0.008
10868.7;0.006
10869.2;0.004
10869.7;0.001
10870.2;0.004
10870.7;0.002
10871.2;0.007
10871.7;0.007
10872.2;0.008
10872.7;0.009
10873.2;0.007
10873.7;0.002
10874.2;0.006
10874.7;0.006
10875.2;0.006
10875.7;0.01
10876.2;0.003
10876.7;0.004
10877.2;0.007
10877.7;0.001
10878.2;0.005
10878.7;0.006
10879.2;0.01
10879.7;0.002
10880.2;0.01
10880.7;0.011
10881.2;0.012
10881.7;0.012
10882.2;0.012
10882.7;0.008
10883.2;0.007
10883.7;0.013
10884.2;0.011
10884.7;0.013
10885.2;0.008
10885.7;0.005
10886.2;0.01
10886.7;0.009
10887.2;0.004
10887.7;0.009
10888.2;0.005
10888.7;0.009
10889.2;0.002
10889.7;0.006
10890.2;0.006
10890.7;0.006
10891.2;0.013
10891.7;0.015
10892.2;0.001
10892.7;0.009
10893.2;0.005
10893.7;0.003
10894.2;0.012
10894.7;0.008
10895.2;0.008
10895.7;0.016
10896.2;0.011
10896.7;0.008
10897.2;0.006
10897.7;0.002
10898.2;0.011
10898.7;0.015
10899.2;0.015
10899.7;0.013
10900.2;0.008
10900.7;0.012
10901.2;0.011
10901.7;0.006
10902.2;0.009
10902.7;0.014
10903.2;0.003
10903.7;0.001
10904.2;0.01
10904.7;0.007
10905.2;0.009
10905.7;0.011
10906.2;0.01
10906.7;0.01
10907.2;0.009
10907.7;0.005
10908.2;0.001
10908.7;0.011
10909.2;0.02
10909.7;0.014
10910.2;0.009
10910.7;0.006
10911.2;0.009
10911.7;0.009
10912.2;0.003
10912.7;0.009
10913.2;0.013
10913.7;0.009
10914.2;0.002
10914.7;0.006
10915.2;0.019
10915.7;0.008
10916.2;0.005
10916.7;0.015
10917.2;0.013
10917.7;0.005
10918.2;0.015
10918.7;0.008
10919.2;0.012
10919.7;0.012
10920.2;0.009
10920.7;0.007
10921.2;0.009
10921.7;0.012
10922.2;0.01
10922.7;0.004
10923.2;0.01
10923.7;0.011
10924.2;0.005
10924.7;0.007
10925.2;0.006
10925.7;0.005
10926.2;0.011
10926.7;0.01
10927.2;0.018
10927.7;0.011
10928.2;0.009
10928.7;0.014
10929.2;0.01
10929.7;0.007
10930.2;0.01
10930.7;0.009
10931.2;0.008
10931.7;0.009
10932.2;0.006
10932.7;0.005
10933.2;0.008
10933.7;0.001
10934.2;0.005
10934.7;0.015
10935.2;0.008
10935.7;0.004
10936.2;0.009
10936.7;0.004
10937.2;0.005
10937.7;0.007
10938.2;0.009
10938.7;0.002
10939.2;0.013
10939.7;0.011
10940.2;0.003
10940.7;0.007
10941.2;0.014
10941.7;0.004
10942.2;0.009
10942.7;0.006
10943.2;0.005
10943.7;0.019
10944.2;0.008
10944.7;0.006
10945.2;0.013
10945.7;0.008
10946.2;0.017
10946.7;0.003
10947.2;0.01
10947.7;0.012
10948.2;0.011
10948.7;0.013
10949.2;0.014
10949.7;0.005
10950.2;0.003
10950.7;0.006
10951.2;0.008
10951.7;0.007
10952.2;0.002
10952.7;0.003
10953.2;0.002
10953.7;0.002
10954.2;0.005
10954.7;0.003
10955.2;0.008
10955.7;0.002
10956.2;0.01
10956.7;0.004
10957.2;0.015
10957.7;0.006
10958.2;0.007
10958.7;0.003
10959.2;0.01
10959.7;0.004
10960.2;0.006
10960.7;0.009
10961.2;0.011
10961.7;0.012
10962.2;0.011
10962.7;0.01
10963.2;0.006
10963.7;0.008
10964.2;0.016
10964.7;0.01
10965.2;0.004
10965.7;0.007
10966.2;0.007
10966.7;0.008
10967.2;0.017
10967.7;0.011
10968.2;0.008
10968.7;0.01
10969.2;0.01
10969.7;0.009
10970.2;0.007
10970.7;0.004
10971.2;0.005
10971.7;0.011
10972.2;0.006
10972.7;0.001
10973.2;0.012
10973.7;0.007
10974.2;0.004
10974.7;0.019
10975.2;0.013
10975.7;0.006
10976.2;0.014
10976.7;0.01
10977.2;0.011
10977.7;0.005
10978.2;0.012
10978.7;0.017
10979.2;0.012
10979.7;0.004
10980.2;0.009
10980.7;0.009
10981.2;0.003
10981.7;0.01
10982.2;0.004
10982.7;0.006
10983.2;0.007
10983.7;0.008
10984.2;0.011
10984.7;0.007
10985.2;0.007
10985.7;0.02
10986.2;0.009
10986.7;0.004
10987.2;0.009
10987.7;0.004
10988.2;0.009
10988.7;0.01
10989.2;0.007
10989.7;0.008
10990.2;0.014
10990.7;0.01
10991.2;0.006
10991.7;0.007
10992.2;0.008
10992.7;0.005
10993.2;0.006
10993.7;0.007
10994.2;0.001
10994.7;0.005
10995.2;0.008
10995.7;0.012
10996.2;0.012
10996.7;0.006
10997.2;0.006
10997.7;0.009
10998.2;0.011
10998.7;0.006
10999.2;0.007
10999.7;0.003
11000.2;0.004
11000.7;0.005
11001.2;0.007
11001.7;0.006
11002.2;0.008
11002.7;0.008
11003.2;0.006
11003.7;0.004
11004.2;0.018
11004.7;0.009
11005.2;0.017
11005.7;0.002
11006.2;0.006
11006.7;0.008
11007.2;0.026
11007.7;0.007
11008.2;0.011
11008.7;0.011
11009.2;0.013
11009.7;0.01
11010.2;0.01
11010.7;0.012
11011.2;0.019
11011.7;0.006
11012.2;0.01
11012.7;0.006
11013.2;0.006
11013.7;0.009
11014.2;0.013
11014.7;0.01
11015.2;0.007
11015.7;0.013
11016.2;0.01
11016.7;0.007
11017.2;0.005
11017.7;0.011
11018.2;0.012
11018.7;0.01
11019.2;0.003
11019.7;0.002
11020.2;0.004
11020.7;0.011
11021.2;0.018
11021.7;0.018
11022.2;0.005
11022.7;0.004
11023.2;0.012
11023.7;0.011
11024.2;0.006
11024.7;0.008
11025.3;0.014
11025.8;0.005
11026.3;0.011
11026.8;0.007
11027.3;0.003
11027.8;0.006
11028.3;0.004
11028.8;0.007
11029.3;0.017
11029.8;0.012
11030.3;0.012
11030.8;0.007
11031.3;0.005
11031.8;0.008
11032.3;0.015
11032.8;0.005
11033.3;0.015
11033.8;0.006
11034.3;0.009
11034.8;0.006
11035.3;0.002
11035.8;0.008
11036.3;0.014
11036.8;0.003
11037.3;0.004
11037.8;0.006
11038.3;0.013
11038.8;0.002
11039.3;0.009
11039.8;0.014
11040.3;0.002
11040.8;0.011
11041.3;0.006
11041.8;0.016
11042.3;0.004
11042.8;0.002
11043.3;0.008
11043.8;0.009
11044.3;0.006
11044.8;0.009
11045.3;0.011
11045.8;0.009
11046.3;0.007
11046.8;0.006
11047.3;0.003
11047.8;0.009
11048.3;0.002
11048.8;0.012
11049.3;0.014
11049.8;0.002
11050.3;0.007
11050.8;0.008
11051.3;0.005
11051.8;0.012
11052.3;0.01
11052.8;0.01
11053.3;0.007
11053.8;0.006
11054.3;0.008
11054.8;0.007
11055.3;0.005
11055.8;0.004
11056.3;0.001
11056.8;0.013
11057.3;0.005
11057.8;0.01
11058.3;0.01
11058.8;0.004
11059.3;0.006
11059.8;0.011
11060.3;0.01
11060.8;0.004
11061.3;0.005
11061.8;0.008
11062.3;0.011
11062.8;0.003
11063.3;0.011
11063.8;0.007
11064.3;0.003
11064.8;0.01
11065.3;0.001
11065.8;0.003
11066.3;0.003
11066.8;0.008
11067.3;0.01
11067.8;0.007
11068.3;0.007
11068.8;0.003
11069.3;0.002
11069.8;0.013
11070.3;0.007
11070.8;0.005
11071.3;0.011
11071.8;0.007
11072.3;0.006
11072.8;0.01
11073.3;0.002
11073.8;0.009
11074.3;0.007
11074.8;0.014
11075.3;0.008
11075.8;0.009
11076.3;0.013
11076.8;0.005
11077.3;0.006
11077.8;0.006
11078.3;0.015
11078.8;0.02
11079.3;0.007
11079.8;0.004
11080.3;0.005
11080.8;0.008
11081.3;0.007
11081.8;0.002
11082.3;0.003
11082.8;0.006
11083.3;0.01
11083.8;0.012
11084.3;0.001
11084.8;0.014
11085.3;0.004
11085.8;0.007
11086.3;0.007
11086.8;0.007
11087.3;0.003
11087.8;0.007
11088.3;0.009
11088.8;0.008
11089.3;0.011
11089.8;0.005
11090.3;0.006
11090.8;0.011
11091.3;0.012
11091.8;0.005
11092.3;0.01
11092.8;0.011
11093.3;0.008
11093.8;0.004
11094.3;0.004
11094.8;0.004
11095.3;0.008
11095.8;0.004
11096.3;0.006
11096.8;0.007
11097.3;0.015
11097.8;0.008
11098.3;0.009
11098.8;0.012
11099.3;0.001
11099.8;0.004
11100.3;0.003
11100.8;0.007
11101.3;0.008
11101.8;0.01
11102.3;0.012
11102.8;0.003
11103.3;0.022
11103.8;0.008
11104.3;0.01
11104.8;0.004
11105.3;0.011
11105.8;0.008
11106.3;0.005
11106.8;0.003
11107.3;0.015
11107.8;0.016
11108.3;0.01
11108.8;0.01
11109.3;0.015
11109.8;0.02
11110.3;0.008
11110.8;0.019
11111.3;0.014
11111.8;0.006
11112.3;0.007
11112.8;0.013
11113.3;0.012
11113.8;0.007
11114.3;0.007
11114.8;0.003
11115.3;0.007
11115.8;0.01
11116.3;0.012
11116.8;0.007
11117.3;0.006
11117.8;0.003
11118.3;0.011
11118.8;0.006
11119.3;0.007
11119.8;0.006
11120.3;0.003
11120.8;0.006
11121.3;0.003
11121.8;0.004
11122.3;0.014
11122.8;0.003
11123.3;0.01
11123.8;0.005
11124.3;0.004
11124.8;0.009
11125.3;0.01
11125.8;0.008
11126.3;0.011
11126.8;0.005
11127.3;0.004
11127.8;0.002
11128.3;0.008
11128.8;0.01
11129.3;0.002
11129.8;0.019
11130.3;0.015
11130.8;0.011
11131.3;0.012
11131.8;0.011
11132.3;0.009
11132.8;0.009
11133.3;0.012
11133.8;0.008
11134.3;0.007
11134.8;0.01
11135.3;0.015
11135.8;0.013
11136.3;0.002
11136.8;0.014
11137.3;0.006
11137.8;0.016
11138.3;0.009
11138.8;0.011
11139.3;0.011
11139.8;0.009
11140.3;0.013
11140.8;0.013
11141.3;0.005
11141.8;0.009
11142.3;0.001
11142.8;0.013
11143.3;0.016
11143.8;0.009
11144.3;0.012
11144.8;0.005
11145.3;0.003
11145.8;0.006
11146.3;0.011
11146.8;0.001
11147.3;0.001
11147.8;0.008
11148.3;0.013
11148.8;0.001
11149.3;0.002
11149.8;0.011
11150.3;0.009
11150.8;0.009
11151.3;0.009
11151.8;0.011
11152.3;0.003
11152.8;0.007
11153.3;0.006
11153.8;0.002
11154.3;0.01
11154.8;0.007
11155.3;0.012
11155.8;0.003
11156.3;0.006
11156.8;0.012
11157.3;0.002
11157.8;0.012
11158.3;0.019
11158.8;0.012
11159.3;0.01
11159.8;0.004
11160.3;0.011
11160.8;0.008
11161.3;0.01
11161.8;0.004
11162.3;0.006
11162.8;0.015
11163.3;0.013
11163.8;0.012
11164.3;0.006
11164.8;0.006
11165.3;0.008
11165.8;0.01
11166.3;0.008
11166.8;0.009
11167.3;0.016
11167.8;0.004
11168.3;0.006
11168.8;0.012
11169.3;0.004
11169.8;0.007
11170.3;0.009
11170.8;0.009
11171.3;0.011
11171.8;0.006
11172.3;0.008
11172.8;0.005
11173.3;0.002
11173.8;0.01
11174.3;0.011
11174.8;0.003
11175.3;0.004
11175.8;0.002
11176.3;0.008
11176.8;0.011
11177.3;0.004
11177.8;0.005
11178.3;0.003
11178.8;0.008
11179.3;0.007
11179.8;0.009
11180.3;0.015
11180.8;0.012
11181.3;0.007
11181.8;0.001
11182.3;0.002
11182.8;0.007
11183.3;0.004
11183.8;0.012
11184.3;0.009
11184.8;0.003
11185.3;0.012
11185.8;0.006
11186.3;0.006
11186.8;0.004
11187.3;0.006
11187.8;0.008
11188.3;0.001
11188.8;0.005
11189.3;0.012
11189.8;0.002
11190.3;0.01
11190.8;0.01
11191.3;0.013
11191.8;0.005
11192.3;0.005
11192.8;0.005
11193.3;0.007
11193.8;0.003
11194.3;0.009
11194.8;0.021
11195.3;0.008
11195.8;0.01
11196.3;0.008
11196.8;0.003
11197.3;0.013
11197.8;0.01
11198.3;0.01
11198.8;0.014
11199.3;0.004
11199.8;0.006
11200.3;0.012
11200.8;0.007
11201.3;0.017
11201.8;0.01
11202.3;0.01
11202.8;0.01
11203.3;0.004
11203.8;0.003
11204.3;0.008
11204.8;0.008
11205.3;0.006
11205.8;0.012
11206.3;0.004
11206.8;0.005
11207.3;0.011
11207.8;0.005
11208.3;0.006
11208.8;0.008
11209.3;0.008
11209.8;0.003
11210.3;0.013
11210.8;0.008
11211.3;0.013
11211.8;0.013
11212.3;0.003
11212.8;0.015
11213.3;0.009
11213.8;0.011
11214.3;0.004
11214.8;0.003
11215.3;0.01
11215.8;0.005
11216.3;0.013
11216.8;0.011
11217.3;0.008
11217.8;0.004
11218.3;0.0
11218.8;0.008
11219.3;0.013
11219.8;0.017
11220.3;0.007
11220.8;0.005
11221.3;0.004
11221.8;0.002
11222.3;0.01
11222.8;0.01
11223.3;0.011
11223.8;0.008
11224.3;0.003
11224.8;0.007
11225.3;0.009
11225.8;0.008
11226.3;0.005
11226.8;0.001
11227.3;0.006
11227.8;0.011
11228.3;0.007
11228.8;0.014
11229.3;0.015
11229.8;0.012
11230.3;0.007
11230.8;0.008
11231.3;0.01
11231.8;0.009
11232.3;0.001
11232.8;0.003
11233.3;0.005
11233.8;0.012
11234.3;0.011
11234.8;0.003
11235.3;0.012
11235.8;0.01
11236.3;0.007
11236.8;0.002
11237.3;0.007
11237.8;0.01
11238.3;0.015
11238.8;0.002
11239.3;0.015
11239.8;0.006
11240.3;0.01
11240.8;0.016
11241.3;0.015
11241.8;0.011
11242.3;0.015
11242.8;0.006
11243.3;0.011
11243.8;0.013
11244.3;0.003
11244.8;0.005
11245.3;0.002
11245.8;0.006
11246.3;0.012
11246.8;0.01
11247.3;0.011
11247.8;0.012
11248.3;0.003
11248.8;0.006
11249.3;0.01
11249.8;0.011
11250.3;0.007
11250.8;0.008
11251.3;0.019
11251.8;0.006
11252.3;0.009
11252.8;0.004
11253.3;0.016
11253.8;0.007
11254.3;0.009
11254.8;0.008
11255.3;0.008
11255.8;0.011
11256.3;0.008
11256.8;0.011
11257.3;0.005
11257.8;0.005
11258.3;0.001
11258.8;0.007
11259.3;0.006
11259.8;0.004
11260.3;0.012
11260.8;0.011
11261.3;0.007
11261.8;0.002
11262.3;0.006
11262.8;0.015
11263.3;0.006
11263.8;0.005
11264.3;0.015
11264.8;0.007
11265.3;0.008
11265.8;0.011
11266.3;0.005
11266.8;0.008
11267.3;0.01
11267.8;0.009
11268.3;0.005
11268.8;0.012
11269.3;0.007
11269.8;0.013
11270.3;0.016
11270.8;0.011
11271.3;0.0
11271.8;0.01
11272.3;0.01
11272.8;0.004
11273.3;0.012
11273.8;0.007
11274.3;0.007
11274.8;0.011
11275.3;0.002
11275.8;0.013
11276.3;0.015
11276.8;0.008
11277.3;0.007
11277.8;0.003
11278.3;0.008
11278.8;0.01
11279.3;0.008
11279.8;0.01
11280.3;0.009
11280.8;0.005
11281.3;0.007
11281.8;0.008
11282.3;0.013
11282.8;0.004
11283.3;0.003
11283.8;0.006
11284.3;0.004
11284.8;0.007
11285.3;0.005
11285.8;0.006
11286.3;0.006
11286.8;0.006
11287.3;0.011
11287.8;0.007
11288.3;0.007
11288.8;0.008
11289.3;0.013
11289.8;0.001
11290.3;0.006
11290.8;0.008
11291.3;0.004
11291.8;0.01
11292.3;0.013
11292.8;0.005
11293.3;0.007
11293.8;0.01
11294.3;0.005
11294.8;0.013
11295.3;0.001
11295.8;0.003
11296.3;0.011
11296.8;0.008
11297.3;0.011
11297.8;0.016
11298.3;0.011
11298.8;0.007
11299.3;0.007
11299.8;0.012
11300.3;0.008
11300.8;0.009
11301.3;0.009
11301.8;0.009
11302.3;0.011
11302.8;0.005
11303.3;0.003
11303.8;0.009
11304.3;0.009
11304.8;0.003
11305.3;0.003
11305.8;0.009
11306.3;0.001
11306.8;0.003
11307.3;0.008
11307.8;0.006
11308.3;0.003
11308.8;0.011
11309.3;0.003
11309.8;0.002
11310.3;0.007
11310.8;0.007
11311.3;0.009
11311.8;0.006
11312.3;0.009
11312.8;0.007
11313.3;0.006
11313.8;0.016
11314.3;0.011
11314.8;0.007
11315.3;0.011
11315.8;0.015
11316.3;0.002
11316.8;0.003
11317.3;0.004
11317.8;0.008
11318.3;0.008
11318.8;0.011
11319.3;0.01
11319.8;0.009
11320.3;0.006
11320.8;0.007
11321.3;0.003
11321.8;0.006
11322.3;0.004
11322.8;0.011
11323.3;0.005
11323.8;0.002
11324.3;0.002
11324.8;0.002
11325.3;0.002
11325.8;0.011
11326.3;0.009
11326.8;0.005
11327.3;0.009
11327.8;0.003
11328.3;0.007
11328.8;0.01
11329.3;0.009
11329.8;0.01
11330.3;0.007
11330.8;0.013
11331.3;0.007
11331.8;0.011
11332.3;0.006
11332.8;0.008
11333.3;0.01
11333.8;0.012
11334.3;0.002
11334.8;0.009
11335.3;0.003
11335.8;0.004
11336.3;0.007
11336.8;0.011
11337.3;0.009
11337.8;0.004
11338.3;0.01
11338.8;0.016
11339.3;0.012
11339.8;0.006
11340.3;0.012
11340.8;0.006
11341.3;0.007
11341.8;0.009
11342.3;0.016
11342.8;0.009
11343.3;0.004
11343.8;0.002
11344.3;0.005
11344.8;0.004
11345.3;0.003
11345.8;0.005
11346.3;0.012
11346.8;0.012
11347.3;0.012
11347.8;0.005
11348.3;0.007
11348.8;0.016
11349.3;0.011
11349.8;0.004
11350.3;0.009
11350.8;0.007
11351.3;0.004
11351.8;0.006
11352.3;0.01
11352.8;0.014
11353.3;0.007
11353.8;0.007
11354.3;0.004
11354.8;0.005
11355.3;0.005
11355.8;0.004
11356.3;0.006
11356.8;0.011
11357.3;0.01
11357.8;0.004
11358.3;0.007
11358.8;0.008
11359.3;0.011
11359.8;0.002
11360.3;0.006
11360.8;0.009
11361.3;0.008
11361.8;0.012
11362.3;0.006
11362.8;0.013
11363.3;0.005
11363.8;0.007
11364.3;0.008
11364.8;0.004
11365.3;0.007
11365.8;0.011
11366.3;0.005
11366.8;0.007
11367.3;0.009
11367.8;0.01
11368.3;0.009
11368.8;0.009
11369.3;0.007
11369.8;0.01
11370.3;0.005
11370.8;0.01
11371.3;0.008
11371.8;0.013
11372.3;0.008
11372.8;0.004
11373.3;0.005
11373.8;0.003
11374.3;0.005
11374.8;0.003
11375.3;0.008
11375.8;0.013
11376.3;0.008
11376.8;0.004
11377.3;0.002
11377.8;0.009
11378.3;0.008
11378.8;0.003
11379.3;0.003
11379.8;0.003
11380.3;0.007
11380.8;0.008
11381.3;0.012
11381.8;0.005
11382.3;0.013
11382.8;0.009
11383.3;0.003
11383.8;0.003
11384.3;0.006
11384.8;0.006
11385.3;0.004
11385.8;0.01
11386.3;0.01
11386.8;0.002
11387.3;0.014
11387.8;0.007
11388.3;0.008
11388.8;0.006
11389.3;0.005
11389.8;0.006
11390.3;0.005
11390.8;0.001
11391.3;0.01
11391.8;0.014
11392.3;0.006
11392.8;0.004
11393.3;0.008
11393.8;0.003
11394.3;0.009
11394.8;0.003
11395.3;0.006
11395.8;0.015
11396.3;0.004
11396.8;0.008
11397.3;0.007
11397.8;0.007
11398.3;0.006
11398.8;0.008
11399.3;0.009
11399.8;0.006
11400.3;0.001
11400.8;0.015
11401.3;0.008
11401.8;0.006
11402.3;0.015
11402.8;0.016
11403.3;0.011
11403.8;0.014
11404.3;0.004
11404.8;0.011
11405.3;0.017
11405.8;0.006
11406.3;0.005
11406.8;0.016
11407.3;0.004
11407.8;0.009
11408.3;0.006
11408.8;0.002
11409.3;0.006
11409.8;0.01
11410.3;0.004
11410.8;0.017
11411.3;0.001
11411.8;0.006
11412.3;0.005
11412.8;0.011
11413.3;0.01
11413.8;0.005
11414.3;0.007
11414.8;0.007
11415.3;0.004
11415.8;0.008
11416.3;0.006
11416.8;0.014
11417.3;0.007
11417.8;0.008
11418.3;0.005
11418.8;0.017
11419.3;0.011
11419.8;0.014
11420.3;0.016
11420.8;0.02
11421.3;0.008
11421.8;0.006
11422.3;0.004
11422.8;0.004
11423.3;0.007
11423.8;0.007
11424.3;0.01
11424.8;0.015
11425.3;0.005
11425.8;0.004
11426.3;0.004
11426.8;0.006
11427.3;0.009
11427.8;0.007
11428.3;0.007
11428.8;0.01
11429.3;0.004
11429.8;0.013
11430.3;0.002
11430.8;0.009
11431.3;0.005
11431.8;0.011
11432.3;0.007
11432.8;0.003
11433.3;0.005
11433.8;0.002
11434.3;0.007
11434.8;0.013
11435.3;0.007
11435.8;0.003
11436.3;0.011
11436.8;0.011
11437.3;0.002
11437.8;0.003
11438.3;0.005
11438.8;0.006
11439.3;0.004
11439.8;0.003
11440.3;0.005
11440.8;0.006
11441.3;0.012
11441.8;0.007
11442.3;0.005
11442.8;0.012
11443.3;0.008
11443.8;0.002
11444.3;0.006
11444.8;0.005
11445.3;0.005
11445.8;0.005
11446.3;0.01
11446.8;0.006
11447.3;0.01
11447.8;0.014
11448.3;0.003
11448.8;0.009
11449.3;0.012
11449.8;0.005
11450.3;0.009
11450.8;0.005
11451.3;0.01
11451.8;0.002
11452.3;0.006
11452.8;0.008
11453.3;0.011
11453.8;0.008
11454.3;0.011
11454.8;0.01
11455.3;0.005
11455.8;0.006
11456.3;0.011
11456.8;0.013
11457.3;0.005
11457.8;0.004
11458.3;0.011
11458.8;0.005
11459.3;0.004
11459.8;0.002
11460.3;0.006
11460.8;0.003
11461.3;0.015
11461.8;0.004
11462.3;0.003
11462.8;0.02
11463.3;0.008
11463.8;0.004
11464.3;0.003
11464.8;0.016
11465.3;0.01
11465.8;0.009
11466.3;0.005
11466.8;0.006
11467.3;0.009
11467.8;0.004
11468.3;0.006
11468.8;0.002
11469.3;0.013
11469.8;0.015
11470.3;0.008
11470.8;0.006
11471.3;0.001
11471.8;0.01
11472.3;0.009
11472.8;0.009
11473.3;0.004
11473.8;0.007
11474.3;0.011
11474.8;0.006
11475.3;0.008
11475.8;0.006
11476.3;0.004
11476.8;0.004
11477.3;0.01
11477.8;0.003
11478.3;0.002
11478.8;0.006
11479.3;0.013
11479.8;0.008
11480.3;0.007
11480.8;0.007
11481.3;0.01
11481.8;0.004
11482.3;0.006
11482.8;0.01
11483.3;0.003
11483.8;0.007
11484.3;0.016
11484.8;0.001
11485.3;0.012
11485.8;0.008
11486.3;0.015
11486.8;0.008
11487.3;0.007
11487.8;0.007
11488.3;0.011
11488.8;0.007
11489.3;0.007
11489.8;0.012
11490.3;0.005
11490.8;0.008
11491.3;0.006
11491.8;0.006
11492.3;0.01
11492.8;0.016
11493.3;0.007
11493.8;0.002
11494.3;0.005
11494.8;0.005
11495.3;0.008
11495.8;0.009
11496.3;0.004
11496.8;0.006
11497.3;0.008
11497.8;0.013
11498.3;0.017
11498.8;0.009
11499.3;0.016
11499.8;0.008
11500.3;0.01
11500.8;0.008
11501.3;0.008
11501.8;0.003
11502.3;0.019
11502.8;0.005
11503.3;0.017
11503.8;0.007
11504.3;0.006
11504.8;0.012
11505.3;0.005
11505.8;0.009
11506.3;0.002
11506.8;0.013
11507.3;0.014
11507.8;0.003
11508.3;0.013
11508.8;0.018
11509.3;0.007
11509.8;0.011
11510.3;0.007
11510.8;0.01
11511.3;0.006
11511.8;0.002
11512.3;0.003
11512.8;0.013
11513.3;0.006
11513.8;0.003
11514.3;0.012
11514.8;0.008
11515.3;0.004
11515.8;0.005
11516.3;0.012
11516.8;0.008
11517.3;0.007
11517.8;0.011
11518.3;0.005
11518.8;0.021
11519.3;0.008
11519.8;0.012
11520.3;0.006
11520.8;0.013
11521.3;0.011
11521.8;0.008
11522.3;0.006
11522.8;0.002
11523.3;0.004
11523.8;0.02
11524.3;0.007
11524.8;0.008
11525.3;0.004
11525.8;0.01
11526.3;0.013
11526.8;0.006
11527.3;0.005
11527.8;0.008
11528.3;0.01
11528.8;0.006
11529.3;0.013
11529.8;0.004
11530.3;0.003
11530.8;0.012
11531.3;0.001
11531.8;0.011
11532.3;0.009
11532.8;0.006
11533.3;0.016
11533.8;0.005
11534.3;0.01
11534.8;0.006
11535.3;0.006
11535.8;0.007
11536.3;0.011
11536.8;0.009
11537.3;0.005
11537.8;0.005
11538.3;0.006
11538.8;0.008
11539.3;0.019
11539.8;0.009
11540.3;0.006
11540.8;0.011
11541.3;0.013
11541.8;0.008
11542.3;0.011
11542.8;0.013
11543.3;0.014
11543.8;0.007
11544.3;0.002
11544.8;0.015
11545.3;0.004
11545.8;0.004
11546.3;0.002
11546.8;0.016
11547.3;0.016
11547.8;0.006
11548.3;0.006
11548.8;0.0
11549.3;0.004
11549.8;0.008
11550.3;0.004
11550.8;0.01
11551.3;0.004
11551.8;0.006
11552.3;0.007
11552.8;0.004
11553.3;0.006
11553.8;0.011
11554.3;0.007
11554.8;0.006
11555.3;0.002
11555.8;0.007
11556.3;0.015
11556.8;0.015
11557.3;0.01
11557.8;0.002
11558.3;0.007
11558.8;0.013
11559.3;0.014
11559.8;0.002
11560.3;0.008
11560.8;0.005
11561.3;0.015
11561.8;0.006
11562.3;0.007
11562.8;0.011
11563.3;0.014
11563.8;0.011
11564.3;0.013
11564.8;0.005
11565.3;0.008
11565.8;0.015
11566.3;0.011
11566.8;0.004
11567.3;0.001
11567.8;0.015
11568.3;0.02
11568.8;0.009
11569.3;0.007
11569.8;0.006
11570.3;0.009
11570.8;0.007
11571.3;0.003
11571.8;0.003
11572.3;0.015
11572.8;0.001
11573.3;0.009
11573.8;0.008
11574.3;0.006
11574.8;0.005
11575.3;0.009
11575.8;0.011
11576.3;0.013
11576.8;0.019
11577.3;0.006
11577.8;0.005
11578.3;0.005
11578.8;0.017
11579.3;0.009
11579.8;0.009
11580.3;0.015
11580.8;0.004
11581.3;0.004
11581.8;0.009
11582.3;0.016
11582.8;0.002
11583.3;0.011
11583.8;0.011
11584.3;0.005
11584.8;0.004
11585.3;0.007
11585.8;0.003
11586.3;0.005
11586.8;0.005
11587.3;0.005
11587.8;0.007
11588.3;0.011
11588.8;0.002
11589.3;0.006
11589.8;0.003
11590.3;0.017
11590.8;0.007
11591.3;0.003
11591.8;0.01
11592.3;0.006
11592.8;0.013
11593.3;0.013
11593.8;0.006
11594.3;0.002
11594.8;0.007
11595.3;0.009
11595.8;0.006
11596.3;0.012
11596.8;0.012
11597.3;0.009
11597.8;0.01
11598.3;0.014
11598.8;0.004
11599.3;0.006
11599.8;0.005
11600.3;0.008
11600.8;0.004
11601.3;0.006
11601.8;0.009
11602.3;0.008
11602.8;0.012
11603.3;0.015
11603.8;0.009
11604.3;0.004
11604.8;0.01
11605.3;0.009
11605.8;0.009
11606.3;0.011
11606.8;0.014
11607.3;0.01
11607.8;0.004
11608.3;0.01
11608.8;0.009
11609.3;0.008
11609.8;0.009
11610.3;0.007
11610.8;0.017
11611.3;0.013
11611.8;0.01
11612.3;0.008
11612.8;0.009
11613.3;0.005
11613.8;0.011
11614.3;0.005
11614.8;0.016
11615.3;0.012
11615.8;0.016
11616.3;0.013
11616.8;0.002
11617.3;0.008
11617.8;0.006
11618.3;0.02
11618.8;0.011
11619.3;0.011
11619.8;0.014
11620.3;0.009
11620.8;0.005
11621.3;0.007
11621.8;0.021
11622.3;0.007
11622.8;0.004
11623.3;0.007
11623.8;0.008
11624.3;0.003
11624.8;0.001
11625.3;0.003
11625.8;0.008
11626.3;0.003
11626.8;0.009
11627.3;0.009
11627.8;0.006
11628.3;0.007
11628.8;0.003
11629.3;0.01
11629.8;0.017
11630.3;0.008
11630.8;0.008
11631.3;0.005
11631.8;0.013
11632.3;0.003
11632.8;0.004
11633.3;0.01
11633.8;0.007
11634.3;0.006
11634.8;0.011
11635.3;0.004
11635.8;0.001
11636.3;0.011
11636.8;0.017
11637.3;0.006
11637.8;0.003
11638.3;0.005
11638.8;0.003
11639.3;0.009
11639.8;0.01
11640.3;0.006
11640.8;0.002
11641.3;0.002
11641.8;0.012
11642.3;0.021
11642.8;0.009
11643.3;0.009
11643.8;0.005
11644.3;0.012
11644.8;0.006
11645.3;0.001
11645.8;0.007
11646.3;0.009
11646.8;0.007
11647.3;0.012
11647.8;0.012
11648.3;0.014
11648.8;0.014
11649.3;0.003
11649.8;0.009
11650.3;0.008
11650.8;0.003
11651.3;0.012
11651.8;0.004
11652.3;0.013
11652.8;0.013
11653.3;0.01
11653.8;0.003
11654.3;0.002
11654.8;0.008
11655.3;0.009
11655.8;0.008
11656.3;0.015
11656.8;0.012
11657.3;0.002
11657.8;0.013
11658.3;0.005
11658.8;0.009
11659.3;0.01
11659.8;0.009
11660.3;0.002
11660.8;0.017
11661.3;0.011
11661.8;0.007
11662.3;0.007
11662.8;0.005
11663.3;0.008
11663.8;0.011
11664.3;0.008
11664.8;0.013
11665.3;0.002
11665.8;0.01
11666.3;0.008
11666.8;0.012
11667.3;0.011
11667.8;0.011
11668.3;0.012
11668.8;0.007
11669.3;0.008
11669.8;0.012
11670.3;0.007
11670.8;0.01
11671.3;0.004
11671.8;0.006
11672.3;0.007
11672.8;0.003
11673.3;0.003
11673.8;0.004
11674.3;0.011
11674.8;0.012
11675.3;0.014
11675.8;0.004
11676.3;0.005
11676.8;0.018
11677.3;0.005
11677.8;0.009
11678.3;0.007
11678.8;0.008
11679.3;0.012
11679.8;0.004
11680.3;0.004
11680.8;0.012
11681.3;0.006
11681.8;0.014
11682.3;0.004
11682.8;0.002
11683.3;0.005
11683.8;0.005
11684.3;0.012
11684.8;0.011
11685.3;0.004
11685.8;0.009
11686.3;0.009
11686.8;0.018
11687.3;0.004
11687.8;0.01
11688.3;0.001
11688.8;0.02
11689.3;0.007
11689.8;0.003
11690.3;0.01
11690.8;0.009
11691.3;0.011
11691.8;0.008
11692.3;0.012
11692.8;0.005
11693.3;0.003
11693.8;0.007
11694.3;0.005
11694.8;0.006
11695.3;0.005
11695.8;0.008
11696.3;0.008
11696.8;0.005
11697.3;0.005
11697.8;0.003
11698.3;0.004
11698.8;0.011
11699.3;0.003
11699.8;0.014
11700.3;0.015
11700.8;0.008
11701.3;0.006
11701.8;0.008
11702.3;0.013
11702.8;0.005
11703.3;0.004
11703.8;0.013
11704.3;0.004
11704.8;0.012
11705.3;0.01
11705.8;0.005
11706.3;0.007
11706.8;0.011
11707.3;0.006
11707.8;0.008
11708.3;0.007
11708.8;0.006
11709.3;0.002
11709.8;0.02
11710.3;0.018
11710.8;0.003
11711.3;0.008
11711.8;0.012
11712.3;0.003
11712.8;0.01
11713.3;0.005
11713.8;0.012
11714.3;0.01
11714.8;0.009
11715.3;0.007
11715.8;0.006
11716.3;0.003
11716.8;0.013
11717.3;0.007
11717.8;0.013
11718.3;0.007
11718.8;0.009
11719.3;0.018
11719.8;0.003
11720.3;0.008
11720.8;0.005
11721.3;0.006
11721.8;0.01
11722.3;0.009
11722.8;0.01
11723.3;0.005
11723.8;0.004
11724.3;0.011
11724.8;0.005
11725.3;0.003
11725.8;0.011
11726.3;0.005
11726.8;0.003
11727.3;0.018
11727.8;0.007
11728.3;0.009
11728.8;0.002
11729.3;0.002
11729.8;0.011
11730.3;0.012
11730.8;0.006
11731.3;0.008
11731.8;0.015
11732.3;0.004
11732.8;0.003
11733.3;0.01
11733.8;0.007
11734.3;0.012
11734.8;0.011
11735.3;0.005
11735.8;0.006
11736.3;0.006
11736.8;0.005
11737.3;0.004
11737.8;0.015
11738.3;0.015
11738.8;0.014
11739.3;0.002
11739.8;0.004
11740.3;0.01
11740.8;0.004
11741.3;0.006
11741.8;0.009
11742.3;0.005
11742.8;0.012
11743.3;0.01
11743.8;0.008
11744.3;0.016
11744.8;0.007
11745.3;0.008
11745.8;0.013
11746.3;0.018
11746.8;0.01
11747.3;0.011
11747.8;0.012
11748.3;0.008
11748.8;0.005
11749.3;0.004
11749.8;0.005
11750.3;0.008
11750.8;0.008
11751.3;0.011
11751.8;0.004
11752.3;0.007
11752.8;0.01
11753.3;0.008
11753.8;0.008
11754.3;0.013
11754.8;0.005
11755.3;0.013
11755.8;0.003
11756.3;0.012
11756.8;0.004
11757.3;0.006
11757.8;0.013
11758.3;0.006
11758.8;0.009
11759.3;0.007
11759.8;0.01
11760.3;0.004
11760.8;0.007
11761.3;0.01
11761.8;0.002
11762.3;0.003
11762.8;0.009
11763.3;0.017
11763.8;0.006
11764.3;0.0
11764.8;0.01
11765.3;0.012
11765.8;0.011
11766.3;0.011
11766.8;0.004
11767.3;0.008
11767.8;0.008
11768.3;0.009
11768.8;0.003
11769.3;0.006
11769.8;0.011
11770.3;0.004
11770.8;0.003
11771.3;0.013
11771.8;0.005
11772.3;0.011
11772.8;0.013
11773.3;0.006
11773.8;0.007
11774.3;0.008
11774.8;0.014
11775.3;0.011
11775.8;0.002
11776.3;0.007
11776.8;0.002
11777.3;0.015
11777.8;0.004
11778.3;0.005
11778.8;0.005
11779.3;0.006
11779.8;0.004
11780.3;0.004
11780.8;0.013
11781.3;0.005
11781.8;0.004
11782.3;0.004
11782.8;0.003
11783.3;0.008
11783.8;0.006
11784.3;0.004
11784.8;0.008
11785.3;0.007
11785.8;0.009
11786.3;0.002
11786.8;0.008
11787.3;0.009
11787.8;0.005
11788.3;0.003
11788.8;0.017
11789.3;0.002
11789.8;0.008
11790.3;0.001
11790.8;0.008
11791.3;0.013
11791.8;0.009
11792.3;0.004
11792.8;0.008
11793.3;0.011
11793.8;0.002
11794.3;0.011
11794.8;0.006
11795.3;0.006
11795.8;0.001
11796.3;0.013
11796.8;0.008
11797.3;0.01
11797.8;0.003
11798.3;0.004
11798.8;0.005
11799.3;0.005
11799.8;0.013
11800.3;0.007
11800.8;0.001
11801.3;0.007
11801.8;0.009
11802.3;0.003
11802.8;0.007
11803.3;0.005
11803.8;0.003
11804.3;0.014
11804.8;0.009
11805.3;0.005
11805.8;0.012
11806.3;0.01
11806.8;0.001
11807.3;0.012
11807.8;0.008
11808.3;0.005
11808.8;0.008
11809.3;0.006
11809.8;0.006
11810.3;0.005
11810.8;0.009
11811.3;0.008
11811.8;0.009
11812.3;0.006
11812.8;0.006
11813.3;0.001
11813.8;0.003
11814.3;0.009
11814.8;0.004
11815.3;0.012
11815.8;0.004
11816.3;0.007
11816.8;0.002
11817.3;0.002
11817.8;0.012
11818.3;0.019
11818.8;0.003
11819.3;0.014
11819.8;0.009
11820.3;0.011
11820.8;0.009
11821.3;0.006
11821.8;0.009
11822.3;0.007
11822.8;0.005
11823.3;0.005
11823.8;0.011
11824.3;0.006
11824.8;0.012
11825.3;0.003
11825.8;0.008
11826.3;0.007
11826.8;0.01
11827.3;0.003
11827.8;0.008
11828.3;0.006
11828.8;0.018
11829.3;0.006
11829.8;0.011
11830.3;0.001
11830.8;0.016
11831.3;0.009
11831.8;0.006
11832.3;0.011
11832.8;0.007
11833.3;0.008
11833.8;0.003
11834.3;0.003
11834.8;0.006
11835.3;0.009
11835.8;0.013
11836.3;0.006
11836.8;0.005
11837.3;0.004
11837.8;0.014
11838.3;0.001
11838.8;0.016
11839.3;0.012
11839.8;0.005
11840.3;0.009
11840.8;0.004
11841.3;0.009
11841.8;0.007
11842.3;0.007
11842.8;0.006
11843.3;0.01
11843.8;0.006
11844.3;0.008
11844.8;0.008
11845.3;0.002
11845.8;0.004
11846.3;0.007
11846.8;0.002
11847.3;0.009
11847.8;0.004
11848.3;0.007
11848.8;0.012
11849.3;0.011
11849.8;0.009
11850.3;0.004
11850.8;0.007
11851.3;0.007
11851.8;0.01
11852.3;0.007
11852.8;0.004
11853.3;0.007
11853.8;0.006
11854.3;0.013
11854.8;0.015
11855.3;0.01
11855.8;0.006
11856.3;0.012
11856.8;0.015
11857.3;0.007
11857.8;0.005
11858.3;0.006
11858.8;0.008
11859.3;0.002
11859.8;0.009
11860.3;0.007
11860.8;0.013
11861.3;0.005
11861.8;0.007
11862.3;0.005
11862.8;0.004
11863.3;0.007
11863.8;0.007
11864.3;0.006
11864.8;0.01
11865.3;0.007
11865.8;0.009
11866.3;0.004
11866.8;0.003
11867.3;0.008
11867.8;0.018
11868.3;0.007
11868.8;0.011
11869.3;0.006
11869.8;0.005
11870.3;0.007
11870.8;0.005
11871.3;0.006
11871.8;0.007
11872.3;0.009
11872.8;0.006
11873.3;0.007
11873.8;0.002
11874.3;0.013
11874.8;0.011
11875.3;0.011
11875.8;0.007
11876.3;0.001
11876.8;0.008
11877.3;0.006
11877.8;0.003
11878.3;0.007
11878.8;0.002
11879.3;0.009
11879.8;0.004
11880.3;0.008
11880.8;0.002
11881.3;0.009
11881.8;0.004
11882.3;0.005
11882.8;0.006
11883.3;0.006
11883.8;0.012
11884.3;0.006
11884.8;0.012
11885.3;0.004
11885.8;0.001
11886.3;0.003
11886.8;0.006
11887.3;0.011
11887.8;0.01
11888.3;0.008
11888.8;0.01
11889.3;0.009
11889.8;0.008
11890.3;0.012
11890.8;0.001
11891.3;0.006
11891.8;0.006
11892.3;0.006
11892.8;0.008
11893.3;0.006
11893.8;0.013
11894.3;0.007
11894.8;0.004
11895.3;0.006
11895.8;0.009
11896.3;0.007
11896.8;0.008
11897.3;0.015
11897.8;0.013
11898.3;0.007
11898.8;0.004
11899.3;0.005
11899.8;0.004
11900.3;0.006
11900.8;0.003
11901.3;0.003
11901.8;0.003
11902.3;0.007
11902.8;0.008
11903.3;0.01
11903.8;0.008
11904.3;0.007
11904.8;0.009
11905.3;0.002
11905.8;0.006
11906.3;0.006
11906.8;0.007
11907.3;0.008
11907.8;0.002
11908.3;0.004
11908.8;0.011
11909.3;0.006
11909.8;0.006
11910.3;0.015
11910.8;0.008
11911.3;0.012
11911.8;0.003
11912.3;0.004
11912.8;0.005
11913.3;0.014
11913.8;0.005
11914.3;0.002
11914.8;0.006
11915.3;0.004
11915.8;0.007
11916.3;0.006
11916.8;0.01
11917.3;0.006
11917.8;0.012
11918.3;0.015
11918.8;0.012
11919.3;0.001
11919.8;0.007
11920.3;0.005
11920.8;0.007
11921.3;0.008
11921.8;0.003
11922.3;0.003
11922.8;0.01
11923.3;0.009
11923.8;0.011
11924.3;0.014
11924.8;0.004
11925.3;0.011
11925.8;0.008
11926.3;0.003
11926.8;0.002
11927.3;0.011
11927.8;0.005
11928.3;0.01
11928.8;0.003
11929.3;0.004
11929.8;0.009
11930.3;0.005
11930.8;0.004
11931.3;0.008
11931.8;0.011
11932.3;0.002
11932.8;0.006
11933.3;0.009
11933.8;0.013
11934.3;0.008
11934.8;0.011
11935.3;0.005
11935.8;0.006
11936.3;0.007
11936.8;0.004
11937.3;0.008
11937.8;0.002
11938.3;0.011
11938.8;0.006
11939.3;0.009
11939.8;0.003
11940.3;0.013
11940.8;0.007
11941.3;0.009
11941.8;0.011
11942.3;0.005
11942.8;0.013
11943.3;0.002
11943.8;0.005
11944.3;0.003
11944.8;0.004
11945.3;0.002
11945.8;0.007
11946.3;0.006
11946.8;0.001
11947.3;0.007
11947.8;0.004
11948.3;0.001
11948.8;0.009
11949.3;0.009
11949.8;0.007
11950.3;0.004
11950.8;0.008
11951.3;0.007
11951.8;0.013
11952.3;0.011
11952.8;0.006
11953.3;0.006
11953.8;0.008
11954.3;0.005
11954.8;0.006
11955.3;0.011
11955.8;0.007
11956.3;0.004
11956.8;0.008
11957.3;0.005
11957.8;0.005
11958.3;0.009
11958.8;0.005
11959.3;0.01
11959.8;0.015
11960.3;0.013
11960.8;0.009
11961.3;0.005
11961.8;0.017
11962.3;0.01
11962.8;0.016
11963.3;0.007
11963.8;0.003
11964.3;0.006
11964.8;0.01
11965.3;0.005
11965.8;0.004
11966.3;0.006
11966.8;0.01
11967.3;0.003
11967.8;0.004
11968.3;0.005
11968.8;0.007
11969.3;0.007
11969.8;0.01
11970.3;0.012
11970.8;0.014
11971.3;0.003
11971.8;0.007
11972.3;0.004
11972.8;0.011
11973.3;0.008
11973.8;0.014
11974.3;0.003
11974.8;0.012
11975.3;0.008
11975.8;0.006
11976.3;0.011
11976.8;0.012
11977.3;0.006
11977.8;0.002
11978.3;0.013
11978.8;0.008
11979.3;0.004
11979.8;0.008
11980.3;0.011
11980.8;0.007
11981.3;0.01
11981.8;0.005
11982.3;0.006
11982.8;0.008
11983.3;0.002
11983.8;0.012
11984.3;0.012
11984.8;0.011
11985.3;0.017
11985.8;0.01
11986.3;0.007
11986.8;0.008
11987.3;0.01
11987.8;0.005
11988.3;0.003
11988.8;0.005
11989.3;0.009
11989.8;0.004
11990.3;0.01
11990.8;0.01
11991.3;0.007
11991.8;0.005
11992.3;0.01
11992.8;0.007
11993.3;0.007
11993.8;0.005
11994.3;0.016
11994.8;0.005
11995.3;0.019
11995.8;0.005
11996.3;0.018
11996.8;0.008
11997.3;0.006
11997.8;0.011
11998.3;0.012
11998.8;0.005
11999.3;0.01
11999.8;0.012
12000.3;0.016
12000.8;0.007
12001.3;0.009
12001.8;0.008
12002.3;0.002
12002.8;0.004
12003.3;0.01
12003.8;0.005
12004.3;0.01
12004.8;0.008
12005.3;0.005
12005.8;0.002
12006.3;0.002
12006.8;0.005
12007.3;0.01
12007.8;0.01
12008.3;0.005
12008.8;0.011
12009.3;0.007
12009.8;0.007
12010.3;0.006
12010.8;0.006
12011.3;0.005
12011.8;0.006
12012.3;0.011
12012.8;0.014
12013.3;0.006
12013.8;0.006
12014.3;0.008
12014.8;0.008
12015.3;0.01
12015.8;0.012
12016.3;0.004
12016.8;0.009
12017.3;0.007
12017.8;0.011
12018.3;0.004
12018.8;0.005
12019.3;0.004
12019.8;0.005
12020.3;0.006
12020.8;0.011
12021.3;0.012
12021.8;0.012
12022.3;0.009
12022.8;0.006
12023.3;0.004
12023.8;0.007
12024.3;0.002
12024.8;0.015
12025.3;0.007
12025.8;0.005
12026.3;0.006
12026.8;0.004
12027.3;0.002
12027.8;0.01
12028.3;0.01
12028.8;0.007
12029.3;0.011
12029.8;0.003
12030.3;0.008
12030.8;0.006
12031.3;0.003
12031.8;0.01
12032.3;0.008
12032.8;0.008
12033.3;0.003
12033.8;0.014
12034.3;0.005
12034.8;0.006
12035.3;0.015
12035.8;0.014
12036.3;0.011
12036.8;0.004
12037.3;0.005
12037.8;0.005
12038.3;0.018
12038.8;0.006
12039.3;0.006
12039.8;0.003
12040.3;0.007
12040.8;0.01
12041.3;0.004
12041.8;0.011
12042.3;0.005
12042.8;0.009
12043.3;0.011
12043.8;0.016
12044.3;0.003
12044.8;0.007
12045.3;0.011
12045.8;0.005
12046.3;0.007
12046.8;0.008
12047.3;0.002
12047.8;0.01
12048.3;0.004
12048.8;0.008
12049.3;0.005
12049.8;0.003
12050.3;0.006
12050.8;0.006
12051.3;0.01
12051.8;0.004
12052.3;0.01
12052.8;0.005
12053.3;0.007
12053.8;0.013
12054.3;0.025
12054.8;0.011
12055.3;0.009
12055.8;0.013
12056.3;0.004
12056.8;0.01
12057.3;0.008
12057.8;0.007
12058.3;0.008
12058.8;0.002
12059.3;0.004
12059.8;0.01
12060.3;0.008
12060.8;0.015
12061.3;0.007
12061.8;0.002
12062.3;0.003
12062.8;0.009
12063.3;0.008
12063.8;0.009
12064.3;0.021
12064.8;0.001
12065.3;0.007
12065.8;0.004
12066.3;0.008
12066.8;0.009
12067.3;0.006
12067.8;0.009
12068.3;0.007
12068.8;0.008
12069.3;0.009
12069.8;0.017
12070.3;0.011
12070.8;0.017
12071.3;0.005
12071.8;0.007
12072.3;0.002
12072.8;0.013
12073.3;0.004
12073.8;0.012
12074.3;0.009
12074.8;0.007
12075.3;0.007
12075.8;0.01
12076.3;0.008
12076.8;0.004
12077.3;0.009
12077.8;0.006
12078.3;0.014
12078.8;0.013
12079.3;0.009
12079.8;0.015
12080.3;0.011
12080.8;0.004
12081.3;0.006
12081.8;0.005
12082.3;0.001
12082.8;0.008
12083.3;0.01
12083.8;0.011
12084.3;0.009
12084.8;0.006
12085.3;0.007
12085.8;0.003
12086.3;0.003
12086.8;0.008
12087.3;0.003
12087.8;0.011
12088.3;0.009
12088.8;0.011
12089.3;0.009
12089.8;0.004
12090.3;0.016
12090.8;0.01
12091.3;0.012
12091.8;0.008
12092.3;0.007
12092.8;0.008
12093.3;0.013
12093.8;0.013
12094.3;0.009
12094.8;0.01
12095.3;0.011
12095.8;0.013
12096.3;0.007
12096.8;0.018
12097.3;0.006
12097.8;0.015
12098.3;0.005
12098.8;0.006
12099.3;0.005
12099.8;0.007
12100.3;0.002
12100.8;0.009
12101.3;0.002
12101.8;0.007
12102.3;0.012
12102.8;0.011
12103.3;0.013
12103.8;0.006
12104.3;0.018
12104.8;0.004
12105.3;0.006
12105.8;0.013
12106.3;0.009
12106.8;0.001
12107.3;0.01
12107.8;0.008
12108.3;0.008
12108.8;0.002
12109.3;0.009
12109.8;0.015
12110.3;0.004
12110.8;0.002
12111.3;0.004
12111.8;0.01
12112.3;0.006
12112.8;0.009
12113.3;0.002
12113.8;0.006
12114.3;0.01
12114.8;0.002
12115.3;0.002
12115.8;0.004
12116.3;0.008
12116.8;0.011
12117.3;0.005
12117.8;0.006
12118.3;0.003
12118.8;0.002
12119.3;0.002
12119.8;0.007
12120.3;0.012
12120.8;0.003
12121.3;0.007
12121.8;0.003
12122.3;0.006
12122.8;0.002
12123.3;0.006
12123.8;0.004
12124.3;0.01
12124.8;0.018
12125.3;0.009
12125.8;0.006
12126.3;0.007
12126.8;0.006
12127.3;0.003
12127.8;0.008
12128.3;0.003
12128.8;0.016
12129.3;0.005
12129.8;0.002
12130.3;0.002
12130.8;0.016
12131.3;0.004
12131.8;0.005
12132.3;0.009
12132.8;0.005
12133.3;0.009
12133.8;0.001
12134.3;0.005
12134.8;0.021
12135.3;0.007
12135.8;0.003
12136.3;0.009
12136.8;0.004
12137.3;0.007
12137.8;0.012
12138.3;0.013
12138.8;0.007
12139.3;0.009
12139.8;0.001
12140.3;0.005
12140.8;0.007
12141.3;0.009
12141.8;0.011
12142.3;0.002
12142.8;0.012
12143.3;0.008
12143.8;0.012
12144.3;0.008
12144.8;0.003
12145.3;0.002
12145.8;0.015
12146.3;0.002
12146.8;0.005
12147.3;0.007
12147.8;0.013
12148.3;0.007
12148.8;0.005
12149.3;0.007
12149.8;0.007
12150.3;0.01
12150.8;0.008
12151.3;0.01
12151.8;0.004
12152.3;0.01
12152.8;0.006
12153.3;0.003
12153.8;0.003
12154.3;0.009
12154.8;0.012
12155.3;0.003
12155.8;0.009
12156.3;0.015
12156.8;0.014
12157.3;0.006
12157.8;0.009
12158.3;0.009
12158.8;0.007
12159.3;0.003
12159.8;0.006
12160.3;0.01
12160.8;0.008
12161.3;0.006
12161.8;0.004
12162.3;0.007
12162.8;0.01
12163.3;0.013
12163.8;0.004
12164.3;0.003
12164.8;0.001
12165.3;0.009
12165.8;0.003
12166.3;0.007
12166.8;0.012
12167.3;0.012
12167.8;0.007
12168.3;0.004
12168.8;0.011
12169.3;0.003
12169.8;0.011
12170.3;0.008
12170.8;0.011
12171.3;0.006
12171.8;0.011
12172.3;0.011
12172.8;0.002
12173.3;0.011
12173.8;0.005
12174.3;0.006
12174.8;0.004
12175.3;0.012
12175.8;0.005
12176.3;0.009
12176.8;0.004
12177.3;0.006
12177.8;0.004
12178.3;0.011
12178.8;0.012
12179.3;0.003
12179.8;0.005
12180.3;0.006
12180.8;0.01
12181.3;0.003
12181.8;0.002
12182.3;0.006
12182.8;0.011
12183.3;0.002
12183.8;0.011
12184.3;0.009
12184.8;0.005
12185.3;0.004
12185.8;0.006
12186.3;0.003
12186.8;0.007
12187.3;0.006
12187.8;0.009
12188.3;0.006
12188.8;0.005
12189.3;0.012
12189.8;0.0
12190.3;0.011
12190.8;0.009
12191.3;0.006
12191.8;0.014
12192.3;0.01
12192.8;0.01
12193.3;0.003
12193.8;0.009
12194.3;0.01
12194.8;0.009
12195.3;0.011
12195.8;0.001
12196.3;0.011
12196.8;0.01
12197.3;0.006
12197.8;0.006
12198.3;0.004
12198.8;0.007
12199.3;0.002
12199.8;0.008
12200.3;0.005
12200.8;0.013
12201.3;0.011
12201.8;0.01
12202.3;0.001
12202.8;0.006
12203.3;0.011
12203.8;0.007
12204.3;0.013
12204.8;0.002
12205.3;0.014
12205.8;0.006
12206.3;0.006
12206.8;0.007
12207.3;0.006
12207.8;0.007
12208.3;0.009
12208.8;0.016
12209.3;0.001
12209.8;0.002
12210.3;0.002
12210.8;0.005
12211.3;0.007
12211.8;0.004
12212.3;0.004
12212.8;0.006
12213.3;0.007
12213.8;0.008
12214.3;0.007
12214.8;0.002
12215.3;0.004
12215.8;0.007
12216.3;0.001
12216.8;0.009
12217.3;0.012
12217.8;0.012
12218.3;0.003
12218.8;0.001
12219.3;0.005
12219.8;0.009
12220.3;0.015
12220.8;0.008
12221.3;0.005
12221.8;0.004
12222.3;0.007
12222.8;0.018
12223.3;0.005
12223.8;0.011
12224.3;0.006
12224.8;0.008
12225.3;0.009
12225.8;0.002
12226.3;0.007
12226.8;0.004
12227.3;0.008
12227.8;0.003
12228.3;0.007
12228.8;0.002
12229.3;0.002
12229.8;0.006
12230.3;0.005
12230.8;0.012
12231.3;0.007
12231.8;0.007
12232.3;0.002
12232.8;0.001
12233.3;0.004
12233.8;0.009
12234.3;0.003
12234.8;0.011
12235.3;0.001
12235.8;0.015
12236.3;0.01
12236.8;0.002
12237.3;0.003
12237.8;0.002
12238.3;0.003
12238.8;0.008
12239.3;0.007
12239.8;0.008
12240.3;0.003
12240.8;0.009
12241.3;0.004
12241.8;0.011
12242.3;0.004
12242.8;0.01
12243.3;0.009
12243.8;0.002
12244.3;0.011
12244.8;0.016
12245.3;0.009
12245.8;0.004
12246.3;0.006
12246.8;0.012
12247.3;0.002
12247.8;0.016
12248.3;0.003
12248.8;0.014
12249.3;0.003
12249.8;0.004
12250.3;0.007
12250.8;0.014
12251.3;0.007
12251.8;0.012
12252.3;0.002
12252.8;0.009
12253.3;0.007
12253.8;0.008
12254.3;0.005
12254.8;0.004
12255.3;0.004
12255.8;0.013
12256.3;0.009
12256.8;0.006
12257.3;0.016
12257.8;0.008
12258.3;0.004
12258.8;0.004
12259.3;0.008
12259.8;0.007
12260.3;0.006
12260.8;0.005
12261.3;0.008
12261.8;0.003
12262.3;0.003
12262.8;0.003
12263.3;0.007
12263.8;0.012
12264.3;0.006
12264.8;0.01
12265.3;0.0
12265.8;0.004
12266.3;0.009
12266.8;0.007
12267.3;0.006
12267.8;0.007
12268.3;0.005
12268.8;0.007
12269.3;0.005
12269.8;0.008
12270.3;0.012
12270.8;0.009
12271.3;0.011
12271.8;0.003
12272.3;0.004
12272.8;0.007
12273.3;0.006
12273.8;0.004
12274.3;0.005
12274.8;0.003
12275.3;0.014
12275.8;0.003
12276.3;0.017
12276.8;0.007
12277.3;0.003
12277.8;0.008
12278.3;0.005
12278.8;0.006
12279.3;0.011
12279.8;0.005
12280.3;0.012
12280.8;0.007
12281.3;0.015
12281.8;0.006
12282.3;0.003
12282.8;0.008
12283.3;0.008
12283.8;0.008
12284.3;0.011
12284.8;0.01
12285.3;0.007
12285.8;0.009
12286.3;0.006
12286.8;0.004
12287.3;0.002
12287.8;0.011
12288.3;0.012
12288.8;0.002
12289.3;0.007
12289.8;0.012
12290.3;0.011
12290.8;0.005
12291.3;0.003
12291.8;0.007
12292.3;0.008
12292.8;0.013
12293.3;0.007
12293.8;0.011
12294.3;0.01
12294.8;0.007
12295.3;0.013
12295.8;0.007
12296.3;0.012
12296.8;0.011
12297.3;0.01
12297.8;0.01
12298.3;0.005
12298.8;0.005
12299.3;0.002
12299.8;0.011
12300.3;0.014
12300.8;0.012
12301.3;0.008
12301.8;0.003
12302.3;0.017
12302.8;0.004
12303.3;0.004
12303.8;0.007
12304.3;0.007
12304.8;0.007
12305.3;0.009
12305.8;0.008
12306.3;0.008
12306.8;0.01
12307.3;0.008
12307.8;0.011
12308.3;0.004
12308.8;0.011
12309.3;0.01
12309.8;0.009
12310.3;0.008
12310.8;0.005
12311.3;0.005
12311.8;0.006
12312.3;0.008
12312.8;0.008
12313.3;0.004
12313.8;0.007
12314.3;0.005
12314.8;0.001
12315.3;0.003
12315.8;0.006
12316.3;0.012
12316.8;0.002
12317.3;0.005
12317.8;0.007
12318.3;0.002
12318.8;0.007
12319.3;0.013
12319.8;0.009
12320.3;0.007
12320.8;0.003
12321.3;0.013
12321.8;0.007
12322.3;0.012
12322.8;0.007
12323.3;0.01
12323.8;0.005
12324.3;0.008
12324.8;0.002
12325.3;0.005
12325.8;0.014
12326.3;0.008
12326.8;0.008
12327.3;0.009
12327.8;0.005
12328.3;0.002
12328.8;0.004
12329.3;0.008
12329.8;0.006
12330.3;0.008
12330.8;0.006
12331.3;0.008
12331.8;0.005
12332.3;0.008
12332.8;0.007
12333.3;0.012
12333.8;0.008
12334.3;0.009
12334.8;0.004
12335.3;0.004
12335.8;0.008
12336.3;0.004
12336.8;0.006
12337.3;0.004
12337.8;0.017
12338.3;0.009
12338.8;0.008
12339.3;0.007
12339.8;0.011
12340.3;0.011
12340.8;0.002
12341.3;0.008
12341.8;0.007
12342.3;0.006
12342.8;0.003
12343.3;0.005
12343.8;0.003
12344.3;0.011
12344.8;0.007
12345.3;0.003
12345.8;0.011
12346.3;0.009
12346.8;0.006
12347.3;0.013
12347.8;0.012
12348.3;0.012
12348.8;0.003
12349.3;0.005
12349.8;0.011
12350.3;0.008
12350.8;0.005
12351.3;0.009
12351.8;0.004
12352.3;0.003
12352.8;0.0
12353.3;0.004
12353.8;0.008
12354.3;0.006
12354.8;0.008
12355.3;0.001
12355.8;0.006
12356.3;0.004
12356.8;0.01
12357.3;0.007
12357.8;0.008
12358.3;0.007
12358.8;0.008
12359.3;0.003
12359.8;0.004
12360.3;0.009
12360.8;0.016
12361.3;0.006
12361.8;0.008
12362.3;0.008
12362.8;0.005
12363.3;0.008
12363.8;0.006
12364.3;0.005
12364.8;0.011
12365.3;0.003
12365.8;0.005
12366.3;0.003
12366.8;0.006
12367.3;0.012
12367.8;0.013
12368.3;0.006
12368.8;0.01
12369.3;0.006
12369.8;0.012
12370.3;0.01
12370.8;0.002
12371.3;0.008
12371.8;0.003
12372.3;0.003
12372.8;0.006
12373.3;0.009
12373.8;0.008
12374.3;0.01
12374.8;0.013
12375.3;0.011
12375.8;0.007
12376.3;0.003
12376.8;0.011
12377.3;0.008
12377.8;0.006
12378.3;0.006
12378.8;0.005
12379.3;0.003
12379.8;0.008
12380.3;0.001
12380.8;0.01
12381.3;0.007
12381.8;0.007
12382.3;0.0
12382.8;0.005
12383.3;0.007
12383.8;0.003
12384.3;0.011
12384.8;0.005
12385.3;0.005
12385.8;0.001
12386.3;0.008
12386.8;0.007
12387.3;0.007
12387.8;0.004
12388.3;0.011
12388.8;0.003
12389.3;0.004
12389.8;0.004
12390.3;0.006
12390.8;0.003
12391.3;0.009
12391.8;0.005
12392.3;0.004
12392.8;0.001
12393.3;0.007
12393.8;0.006
12394.3;0.005
12394.8;0.006
12395.3;0.003
12395.8;0.001
12396.3;0.014
12396.8;0.007
12397.3;0.006
12397.8;0.001
12398.3;0.007
12398.8;0.009
12399.3;0.005
12399.8;0.011
12400.3;0.007
12400.8;0.006
12401.3;0.008
12401.8;0.015
12402.3;0.004
12402.8;0.005
12403.3;0.008
12403.8;0.014
12404.3;0.009
12404.8;0.006
12405.3;0.005
12405.8;0.008
12406.3;0.013
12406.8;0.007
12407.3;0.009
12407.8;0.011
12408.3;0.002
12408.8;0.007
12409.3;0.011
12409.8;0.006
12410.3;0.006
12410.8;0.002
12411.3;0.002
12411.8;0.013
12412.3;0.007
12412.8;0.007
12413.3;0.001
12413.8;0.007
12414.3;0.008
12414.8;0.014
12415.3;0.004
12415.8;0.007
12416.3;0.01
12416.8;0.005
12417.3;0.003
12417.8;0.002
12418.3;0.004
12418.8;0.009
12419.3;0.011
12419.8;0.01
12420.3;0.006
12420.8;0.003
12421.3;0.009
12421.8;0.006
12422.3;0.008
12422.8;0.009
12423.3;0.005
12423.8;0.007
12424.3;0.011
12424.8;0.005
12425.3;0.004
12425.8;0.004
12426.3;0.003
12426.8;0.003
12427.3;0.007
12427.8;0.009
12428.3;0.01
12428.8;0.009
12429.3;0.016
12429.8;0.016
12430.3;0.014
12430.8;0.007
12431.3;0.002
12431.8;0.008
12432.3;0.011
12432.8;0.003
12433.3;0.003
12433.8;0.011
12434.3;0.004
12434.8;0.006
12435.3;0.01
12435.8;0.005
12436.3;0.01
12436.8;0.008
12437.3;0.004
12437.8;0.006
12438.3;0.003
12438.8;0.008
12439.3;0.016
12439.8;0.01
12440.3;0.005
12440.8;0.006
12441.3;0.005
12441.8;0.008
12442.3;0.011
12442.8;0.011
12443.3;0.005
12443.8;0.002
12444.3;0.006
12444.8;0.007
12445.3;0.01
12445.8;0.006
12446.3;0.01
12446.8;0.005
12447.3;0.006
12447.8;0.005
12448.3;0.011
12448.8;0.009
12449.3;0.007
12449.8;0.007
12450.3;0.006
12450.8;0.006
12451.3;0.01
12451.8;0.013
12452.3;0.005
12452.8;0.004
12453.3;0.002
12453.8;0.007
12454.3;0.005
12454.8;0.004
12455.3;0.009
12455.8;0.007
12456.3;0.006
12456.8;0.013
12457.3;0.012
12457.8;0.005
12458.3;0.011
12458.8;0.004
12459.3;0.004
12459.8;0.005
12460.3;0.01
12460.8;0.005
12461.3;0.003
12461.8;0.007
12462.3;0.005
12462.8;0.007
12463.3;0.005
12463.8;0.002
12464.3;0.006
12464.8;0.003
12465.3;0.005
12465.8;0.01
12466.3;0.002
12466.8;0.009
12467.3;0.002
12467.8;0.009
12468.3;0.006
12468.8;0.006
12469.3;0.008
12469.8;0.007
12470.3;0.007
12470.8;0.001
12471.3;0.004
12471.8;0.004
12472.3;0.003
12472.8;0.002
12473.3;0.013
12473.8;0.008
12474.3;0.003
12474.8;0.008
12475.3;0.006
12475.8;0.003
12476.3;0.005
12476.8;0.012
12477.3;0.005
12477.8;0.004
12478.3;0.002
12478.8;0.007
12479.3;0.007
12479.8;0.013
12480.3;0.006
12480.8;0.009
12481.3;0.003
12481.8;0.009
12482.3;0.006
12482.8;0.003
12483.3;0.01
12483.8;0.009
12484.3;0.005
12484.8;0.005
12485.3;0.009
12485.8;0.008
12486.3;0.01
12486.8;0.003
12487.3;0.005
12487.8;0.001
12488.3;0.009
12488.8;0.008
12489.3;0.009
12489.8;0.007
12490.3;0.004
12490.8;0.005
12491.3;0.003
12491.8;0.007
12492.3;0.006
12492.8;0.002
12493.3;0.007
12493.8;0.005
12494.3;0.005
12494.8;0.001
12495.3;0.003
12495.8;0.006
12496.3;0.002
12496.8;0.01
12497.3;0.01
12497.8;0.006
12498.3;0.009
12498.8;0.002
12499.3;0.007
12499.8;0.004
12500.3;0.003
12500.8;0.004
12501.3;0.007
12501.8;0.01
12502.3;0.006
12502.8;0.011
12503.3;0.004
12503.8;0.009
12504.3;0.01
12504.8;0.004
12505.3;0.01
12505.8;0.012
12506.3;0.01
12506.8;0.007
12507.3;0.007
12507.8;0.006
12508.3;0.01
12508.8;0.008
12509.3;0.01
12509.8;0.004
12510.3;0.005
12510.8;0.002
12511.3;0.007
12511.8;0.005
12512.3;0.005
12512.8;0.006
12513.3;0.004
12513.8;0.001
12514.3;0.012
12514.8;0.01
12515.3;0.015
12515.8;0.011
12516.3;0.007
12516.8;0.004
12517.3;0.006
12517.8;0.005
12518.3;0.009
12518.8;0.011
12519.3;0.005
12519.8;0.01
12520.3;0.004
12520.8;0.004
12521.3;0.006
12521.8;0.002
12522.3;0.003
12522.8;0.003
12523.3;0.012
12523.8;0.004
12524.3;0.006
12524.8;0.014
12525.3;0.005
12525.8;0.005
12526.3;0.004
12526.8;0.003
12527.3;0.002
12527.8;0.006
12528.3;0.008
12528.8;0.008
12529.3;0.007
12529.8;0.005
12530.3;0.003
12530.8;0.008
12531.3;0.008
12531.8;0.008
12532.3;0.009
12532.8;0.01
12533.3;0.011
12533.8;0.007
12534.3;0.006
12534.8;0.005
12535.3;0.009
12535.8;0.005
12536.3;0.007
12536.8;0.014
12537.3;0.006
12537.8;0.007
12538.3;0.008
12538.8;0.004
12539.3;0.008
12539.8;0.005
12540.3;0.001
12540.8;0.013
12541.3;0.003
12541.8;0.008
12542.3;0.009
12542.8;0.01
12543.3;0.001
12543.8;0.006
12544.3;0.005
12544.8;0.003
12545.3;0.013
12545.8;0.007
12546.3;0.002
12546.8;0.007
12547.3;0.003
12547.8;0.004
12548.3;0.003
12548.8;0.003
12549.3;0.012
12549.8;0.006
12550.3;0.008
12550.8;0.009
12551.3;0.01
12551.8;0.008
12552.3;0.002
12552.8;0.006
12553.3;0.004
12553.8;0.012
12554.3;0.006
12554.8;0.013
12555.3;0.008
12555.8;0.007
12556.3;0.004
12556.8;0.01
12557.3;0.005
12557.8;0.01
12558.3;0.006
12558.8;0.001
12559.3;0.006
12559.8;0.005
12560.3;0.001
12560.8;0.004
12561.3;0.001
12561.8;0.012
12562.3;0.006
12562.8;0.01
12563.3;0.005
12563.8;0.009
12564.3;0.008
12564.8;0.003
12565.3;0.006
12565.8;0.009
12566.3;0.006
12566.8;0.003
12567.3;0.018
12567.8;0.005
12568.3;0.001
12568.8;0.0
12569.3;0.004
12569.8;0.006
12570.3;0.007
12570.8;0.001
12571.3;0.008
12571.8;0.011
12572.3;0.004
12572.8;0.006
12573.3;0.01
12573.8;0.001
12574.3;0.007
12574.8;0.004
12575.3;0.01
12575.8;0.009
12576.3;0.003
12576.8;0.006
12577.3;0.008
12577.8;0.009
12578.3;0.009
12578.8;0.004
12579.3;0.007
12579.8;0.001
12580.3;0.006
12580.8;0.001
12581.3;0.005
12581.8;0.017
12582.3;0.003
12582.8;0.009
12583.3;0.007
12583.8;0.011
12584.3;0.006
12584.8;0.012
12585.3;0.011
12585.8;0.003
12586.3;0.005
12586.8;0.005
12587.3;0.003
12587.8;0.001
12588.3;0.008
12588.8;0.003
12589.3;0.003
12589.8;0.002
12590.3;0.012
12590.8;0.003
12591.3;0.006
12591.8;0.009
12592.3;0.009
12592.8;0.006
12593.3;0.007
12593.8;0.014
12594.3;0.009
12594.8;0.012
12595.3;0.003
12595.8;0.009
12596.3;0.007
12596.8;0.009
12597.3;0.003
12597.8;0.008
12598.3;0.007
12598.8;0.015
12599.3;0.008
12599.8;0.007
12600.3;0.004
12600.8;0.012
12601.3;0.007
12601.8;0.007
12602.3;0.004
12602.8;0.005
12603.3;0.009
12603.8;0.015
12604.3;0.01
12604.8;0.015
12605.3;0.007
12605.8;0.004
12606.3;0.013
12606.8;0.008
12607.3;0.004
12607.8;0.013
12608.3;0.004
12608.8;0.006
12609.3;0.008
12609.8;0.005
12610.3;0.01
12610.8;0.005
12611.3;0.009
12611.8;0.002
12612.3;0.009
12612.8;0.009
12613.3;0.003
12613.8;0.005
12614.3;0.012
12614.8;0.01
12615.3;0.009
12615.8;0.007
12616.3;0.009
12616.8;0.003
12617.3;0.004
12617.8;0.01
12618.3;0.004
12618.8;0.008
12619.3;0.013
12619.8;0.007
12620.3;0.009
12620.8;0.006
12621.3;0.004
12621.8;0.008
12622.3;0.008
12622.8;0.008
12623.3;0.011
12623.8;0.007
12624.3;0.017
12624.8;0.007
12625.3;0.011
12625.8;0.012
12626.3;0.014
12626.8;0.007
12627.3;0.001
12627.8;0.002
12628.3;0.012
12628.8;0.007
12629.3;0.008
12629.8;0.015
12630.3;0.001
12630.8;0.007
12631.3;0.008
12631.8;0.005
12632.3;0.009
12632.8;0.009
12633.3;0.008
12633.8;0.005
12634.3;0.008
12634.8;0.007
12635.3;0.002
12635.8;0.011
12636.3;0.004
12636.8;0.007
12637.3;0.009
12637.8;0.005
12638.3;0.008
12638.8;0.008
12639.3;0.009
12639.8;0.002
12640.3;0.011
12640.8;0.003
12641.3;0.009
12641.8;0.009
12642.3;0.006
12642.8;0.013
12643.3;0.006
12643.8;0.007
12644.3;0.002
12644.8;0.007
12645.3;0.004
12645.8;0.007
12646.3;0.009
12646.8;0.005
12647.3;0.008
12647.8;0.005
12648.3;0.012
12648.8;0.008
12649.3;0.003
12649.8;0.005
12650.3;0.002
12650.8;0.002
12651.3;0.011
12651.8;0.005
12652.3;0.01
12652.8;0.006
12653.3;0.003
12653.8;0.006
12654.3;0.009
12654.8;0.016
12655.3;0.005
12655.8;0.01
12656.3;0.01
12656.8;0.005
12657.3;0.004
12657.8;0.008
12658.3;0.001
12658.8;0.013
12659.3;0.008
12659.8;0.024
12660.3;0.004
12660.8;0.003
12661.3;0.01
12661.8;0.008
12662.3;0.009
12662.8;0.003
12663.3;0.005
12663.8;0.007
12664.3;0.011
12664.8;0.002
12665.3;0.006
12665.8;0.009
12666.3;0.007
12666.8;0.002
12667.3;0.01
12667.8;0.011
12668.3;0.009
12668.8;0.008
12669.3;0.003
12669.8;0.005
12670.3;0.011
12670.8;0.01
12671.3;0.008
12671.8;0.004
12672.3;0.004
12672.8;0.006
12673.3;0.009
12673.8;0.001
12674.3;0.004
12674.8;0.004
12675.3;0.007
12675.8;0.008
12676.3;0.003
12676.8;0.008
12677.3;0.007
12677.8;0.011
12678.3;0.003
12678.8;0.01
12679.3;0.01
12679.8;0.002
12680.3;0.011
12680.8;0.003
12681.3;0.003
12681.8;0.008
12682.3;0.002
12682.8;0.014
12683.3;0.008
12683.8;0.004
12684.3;0.008
12684.8;0.004
12685.3;0.012
12685.8;0.002
12686.3;0.004
12686.8;0.003
12687.3;0.005
12687.8;0.008
12688.3;0.007
12688.8;0.001
12689.3;0.008
12689.8;0.001
12690.3;0.002
12690.8;0.002
12691.3;0.003
12691.8;0.002
12692.3;0.014
12692.8;0.006
12693.3;0.006
12693.8;0.007
12694.3;0.003
12694.8;0.016
12695.3;0.007
12695.8;0.01
12696.3;0.009
12696.8;0.004
12697.3;0.002
12697.8;0.006
12698.3;0.006
12698.8;0.007
12699.3;0.004
12699.8;0.005
12700.3;0.01
12700.8;0.001
12701.3;0.004
12701.8;0.004
12702.3;0.001
12702.8;0.008
12703.3;0.005
12703.8;0.004
12704.3;0.006
12704.8;0.007
12705.3;0.004
12705.8;0.004
12706.3;0.003
12706.8;0.009
12707.3;0.005
12707.8;0.008
12708.3;0.007
12708.8;0.014
12709.3;0.003
12709.8;0.003
12710.3;0.002
12710.8;0.008
12711.3;0.003
12711.8;0.004
12712.3;0.007
12712.8;0.002
12713.3;0.002
12713.8;0.012
12714.3;0.005
12714.8;0.008
12715.3;0.005
12715.8;0.011
12716.3;0.01
12716.8;0.013
12717.3;0.008
12717.8;0.011
12718.3;0.005
12718.8;0.008
12719.3;0.006
12719.8;0.003
12720.3;0.007
12720.8;0.009
12721.3;0.005
12721.8;0.005
12722.3;0.009
12722.8;0.007
12723.3;0.009
12723.8;0.006
12724.3;0.001
12724.8;0.004
12725.3;0.002
12725.8;0.008
12726.3;0.005
12726.8;0.004
12727.3;0.007
12727.8;0.009
12728.3;0.006
12728.8;0.006
12729.3;0.014
12729.8;0.006
12730.3;0.003
12730.8;0.013
12731.3;0.005
12731.8;0.008
12732.3;0.011
12732.8;0.006
12733.3;0.011
12733.8;0.006
12734.3;0.016
12734.8;0.003
12735.3;0.005
12735.8;0.007
12736.3;0.007
12736.8;0.007
12737.3;0.005
12737.8;0.009
12738.3;0.005
12738.8;0.007
12739.3;0.008
12739.8;0.008
12740.3;0.004
12740.8;0.002
12741.3;0.016
12741.8;0.006
12742.3;0.004
12742.8;0.012
12743.3;0.002
12743.8;0.006
12744.3;0.007
12744.8;0.003
12745.3;0.005
12745.8;0.011
12746.3;0.005
12746.8;0.003
12747.3;0.008
12747.8;0.005
12748.3;0.013
12748.8;0.004
12749.3;0.002
12749.8;0.005
12750.3;0.004
12750.8;0.009
12751.3;0.011
12751.8;0.004
12752.3;0.005
12752.8;0.001
12753.3;0.005
12753.8;0.008
12754.3;0.015
12754.8;0.002
12755.3;0.008
12755.8;0.01
12756.3;0.005
12756.8;0.004
12757.3;0.007
12757.8;0.007
12758.3;0.003
12758.8;0.012
12759.3;0.006
12759.8;0.005
12760.3;0.003
12760.8;0.005
12761.3;0.006
12761.8;0.004
12762.3;0.001
12762.8;0.008
12763.3;0.006
12763.8;0.001
12764.3;0.008
12764.8;0.004
12765.3;0.007
12765.8;0.003
12766.3;0.0
12766.8;0.005
12767.3;0.006
12767.8;0.012
12768.3;0.006
12768.8;0.007
12769.3;0.006
12769.8;0.006
12770.3;0.015
12770.8;0.004
12771.3;0.003
12771.8;0.006
12772.3;0.001
12772.8;0.009
12773.3;0.009
12773.8;0.008
12774.3;0.005
12774.8;0.014
12775.3;0.008
12775.8;0.002
12776.3;0.007
12776.8;0.004
12777.3;0.009
12777.8;0.004
12778.3;0.004
12778.8;0.001
12779.3;0.003
12779.8;0.006
12780.3;0.003
12780.8;0.005
12781.3;0.007
12781.8;0.008
12782.3;0.004
12782.8;0.004
12783.3;0.007
12783.8;0.009
12784.3;0.005
12784.8;0.006
12785.3;0.002
12785.8;0.006
12786.3;0.004
12786.8;0.012
12787.3;0.006
12787.8;0.006
12788.3;0.001
12788.8;0.006
12789.3;0.01
12789.8;0.014
12790.3;0.009
12790.8;0.011
12791.3;0.006
12791.8;0.006
12792.3;0.001
12792.8;0.009
12793.3;0.002
12793.8;0.004
12794.3;0.006
12794.8;0.007
12795.3;0.001
12795.8;0.004
12796.3;0.001
12796.8;0.005
12797.3;0.007
12797.8;0.006
12798.3;0.002
12798.8;0.006
12799.3;0.005
12799.8;0.001
12800.3;0.01
12800.8;0.002
12801.3;0.004
12801.8;0.005
12802.3;0.007
12802.8;0.004
12803.3;0.014
12803.8;0.002
12804.3;0.006
12804.8;0.007
12805.3;0.004
12805.8;0.005
12806.3;0.003
12806.8;0.003
12807.3;0.01
12807.8;0.005
12808.3;0.005
12808.8;0.008
12809.3;0.008
12809.8;0.001
12810.3;0.01
12810.8;0.004
12811.3;0.013
12811.8;0.008
12812.3;0.004
12812.8;0.002
12813.3;0.005
12813.8;0.007
12814.3;0.003
12814.8;0.004
12815.3;0.009
12815.8;0.004
12816.3;0.015
12816.8;0.017
12817.3;0.006
12817.8;0.008
12818.3;0.006
12818.8;0.004
12819.3;0.001
12819.8;0.003
12820.3;0.008
12820.8;0.006
12821.3;0.0
12821.8;0.004
12822.3;0.001
12822.8;0.003
12823.3;0.002
12823.8;0.002
12824.3;0.003
12824.8;0.011
12825.3;0.003
12825.8;0.005
12826.3;0.005
12826.8;0.009
12827.3;0.006
12827.8;0.005
12828.3;0.003
12828.8;0.015
12829.3;0.006
12829.8;0.011
12830.3;0.007
12830.8;0.008
12831.3;0.007
12831.8;0.009
12832.3;0.005
12832.8;0.005
12833.3;0.005
12833.8;0.008
12834.3;0.005
12834.8;0.011
12835.3;0.001
12835.8;0.002
12836.3;0.004
12836.8;0.003
12837.3;0.004
12837.8;0.005
12838.3;0.006
12838.8;0.001
12839.3;0.002
12839.8;0.004
12840.3;0.009
12840.8;0.007
12841.3;0.004
12841.8;0.005
12842.3;0.006
12842.8;0.01
12843.3;0.004
12843.8;0.005
12844.3;0.008
12844.8;0.007
12845.3;0.012
12845.8;0.008
12846.3;0.012
12846.8;0.005
12847.3;0.012
12847.8;0.007
12848.3;0.004
12848.8;0.003
12849.3;0.009
12849.8;0.011
12850.3;0.007
12850.8;0.008
12851.3;0.007
12851.8;0.007
12852.3;0.006
12852.8;0.004
12853.3;0.009
12853.8;0.013
12854.3;0.003
12854.8;0.001
12855.3;0.007
12855.8;0.012
12856.3;0.011
12856.8;0.002
12857.3;0.004
12857.8;0.013
12858.3;0.006
12858.8;0.006
12859.3;0.007
12859.8;0.011
12860.3;0.008
12860.8;0.003
12861.3;0.001
12861.8;0.006
12862.3;0.006
12862.8;0.004
12863.3;0.006
12863.8;0.004
12864.3;0.001
12864.8;0.004
12865.3;0.003
12865.8;0.002
12866.3;0.01
12866.8;0.004
12867.3;0.002
12867.8;0.008
12868.3;0.005
12868.8;0.003
12869.3;0.008
12869.8;0.008
12870.3;0.006
12870.8;0.001
12871.3;0.01
12871.8;0.002
12872.3;0.005
12872.8;0.005
12873.3;0.006
12873.8;0.005
12874.3;0.008
12874.8;0.009
12875.3;0.005
12875.8;0.003
12876.3;0.006
12876.8;0.006
12877.3;0.008
12877.8;0.007
12878.3;0.004
12878.8;0.002
12879.3;0.009
12879.8;0.002
12880.3;0.004
12880.8;0.005
12881.3;0.005
12881.8;0.003
12882.3;0.006
12882.8;0.002
12883.3;0.009
12883.8;0.005
12884.3;0.002
12884.8;0.013
12885.3;0.01
12885.8;0.004
12886.3;0.007
12886.8;0.01
12887.3;0.007
12887.8;0.004
12888.3;0.008
12888.8;0.003
12889.3;0.005
12889.8;0.002
12890.3;0.005
12890.8;0.006
12891.3;0.004
12891.8;0.006
12892.3;0.003
12892.8;0.007
12893.3;0.007
12893.8;0.002
12894.3;0.004
12894.8;0.007
12895.3;0.005
12895.8;0.006
12896.3;0.01
12896.8;0.004
12897.3;0.001
12897.8;0.008
12898.3;0.003
12898.8;0.002
12899.3;0.002
12899.8;0.002
12900.3;0.011
12900.8;0.013
12901.3;0.009
12901.8;0.003
12902.3;0.009
12902.8;0.005
12903.3;0.004
12903.8;0.006
12904.3;0.002
12904.8;0.0
12905.3;0.001
12905.8;0.013
12906.3;0.007
12906.8;0.006
12907.3;0.004
12907.8;0.006
12908.3;0.003
12908.8;0.004
12909.3;0.007
12909.8;0.003
12910.3;0.011
12910.8;0.014
12911.3;0.006
12911.8;0.005
12912.3;0.006
12912.8;0.006
12913.3;0.008
12913.8;0.003
12914.3;0.006
12914.8;0.002
12915.3;0.012
12915.8;0.015
12916.3;0.008
12916.8;0.011
12917.3;0.0
12917.8;0.012
12918.3;0.014
12918.8;0.003
12919.3;0.003
12919.8;0.008
12920.3;0.008
12920.8;0.003
12921.3;0.004
12921.8;0.007
12922.3;0.005
12922.8;0.016
12923.3;0.005
12923.8;0.003
12924.3;0.009
12924.8;0.007
12925.3;0.006
12925.8;0.005
12926.3;0.004
12926.8;0.002
12927.3;0.009
12927.8;0.008
12928.3;0.005
12928.8;0.003
12929.3;0.007
12929.8;0.005
12930.3;0.006
12930.8;0.011
12931.3;0.004
12931.8;0.01
12932.3;0.002
12932.8;0.014
12933.3;0.002
12933.8;0.006
12934.3;0.004
12934.8;0.008
12935.3;0.002
12935.8;0.002
12936.3;0.001
12936.8;0.004
12937.3;0.007
12937.8;0.008
12938.3;0.002
12938.8;0.006
12939.3;0.006
12939.8;0.008
12940.3;0.005
12940.8;0.009
12941.3;0.004
12941.8;0.005
12942.3;0.009
12942.8;0.005
12943.3;0.004
12943.8;0.001
12944.3;0.006
12944.8;0.005
12945.3;0.008
12945.8;0.002
12946.3;0.003
12946.8;0.013
12947.3;0.007
12947.8;0.008
12948.3;0.005
12948.8;0.01
12949.3;0.008
12949.8;0.008
12950.3;0.003
12950.8;0.006
12951.3;0.003
12951.8;0.008
12952.3;0.0
12952.8;0.007
12953.3;0.01
12953.8;0.006
12954.3;0.013
12954.8;0.0
12955.3;0.006
12955.8;0.002
12956.3;0.005
12956.8;0.018
12957.3;0.009
12957.8;0.004
12958.3;0.001
12958.8;0.014
12959.3;0.01
12959.8;0.006
12960.3;0.006
12960.8;0.005
12961.3;0.011
12961.8;0.002
12962.3;0.004
12962.8;0.002
12963.3;0.003
12963.8;0.012
12964.3;0.003
12964.8;0.007
12965.3;0.01
12965.8;0.004
12966.3;0.004
12966.8;0.008
12967.3;0.008
12967.8;0.008
12968.3;0.003
12968.8;0.005
12969.3;0.004
12969.8;0.009
12970.3;0.003
12970.8;0.009
12971.3;0.01
12971.8;0.008
12972.3;0.003
12972.8;0.008
12973.3;0.001
12973.8;0.005
12974.3;0.002
12974.8;0.005
12975.3;0.012
12975.8;0.006
12976.3;0.006
12976.8;0.004
12977.3;0.012
12977.8;0.002
12978.3;0.004
12978.8;0.002
12979.3;0.003
12979.8;0.006
12980.3;0.007
12980.8;0.006
12981.3;0.004
12981.8;0.01
12982.3;0.004
12982.8;0.005
12983.3;0.008
12983.8;0.005
12984.3;0.01
12984.8;0.011
12985.3;0.008
12985.8;0.009
12986.3;0.009
12986.8;0.004
12987.3;0.008
12987.8;0.0
12988.3;0.006
12988.8;0.008
12989.3;0.006
12989.8;0.004
12990.3;0.011
12990.8;0.012
12991.3;0.005
12991.8;0.005
12992.3;0.007
12992.8;0.005
12993.3;0.01
12993.8;0.005
12994.3;0.003
12994.8;0.011
12995.3;0.004
12995.8;0.01
12996.3;0.004
12996.8;0.007
12997.3;0.01
12997.8;0.008
12998.3;0.007
12998.8;0.005
12999.3;0.004
12999.8;0.004
13000.3;0.008
13000.8;0.01
13001.3;0.009
13001.8;0.008
13002.3;0.005
13002.8;0.006
13003.3;0.004
13003.8;0.004
13004.3;0.006
13004.8;0.005
13005.3;0.01
13005.8;0.012
13006.3;0.01
13006.8;0.005
13007.3;0.006
13007.8;0.002
13008.3;0.003
13008.8;0.005
13009.3;0.007
13009.8;0.002
13010.3;0.009
13010.8;0.009
13011.3;0.006
13011.8;0.005
13012.3;0.005
13012.8;0.004
13013.3;0.007
13013.8;0.007
13014.3;0.018
13014.8;0.007
13015.3;0.009
13015.8;0.01
13016.3;0.006
13016.8;0.01
13017.3;0.005
13017.8;0.003
13018.3;0.006
13018.8;0.003
13019.3;0.003
13019.8;0.006
13020.3;0.005
13020.8;0.004
13021.3;0.007
13021.8;0.008
13022.3;0.005
13022.8;0.003
13023.3;0.002
13023.8;0.01
13024.3;0.005
13024.8;0.005
13025.3;0.002
13025.8;0.004
13026.3;0.007
13026.8;0.006
13027.3;0.009
13027.8;0.003
13028.3;0.005
13028.8;0.007
13029.3;0.003
13029.8;0.012
13030.3;0.005
13030.8;0.004
13031.3;0.006
13031.8;0.006
13032.3;0.011
13032.8;0.001
13033.3;0.006
13033.8;0.007
13034.3;0.002
13034.8;0.006
13035.3;0.006
13035.8;0.005
13036.3;0.01
13036.8;0.005
13037.3;0.009
13037.8;0.004
13038.3;0.002
13038.8;0.003
13039.3;0.006
13039.8;0.008
13040.3;0.006
13040.8;0.006
13041.3;0.009
13041.8;0.007
13042.3;0.006
13042.8;0.005
13043.3;0.005
13043.8;0.002
13044.3;0.007
13044.8;0.003
13045.3;0.006
13045.8;0.007
13046.3;0.004
13046.8;0.001
13047.3;0.002
13047.8;0.011
13048.3;0.005
13048.8;0.003
13049.3;0.005
13049.8;0.009
13050.3;0.003
13050.8;0.006
13051.3;0.006
13051.8;0.008
13052.3;0.003
13052.8;0.007
13053.3;0.011
13053.8;0.006
13054.3;0.014
13054.8;0.009
13055.3;0.012
13055.8;0.004
13056.3;0.001
13056.8;0.007
13057.3;0.002
13057.8;0.006
13058.3;0.009
13058.8;0.005
13059.3;0.005
13059.8;0.004
13060.3;0.007
13060.8;0.005
13061.3;0.01
13061.8;0.007
13062.3;0.005
13062.8;0.008
13063.3;0.005
13063.8;0.004
13064.3;0.01
13064.8;0.003
13065.3;0.008
13065.8;0.002
13066.3;0.003
13066.8;0.006
13067.3;0.005
13067.8;0.01
13068.3;0.007
13068.8;0.009
13069.3;0.002
13069.8;0.007
13070.3;0.003
13070.8;0.009
13071.3;0.007
13071.8;0.007
13072.3;0.01
13072.8;0.009
13073.3;0.003
13073.8;0.006
13074.3;0.005
13074.8;0.004
13075.3;0.009
13075.8;0.005
13076.3;0.004
13076.8;0.007
13077.3;0.003
13077.8;0.007
13078.3;0.006
13078.8;0.005
13079.3;0.004
13079.8;0.002
13080.3;0.006
13080.8;0.001
13081.3;0.007
13081.8;0.006
13082.3;0.007
13082.8;0.004
13083.3;0.004
13083.8;0.006
13084.3;0.005
13084.8;0.003
13085.3;0.005
13085.8;0.01
13086.3;0.005
13086.8;0.007
13087.3;0.003
13087.8;0.004
13088.3;0.004
13088.8;0.005
13089.3;0.005
13089.8;0.004
13090.3;0.006
13090.8;0.006
13091.3;0.004
13091.8;0.011
13092.3;0.004
13092.8;0.009
13093.3;0.007
13093.8;0.007
13094.3;0.002
13094.8;0.003
13095.3;0.011
13095.8;0.005
13096.3;0.004
13096.8;0.003
13097.3;0.005
13097.8;0.002
13098.3;0.004
13098.8;0.003
13099.3;0.018
13099.8;0.004
13100.3;0.007
13100.8;0.005
13101.3;0.001
13101.8;0.01
13102.3;0.004
13102.8;0.01
13103.3;0.008
13103.8;0.013
13104.3;0.004
13104.8;0.004
13105.3;0.005
13105.8;0.006
13106.3;0.01
13106.8;0.001
13107.3;0.007
13107.8;0.004
13108.3;0.004
13108.8;0.002
13109.3;0.007
13109.8;0.002
13110.3;0.005
13110.8;0.01
13111.3;0.006
13111.8;0.009
13112.3;0.005
13112.8;0.004
13113.3;0.004
13113.8;0.002
13114.3;0.004
13114.8;0.005
13115.3;0.006
13115.8;0.001
13116.3;0.006
13116.8;0.01
13117.3;0.009
13117.8;0.004
13118.3;0.006
13118.8;0.01
13119.3;0.004
13119.8;0.002
13120.3;0.011
13120.8;0.005
13121.3;0.011
13121.8;0.01
13122.3;0.003
13122.8;0.004
13123.3;0.007
13123.8;0.002
13124.3;0.012
13124.8;0.002
13125.3;0.002
13125.8;0.005
13126.3;0.007
13126.8;0.003
13127.3;0.013
13127.8;0.013
13128.3;0.004
13128.8;0.005
13129.3;0.004
13129.8;0.005
13130.3;0.007
13130.8;0.007
13131.3;0.005
13131.8;0.009
13132.3;0.008
13132.8;0.004
13133.3;0.01
13133.8;0.005
13134.3;0.007
13134.8;0.009
13135.3;0.01
13135.8;0.005
13136.3;0.003
13136.8;0.013
13137.3;0.009
13137.8;0.006
13138.3;0.004
13138.8;0.008
13139.3;0.002
13139.8;0.003
13140.3;0.003
13140.8;0.01
13141.3;0.004
13141.8;0.012
13142.3;0.013
13142.8;0.009
13143.3;0.006
13143.8;0.005
13144.3;0.003
13144.8;0.003
13145.3;0.007
13145.8;0.006
13146.3;0.008
13146.8;0.009
13147.3;0.004
13147.8;0.003
13148.3;0.004
13148.8;0.001
13149.3;0.013
13149.8;0.017
13150.3;0.003
13150.8;0.002
13151.3;0.008
13151.8;0.008
13152.3;0.006
13152.8;0.004
13153.3;0.01
13153.8;0.009
13154.3;0.005
13154.8;0.005
13155.3;0.005
13155.8;0.007
13156.3;0.002
13156.8;0.009
13157.3;0.007
13157.8;0.002
13158.3;0.002
13158.8;0.002
13159.3;0.006
13159.8;0.01
13160.3;0.004
13160.8;0.01
13161.3;0.005
13161.8;0.008
13162.3;0.007
13162.8;0.011
13163.3;0.017
13163.8;0.001
13164.3;0.005
13164.8;0.008
13165.3;0.009
13165.8;0.004
13166.3;0.002
13166.8;0.009
13167.3;0.006
13167.8;0.013
13168.3;0.003
13168.8;0.006
13169.3;0.011
13169.8;0.004
13170.3;0.008
13170.8;0.003
13171.3;0.002
13171.8;0.003
13172.3;0.002
13172.8;0.007
13173.3;0.005
13173.8;0.004
13174.3;0.001
13174.8;0.007
13175.3;0.007
13175.8;0.003
13176.3;0.008
13176.8;0.005
13177.3;0.008
13177.8;0.003
13178.3;0.004
13178.8;0.017
13179.3;0.007
13179.8;0.01
13180.3;0.003
13180.8;0.008
13181.3;0.003
13181.8;0.008
13182.3;0.003
13182.8;0.005
13183.3;0.01
13183.8;0.008
13184.3;0.007
13184.8;0.005
13185.3;0.002
13185.8;0.003
13186.3;0.008
13186.8;0.006
13187.3;0.006
13187.8;0.001
13188.3;0.005
13188.8;0.009
13189.3;0.003
13189.8;0.007
13190.3;0.008
13190.8;0.006
13191.3;0.008
13191.8;0.01
13192.3;0.008
13192.8;0.001
13193.3;0.001
13193.8;0.008
13194.3;0.012
13194.8;0.01
13195.3;0.001
13195.8;0.006
13196.3;0.011
13196.8;0.006
13197.3;0.008
13197.8;0.008
13198.3;0.01
13198.8;0.006
13199.3;0.004
13199.8;0.008
13200.3;0.004
13200.8;0.013
13201.3;0.006
13201.8;0.006
13202.3;0.005
13202.8;0.006
13203.3;0.008
13203.8;0.006
13204.3;0.009
13204.8;0.006
13205.3;0.002
13205.8;0.01
13206.3;0.002
13206.8;0.006
13207.3;0.011
13207.8;0.006
13208.3;0.004
13208.8;0.003
13209.3;0.007
13209.8;0.008
13210.3;0.002
13210.8;0.004
13211.3;0.003
13211.8;0.004
13212.3;0.005
13212.8;0.006
13213.3;0.004
13213.8;0.005
13214.3;0.007
13214.8;0.003
13215.3;0.009
13215.8;0.009
13216.3;0.002
13216.8;0.003
13217.3;0.01
13217.8;0.007
13218.3;0.008
13218.8;0.003
13219.3;0.004
13219.8;0.006
13220.3;0.002
13220.8;0.005
13221.3;0.007
13221.8;0.007
13222.3;0.005
13222.8;0.004
13223.3;0.003
13223.8;0.008
13224.3;0.005
13224.8;0.006
13225.3;0.007
13225.8;0.003
13226.3;0.007
13226.8;0.005
13227.3;0.005
13227.8;0.001
13228.3;0.006
13228.8;0.007
13229.3;0.001
13229.8;0.013
13230.3;0.007
13230.8;0.008
13231.3;0.009
13231.8;0.001
13232.3;0.012
13232.8;0.004
13233.3;0.002
13233.8;0.009
13234.3;0.008
13234.8;0.004
13235.3;0.005
13235.8;0.01
13236.3;0.01
13236.8;0.01
13237.3;0.012
13237.8;0.005
13238.3;0.001
13238.8;0.001
13239.3;0.008
13239.8;0.003
13240.3;0.002
13240.8;0.004
13241.3;0.006
13241.8;0.004
13242.3;0.008
13242.8;0.012
13243.3;0.004
13243.8;0.002
13244.3;0.01
13244.8;0.001
13245.3;0.004
13245.8;0.004
13246.3;0.003
13246.8;0.002
13247.3;0.005
13247.8;0.001
13248.3;0.006
13248.8;0.007
13249.3;0.008
13249.8;0.0
13250.3;0.004
13250.8;0.009
13251.3;0.011
13251.8;0.005
13252.3;0.004
13252.8;0.004
13253.3;0.007
13253.8;0.001
13254.3;0.004
13254.8;0.01
13255.3;0.005
13255.8;0.008
13256.3;0.011
13256.8;0.003
13257.3;0.008
13257.8;0.004
13258.3;0.005
13258.8;0.007
13259.3;0.011
13259.8;0.008
13260.3;0.006
13260.8;0.006
13261.3;0.003
13261.8;0.009
13262.3;0.01
13262.8;0.01
13263.3;0.008
13263.8;0.013
13264.3;0.004
13264.8;0.007
13265.3;0.005
13265.8;0.005
13266.3;0.001
13266.8;0.014
13267.3;0.009
13267.8;0.005
13268.3;0.01
13268.8;0.007
13269.3;0.007
13269.8;0.01
13270.3;0.007
13270.8;0.003
13271.3;0.007
13271.8;0.009
13272.3;0.008
13272.8;0.012
13273.3;0.004
13273.8;0.006
13274.3;0.005
13274.8;0.01
13275.3;0.006
13275.8;0.018
13276.3;0.005
13276.8;0.006
13277.3;0.008
13277.8;0.002
13278.3;0.006
13278.8;0.002
13279.3;0.002
13279.8;0.005
13280.3;0.007
13280.8;0.002
13281.3;0.007
13281.8;0.006
13282.3;0.004
13282.8;0.002
13283.3;0.005
13283.8;0.004
13284.3;0.004
13284.8;0.005
13285.3;0.009
13285.8;0.003
13286.3;0.001
13286.8;0.004
13287.3;0.006
13287.8;0.004
13288.3;0.007
13288.8;0.005
13289.3;0.011
13289.8;0.003
13290.3;0.012
13290.8;0.009
13291.3;0.012
13291.8;0.004
13292.3;0.006
13292.8;0.005
13293.3;0.005
13293.8;0.016
13294.3;0.002
13294.8;0.012
13295.3;0.004
13295.8;0.003
13296.3;0.007
13296.8;0.008
13297.3;0.006
13297.8;0.002
13298.3;0.003
13298.8;0.003
13299.3;0.003
13299.8;0.007
13300.3;0.003
13300.8;0.011
13301.3;0.004
13301.8;0.013
13302.3;0.01
13302.8;0.01
13303.3;0.007
13303.8;0.008
13304.3;0.01
13304.8;0.007
13305.3;0.001
13305.8;0.008
13306.3;0.005
13306.8;0.007
13307.3;0.01
13307.8;0.002
13308.3;0.011
13308.8;0.004
13309.3;0.009
13309.8;0.006
13310.3;0.004
13310.8;0.011
13311.3;0.005
13311.8;0.006
13312.3;0.007
13312.8;0.013
13313.3;0.01
13313.8;0.003
13314.3;0.004
13314.8;0.008
13315.3;0.008
13315.8;0.007
13316.3;0.009
13316.8;0.008
13317.3;0.002
13317.8;0.007
13318.3;0.003
13318.8;0.008
13319.3;0.002
13319.8;0.007
13320.3;0.007
13320.8;0.001
13321.3;0.006
13321.8;0.011
13322.3;0.012
13322.8;0.006
13323.3;0.009
13323.8;0.003
13324.3;0.002
13324.8;0.005
13325.3;0.007
13325.8;0.007
13326.3;0.005
13326.8;0.007
13327.3;0.005
13327.8;0.006
13328.3;0.009
13328.8;0.011
13329.3;0.011
13329.8;0.006
13330.3;0.003
13330.8;0.006
13331.3;0.005
13331.8;0.002
13332.3;0.007
13332.8;0.004
13333.3;0.006
13333.8;0.002
13334.3;0.005
13334.8;0.001
13335.3;0.015
13335.8;0.004
13336.3;0.005
13336.8;0.008
13337.3;0.003
13337.8;0.009
13338.3;0.007
13338.8;0.002
13339.3;0.009
13339.8;0.004
13340.3;0.003
13340.8;0.003
13341.3;0.004
13341.8;0.013
13342.3;0.006
13342.8;0.006
13343.3;0.004
13343.8;0.004
13344.3;0.002
13344.8;0.004
13345.3;0.004
13345.8;0.003
13346.3;0.002
13346.8;0.008
13347.3;0.001
13347.8;0.008
13348.3;0.015
13348.8;0.007
13349.3;0.01
13349.8;0.005
13350.3;0.001
13350.8;0.004
13351.3;0.002
13351.8;0.01
13352.3;0.006
13352.8;0.006
13353.3;0.007
13353.8;0.001
13354.3;0.003
13354.8;0.003
13355.3;0.006
13355.8;0.005
13356.3;0.007
13356.8;0.004
13357.3;0.002
13357.8;0.006
13358.3;0.007
13358.8;0.01
13359.3;0.006
13359.8;0.008
13360.3;0.006
13360.8;0.001
13361.3;0.002
13361.8;0.007
13362.3;0.002
13362.8;0.004
13363.3;0.007
13363.8;0.007
13364.3;0.004
13364.8;0.009
13365.3;0.003
13365.8;0.002
13366.3;0.013
13366.8;0.004
13367.3;0.011
13367.8;0.009
13368.3;0.008
13368.8;0.006
13369.3;0.008
13369.8;0.004
13370.3;0.005
13370.8;0.008
13371.3;0.01
13371.8;0.005
13372.3;0.008
13372.8;0.005
13373.3;0.006
13373.8;0.005
13374.3;0.004
13374.8;0.003
13375.3;0.007
13375.8;0.005
13376.3;0.017
13376.8;0.004
13377.3;0.011
13377.8;0.004
13378.3;0.004
13378.8;0.003
13379.3;0.005
13379.8;0.007
13380.3;0.007
13380.8;0.007
13381.3;0.003
13381.8;0.001
13382.3;0.004
13382.8;0.005
13383.3;0.013
13383.8;0.01
13384.3;0.003
13384.8;0.004
13385.3;0.007
13385.8;0.005
13386.3;0.008
13386.8;0.003
13387.3;0.006
13387.8;0.01
13388.3;0.011
13388.8;0.005
13389.3;0.001
13389.8;0.005
13390.3;0.009
13390.8;0.004
13391.3;0.004
13391.8;0.005
13392.3;0.004
13392.8;0.006
13393.3;0.005
13393.8;0.006
13394.3;0.003
13394.8;0.006
13395.3;0.007
13395.8;0.012
13396.3;0.005
13396.8;0.005
13397.3;0.014
13397.8;0.008
13398.3;0.002
13398.8;0.005
13399.3;0.005
13399.8;0.009
13400.3;0.005
13400.8;0.001
13401.3;0.003
13401.8;0.002
13402.3;0.004
13402.8;0.006
13403.3;0.006
13403.8;0.01
13404.3;0.008
13404.8;0.0
13405.3;0.004
13405.8;0.004
13406.3;0.007
13406.8;0.014
13407.3;0.003
13407.8;0.005
13408.3;0.007
13408.8;0.001
13409.3;0.005
13409.8;0.009
13410.3;0.006
13410.8;0.005
13411.3;0.008
13411.8;0.007
13412.3;0.009
13412.8;0.008
13413.3;0.008
13413.8;0.001
13414.3;0.013
13414.8;0.007
13415.3;0.004
13415.8;0.013
13416.3;0.003
13416.8;0.009
13417.3;0.01
13417.8;0.002
13418.3;0.011
13418.8;0.009
13419.3;0.009
13419.8;0.012
13420.3;0.009
13420.8;0.009
13421.3;0.01
13421.8;0.005
13422.3;0.004
13422.8;0.006
13423.3;0.005
13423.8;0.007
13424.3;0.008
13424.8;0.005
13425.3;0.003
13425.8;0.006
13426.3;0.009
13426.8;0.007
13427.3;0.005
13427.8;0.008
13428.3;0.005
13428.8;0.001
13429.3;0.006
13429.8;0.006
13430.3;0.003
13430.8;0.008
13431.3;0.008
13431.8;0.008
13432.3;0.002
13432.8;0.007
13433.3;0.003
13433.8;0.006
13434.3;0.006
13434.8;0.005
13435.3;0.003
13435.8;0.01
13436.3;0.008
13436.8;0.012
13437.3;0.002
13437.8;0.001
13438.3;0.004
13438.8;0.005
13439.3;0.003
13439.8;0.011
13440.3;0.009
13440.8;0.006
13441.3;0.007
13441.8;0.005
13442.3;0.003
13442.8;0.007
13443.3;0.007
13443.8;0.008
13444.3;0.002
13444.8;0.005
13445.3;0.007
13445.8;0.002
13446.3;0.003
13446.8;0.005
13447.3;0.007
13447.8;0.011
13448.3;0.005
13448.8;0.005
13449.3;0.002
13449.8;0.006
13450.3;0.005
13450.8;0.004
13451.3;0.007
13451.8;0.005
13452.3;0.008
13452.8;0.006
13453.3;0.005
13453.8;0.006
13454.3;0.011
13454.8;0.005
13455.3;0.01
13455.8;0.007
13456.3;0.009
13456.8;0.003
13457.3;0.005
13457.8;0.009
13458.3;0.008
13458.8;0.001
13459.3;0.01
13459.8;0.005
13460.3;0.006
13460.8;0.004
13461.3;0.013
13461.8;0.003
13462.3;0.005
13462.8;0.003
13463.3;0.006
13463.8;0.008
13464.3;0.008
13464.8;0.007
13465.3;0.003
13465.8;0.008
13466.3;0.006
13466.8;0.007
13467.3;0.007
13467.8;0.011
13468.3;0.006
13468.8;0.001
13469.3;0.009
13469.8;0.013
13470.3;0.004
13470.8;0.004
13471.3;0.01
13471.8;0.004
13472.3;0.004
13472.8;0.002
13473.3;0.01
13473.8;0.003
13474.3;0.0
13474.8;0.005
13475.3;0.005
13475.8;0.006
13476.3;0.005
13476.8;0.007
13477.3;0.005
13477.8;0.004
13478.3;0.007
13478.8;0.006
13479.3;0.011
13479.8;0.004
13480.3;0.012
13480.8;0.003
13481.3;0.004
13481.8;0.005
13482.3;0.008
13482.8;0.003
13483.3;0.003
13483.8;0.014
13484.3;0.006
13484.8;0.008
13485.3;0.006
13485.8;0.006
13486.3;0.009
13486.8;0.016
13487.3;0.007
13487.8;0.008
13488.3;0.002
13488.8;0.006
13489.3;0.006
13489.8;0.01
13490.3;0.005
13490.8;0.009
13491.3;0.004
13491.8;0.014
13492.3;0.002
13492.8;0.008
13493.3;0.012
13493.8;0.004
13494.3;0.002
13494.8;0.003
13495.3;0.008
13495.8;0.005
13496.3;0.007
13496.8;0.006
13497.3;0.012
13497.8;0.004
13498.3;0.002
13498.8;0.004
13499.3;0.008
13499.8;0.011
13500.3;0.006
13500.8;0.001
13501.3;0.005
13501.8;0.004
13502.3;0.004
13502.8;0.007
13503.3;0.004
13503.8;0.006
13504.3;0.005
13504.8;0.007
13505.3;0.005
13505.8;0.01
13506.3;0.005
13506.8;0.006
13507.3;0.005
13507.8;0.007
13508.3;0.011
13508.8;0.008
13509.3;0.007
13509.8;0.002
13510.3;0.005
13510.8;0.001
13511.3;0.01
13511.8;0.008
13512.3;0.007
13512.8;0.004
13513.3;0.004
13513.8;0.007
13514.3;0.002
13514.8;0.011
13515.3;0.005
13515.8;0.002
13516.3;0.007
13516.8;0.007
13517.3;0.004
13517.8;0.008
13518.3;0.003
13518.8;0.001
13519.3;0.002
13519.8;0.008
13520.3;0.004
13520.8;0.006
13521.3;0.007
13521.8;0.013
13522.3;0.013
13522.8;0.007
13523.3;0.011
13523.8;0.005
13524.3;0.005
13524.8;0.001
13525.3;0.003
13525.8;0.005
13526.3;0.007
13526.8;0.015
13527.3;0.006
13527.8;0.007
13528.3;0.011
13528.8;0.006
13529.3;0.003
13529.8;0.005
13530.3;0.01
13530.8;0.005
13531.3;0.0
13531.8;0.001
13532.3;0.01
13532.8;0.006
13533.3;0.005
13533.8;0.001
13534.3;0.009
13534.8;0.006
13535.3;0.005
13535.8;0.006
13536.3;0.002
13536.8;0.009
13537.3;0.005
13537.8;0.002
13538.3;0.01
13538.8;0.004
13539.3;0.002
13539.8;0.01
13540.3;0.004
13540.8;0.006
13541.3;0.008
13541.8;0.007
13542.3;0.009
13542.8;0.003
13543.3;0.007
13543.8;0.003
13544.3;0.005
13544.8;0.004
13545.3;0.008
13545.8;0.003
13546.3;0.007
13546.8;0.012
13547.3;0.006
13547.8;0.005
13548.3;0.003
13548.8;0.004
13549.3;0.013
13549.8;0.007
13550.3;0.005
13550.8;0.001
13551.3;0.011
13551.8;0.005
13552.3;0.007
13552.8;0.012
13553.3;0.001
13553.8;0.003
13554.3;0.006
13554.8;0.005
13555.3;0.011
13555.8;0.003
13556.3;0.005
13556.8;0.001
13557.3;0.01
13557.8;0.002
13558.3;0.008
13558.8;0.005
13559.3;0.003
13559.8;0.001
13560.3;0.009
13560.8;0.009
13561.3;0.002
13561.8;0.013
13562.3;0.004
13562.8;0.01
13563.3;0.002
13563.8;0.011
13564.3;0.008
13564.8;0.009
13565.3;0.006
13565.8;0.002
13566.3;0.008
13566.8;0.006
13567.3;0.0
13567.8;0.001
13568.3;0.011
13568.8;0.005
13569.3;0.012
13569.8;0.002
13570.3;0.009
13570.8;0.008
13571.3;0.007
13571.8;0.01
13572.3;0.003
13572.8;0.005
13573.3;0.004
13573.8;0.006
13574.3;0.003
13574.8;0.008
13575.3;0.005
13575.8;0.012
13576.3;0.008
13576.8;0.01
13577.3;0.005
13577.8;0.008
13578.3;0.01
13578.8;0.006
13579.3;0.002
13579.8;0.006
13580.3;0.009
13580.8;0.008
13581.3;0.004
13581.8;0.007
13582.3;0.007
13582.8;0.004
13583.3;0.002
13583.8;0.003
13584.3;0.007
13584.8;0.005
13585.3;0.005
13585.8;0.003
13586.3;0.002
13586.8;0.006
13587.3;0.004
13587.8;0.008
13588.3;0.007
13588.8;0.006
13589.3;0.008
13589.8;0.003
13590.3;0.004
13590.8;0.002
13591.3;0.006
13591.8;0.008
13592.3;0.003
13592.8;0.008
13593.3;0.005
13593.8;0.007
13594.3;0.002
13594.8;0.003
13595.3;0.004
13595.8;0.008
13596.3;0.002
13596.8;0.011
13597.3;0.002
13597.8;0.004
13598.3;0.007
13598.8;0.01
13599.3;0.002
13599.8;0.007
13600.3;0.004
13600.8;0.002
13601.3;0.004
13601.8;0.01
13602.3;0.006
13602.8;0.007
13603.3;0.006
13603.8;0.011
13604.3;0.009
13604.8;0.007
13605.3;0.001
13605.8;0.002
13606.3;0.008
13606.8;0.004
13607.3;0.011
13607.8;0.01
13608.3;0.009
13608.8;0.002
13609.3;0.003
13609.8;0.004
13610.3;0.004
13610.8;0.004
13611.3;0.003
13611.8;0.007
13612.3;0.012
13612.8;0.005
13613.3;0.008
13613.8;0.005
13614.3;0.004
13614.8;0.01
13615.3;0.002
13615.8;0.003
13616.3;0.011
13616.8;0.011
13617.3;0.006
13617.8;0.008
13618.3;0.004
13618.8;0.003
13619.3;0.0
13619.8;0.003
13620.3;0.006
13620.8;0.009
13621.3;0.005
13621.8;0.015
13622.3;0.007
13622.8;0.01
13623.3;0.007
13623.8;0.008
13624.3;0.004
13624.8;0.008
13625.3;0.006
13625.8;0.013
13626.3;0.005
13626.8;0.003
13627.3;0.005
13627.8;0.005
13628.3;0.002
13628.8;0.008
13629.3;0.001
13629.8;0.01
13630.3;0.005
13630.8;0.007
13631.3;0.007
13631.8;0.005
13632.3;0.01
13632.8;0.012
13633.3;0.006
13633.8;0.002
13634.3;0.006
13634.8;0.005
13635.3;0.002
13635.8;0.008
13636.3;0.005
13636.8;0.004
13637.3;0.003
13637.8;0.004
13638.3;0.009
13638.8;0.004
13639.3;0.003
13639.8;0.007
13640.3;0.007
13640.8;0.005
13641.3;0.01
13641.8;0.006
13642.3;0.007
13642.8;0.009
13643.3;0.002
13643.8;0.004
13644.3;0.005
13644.8;0.003
13645.3;0.013
13645.8;0.011
13646.3;0.01
13646.8;0.005
13647.3;0.007
13647.8;0.002
13648.3;0.01
13648.8;0.008
13649.3;0.002
13649.8;0.005
13650.3;0.009
13650.8;0.005
13651.3;0.004
13651.8;0.003
13652.3;0.01
13652.8;0.004
13653.3;0.002
13653.8;0.003
13654.3;0.01
13654.8;0.006
13655.3;0.005
13655.8;0.002
13656.3;0.01
13656.8;0.003
13657.3;0.004
13657.8;0.009
13658.3;0.007
13658.8;0.015
13659.3;0.002
13659.8;0.009
13660.3;0.01
13660.8;0.007
13661.3;0.007
13661.8;0.016
13662.3;0.014
13662.8;0.003
13663.3;0.004
13663.8;0.007
13664.3;0.001
13664.8;0.004
13665.3;0.003
13665.8;0.004
13666.3;0.005
13666.8;0.005
13667.3;0.004
13667.8;0.006
13668.3;0.004
13668.8;0.004
13669.3;0.003
13669.8;0.004
13670.3;0.001
13670.8;0.003
13671.3;0.006
13671.8;0.008
13672.3;0.011
13672.8;0.006
13673.3;0.01
13673.8;0.005
13674.3;0.006
13674.8;0.009
13675.3;0.001
13675.8;0.01
13676.3;0.003
13676.8;0.013
13677.3;0.011
13677.8;0.002
13678.3;0.003
13678.8;0.004
13679.3;0.004
13679.8;0.001
13680.3;0.01
13680.8;0.005
13681.3;0.004
13681.8;0.003
13682.3;0.006
13682.8;0.009
13683.3;0.01
13683.8;0.003
13684.3;0.003
13684.8;0.004
13685.3;0.005
13685.8;0.003
13686.3;0.007
13686.8;0.003
13687.3;0.008
13687.8;0.005
13688.3;0.008
13688.8;0.005
13689.3;0.004
13689.8;0.003
13690.3;0.006
13690.8;0.004
13691.3;0.003
13691.8;0.01
13692.3;0.01
13692.8;0.004
13693.3;0.001
13693.8;0.005
13694.3;0.008
13694.8;0.002
13695.3;0.003
13695.8;0.002
13696.3;0.012
13696.8;0.009
13697.3;0.005
13697.8;0.006
13698.3;0.006
13698.8;0.005
13699.3;0.001
13699.8;0.002
13700.3;0.002
13700.8;0.008
13701.3;0.004
13701.8;0.012
13702.3;0.007
13702.8;0.008
13703.3;0.004
13703.8;0.008
13704.3;0.007
13704.8;0.006
13705.3;0.005
13705.8;0.009
13706.3;0.005
13706.8;0.011
13707.3;0.006
13707.8;0.004
13708.3;0.004
13708.8;0.002
13709.3;0.004
13709.8;0.002
13710.3;0.005
13710.8;0.012
13711.3;0.004
13711.8;0.01
13712.3;0.008
13712.8;0.007
13713.3;0.006
13713.8;0.002
13714.3;0.005
13714.8;0.001
13715.3;0.007
13715.8;0.001
13716.3;0.002
13716.8;0.006
13717.3;0.002
13717.8;0.007
13718.3;0.007
13718.8;0.004
13719.3;0.008
13719.8;0.008
13720.3;0.007
13720.8;0.008
13721.3;0.006
13721.8;0.007
13722.3;0.005
13722.8;0.006
13723.3;0.007
13723.8;0.004
13724.3;0.003
13724.8;0.012
13725.3;0.012
13725.8;0.009
13726.3;0.003
13726.8;0.008
13727.3;0.001
13727.8;0.006
13728.3;0.011
13728.8;0.003
13729.3;0.001
13729.8;0.003
13730.3;0.001
13730.8;0.006
13731.3;0.003
13731.8;0.004
13732.3;0.003
13732.8;0.008
13733.3;0.001
13733.8;0.009
13734.3;0.001
13734.8;0.003
13735.3;0.008
13735.8;0.006
13736.3;0.004
13736.8;0.007
13737.3;0.008
13737.8;0.009
13738.3;0.004
13738.8;0.009
13739.3;0.002
13739.8;0.003
13740.3;0.008
13740.8;0.008
13741.3;0.004
13741.8;0.005
13742.3;0.001
13742.8;0.003
13743.3;0.011
13743.8;0.001
13744.3;0.002
13744.8;0.003
13745.3;0.005
13745.8;0.008
13746.3;0.006
13746.8;0.009
13747.3;0.007
13747.8;0.003
13748.3;0.007
13748.8;0.003
13749.3;0.013
13749.8;0.004
13750.3;0.001
13750.8;0.002
13751.3;0.006
13751.8;0.006
13752.3;0.005
13752.8;0.007
13753.3;0.003
13753.8;0.006
13754.3;0.004
13754.8;0.007
13755.3;0.007
13755.8;0.002
13756.3;0.005
13756.8;0.005
13757.3;0.003
13757.8;0.002
13758.3;0.009
13758.8;0.01
13759.3;0.002
13759.8;0.007
13760.3;0.002
13760.8;0.004
13761.3;0.006
13761.8;0.002
13762.3;0.006
13762.8;0.005
13763.3;0.005
13763.8;0.005
13764.3;0.007
13764.8;0.006
13765.3;0.004
13765.8;0.009
13766.3;0.011
13766.8;0.006
13767.3;0.006
13767.8;0.003
13768.3;0.006
13768.8;0.005
13769.3;0.003
13769.8;0.003
13770.3;0.004
13770.8;0.01
13771.3;0.004
13771.8;0.006
13772.3;0.006
13772.8;0.002
13773.3;0.008
13773.8;0.004
13774.3;0.007
13774.8;0.002
13775.3;0.001
13775.8;0.003
13776.3;0.01
13776.8;0.003
13777.3;0.006
13777.8;0.01
13778.3;0.006
13778.8;0.003
13779.3;0.002
13779.8;0.01
13780.3;0.015
13780.8;0.003
13781.3;0.002
13781.8;0.006
13782.3;0.001
13782.8;0.002
13783.3;0.006
13783.8;0.007
13784.3;0.007
13784.8;0.01
13785.3;0.001
13785.8;0.005
13786.3;0.008
13786.8;0.007
13787.3;0.006
13787.8;0.007
13788.3;0.005
13788.8;0.002
13789.3;0.005
13789.8;0.007
13790.3;0.005
13790.8;0.009
13791.3;0.005
13791.8;0.008
13792.3;0.004
13792.8;0.006
13793.3;0.006
13793.8;0.006
13794.3;0.009
13794.8;0.006
13795.3;0.007
13795.8;0.001
13796.3;0.014
13796.8;0.003
13797.3;0.009
13797.8;0.002
13798.3;0.001
13798.8;0.003
13799.3;0.011
13799.8;0.005
13800.3;0.011
13800.8;0.011
13801.3;0.005
13801.8;0.002
13802.3;0.011
13802.8;0.001
13803.3;0.009
13803.8;0.007
13804.3;0.011
13804.8;0.01
13805.3;0.007
13805.8;0.007
13806.3;0.004
13806.8;0.009
13807.3;0.009
13807.8;0.005
13808.3;0.008
13808.8;0.005
13809.3;0.001
13809.8;0.003
13810.3;0.002
13810.8;0.004
13811.3;0.005
13811.8;0.005
13812.3;0.006
13812.8;0.007
13813.3;0.011
13813.8;0.008
13814.3;0.001
13814.8;0.003
13815.3;0.008
13815.8;0.004
13816.3;0.012
13816.8;0.002
13817.3;0.005
13817.8;0.003
13818.3;0.002
13818.8;0.001
13819.3;0.005
13819.8;0.009
13820.3;0.005
13820.8;0.006
13821.3;0.01
13821.8;0.008
13822.3;0.004
13822.8;0.008
13823.3;0.007
13823.8;0.008
13824.3;0.001
13824.8;0.004
13825.3;0.002
13825.8;0.005
13826.3;0.005
13826.8;0.002
13827.3;0.006
13827.8;0.001
13828.3;0.006
13828.8;0.006
13829.3;0.01
13829.8;0.005
13830.3;0.01
13830.8;0.006
13831.3;0.007
13831.8;0.009
13832.3;0.007
13832.8;0.006
13833.3;0.003
13833.8;0.007
13834.3;0.008
13834.8;0.009
13835.3;0.006
13835.8;0.007
13836.3;0.002
13836.8;0.008
13837.3;0.009
13837.8;0.011
13838.3;0.005
13838.8;0.009
13839.3;0.006
13839.8;0.004
13840.3;0.004
13840.8;0.003
13841.3;0.01
13841.8;0.004
13842.3;0.006
13842.8;0.002
13843.3;0.002
13843.8;0.001
13844.3;0.009
13844.8;0.003
13845.3;0.005
13845.8;0.007
13846.3;0.006
13846.8;0.003
13847.3;0.004
13847.8;0.006
13848.3;0.005
13848.8;0.003
13849.3;0.005
13849.8;0.008
13850.3;0.005
13850.8;0.005
13851.3;0.003
13851.8;0.009
13852.3;0.004
13852.8;0.008
13853.3;0.009
13853.8;0.006
13854.3;0.004
13854.8;0.004
13855.3;0.009
13855.8;0.004
13856.3;0.01
13856.8;0.006
13857.3;0.005
13857.8;0.001
13858.3;0.009
13858.8;0.006
13859.3;0.005
13859.8;0.011
13860.3;0.004
13860.8;0.003
13861.3;0.004
13861.8;0.008
13862.3;0.005
13862.8;0.006
13863.3;0.009
13863.8;0.002
13864.3;0.005
13864.8;0.008
13865.3;0.008
13865.8;0.006
13866.3;0.004
13866.8;0.002
13867.3;0.004
13867.8;0.001
13868.3;0.002
13868.8;0.006
13869.3;0.007
13869.8;0.004
13870.3;0.007
13870.8;0.016
13871.3;0.01
13871.8;0.004
13872.3;0.009
13872.8;0.007
13873.3;0.01
13873.8;0.003
13874.3;0.008
13874.8;0.004
13875.3;0.004
13875.8;0.009
13876.3;0.001
13876.8;0.002
13877.3;0.008
13877.8;0.011
13878.3;0.008
13878.8;0.005
13879.3;0.006
13879.8;0.008
13880.3;0.001
13880.8;0.007
13881.3;0.003
13881.8;0.004
13882.3;0.004
13882.8;0.003
13883.3;0.003
13883.8;0.013
13884.3;0.004
13884.8;0.007
13885.3;0.008
13885.8;0.002
13886.3;0.004
13886.8;0.011
13887.3;0.009
13887.8;0.006
13888.3;0.006
13888.8;0.001
13889.3;0.002
13889.8;0.005
13890.3;0.012
13890.8;0.009
13891.3;0.003
13891.8;0.004
13892.3;0.002
13892.8;0.011
13893.3;0.004
13893.8;0.013
13894.3;0.006
13894.8;0.008
13895.3;0.004
13895.8;0.002
13896.3;0.006
13896.8;0.001
13897.3;0.004
13897.8;0.005
13898.3;0.008
13898.8;0.005
13899.3;0.005
13899.8;0.005
13900.3;0.006
13900.8;0.003
13901.3;0.004
13901.8;0.011
13902.3;0.003
13902.8;0.008
13903.3;0.003
13903.8;0.006
13904.3;0.007
13904.8;0.002
13905.3;0.007
13905.8;0.004
13906.3;0.015
13906.8;0.007
13907.3;0.007
13907.8;0.007
13908.3;0.006
13908.8;0.007
13909.3;0.004
13909.8;0.008
13910.3;0.002
13910.8;0.002
13911.3;0.007
13911.8;0.003
13912.3;0.011
13912.8;0.009
13913.3;0.007
13913.8;0.004
13914.3;0.003
13914.8;0.004
13915.3;0.006
13915.8;0.007
13916.3;0.011
13916.8;0.003
13917.3;0.01
13917.8;0.004
13918.3;0.004
13918.8;0.001
13919.3;0.011
13919.8;0.005
13920.3;0.007
13920.8;0.003
13921.3;0.006
13921.8;0.004
13922.3;0.004
13922.8;0.009
13923.3;0.008
13923.8;0.001
13924.3;0.007
13924.8;0.004
13925.3;0.001
13925.8;0.005
13926.3;0.004
13926.8;0.004
13927.3;0.011
13927.8;0.007
13928.3;0.01
13928.8;0.008
13929.3;0.009
13929.8;0.004
13930.3;0.011
13930.8;0.001
13931.3;0.01
13931.8;0.005
13932.3;0.005
13932.8;0.005
13933.3;0.002
13933.8;0.003
13934.3;0.004
13934.8;0.013
13935.3;0.01
13935.8;0.004
13936.3;0.003
13936.8;0.01
13937.3;0.005
13937.8;0.006
13938.3;0.007
13938.8;0.009
13939.3;0.002
13939.8;0.01
13940.3;0.001
13940.8;0.001
13941.3;0.005
13941.8;0.005
13942.3;0.006
13942.8;0.005
13943.3;0.005
13943.8;0.003
13944.3;0.011
13944.8;0.007
13945.3;0.002
13945.8;0.007
13946.3;0.008
13946.8;0.005
13947.3;0.003
13947.8;0.002
13948.3;0.008
13948.8;0.0
13949.3;0.008
13949.8;0.004
13950.3;0.002
13950.8;0.009
13951.3;0.009
13951.8;0.007
13952.3;0.007
13952.8;0.005
13953.3;0.004
13953.8;0.002
13954.3;0.003
13954.8;0.004
13955.3;0.003
13955.8;0.002
13956.3;0.002
13956.8;0.008
13957.3;0.011
13957.8;0.004
13958.3;0.005
13958.8;0.008
13959.3;0.007
13959.8;0.003
13960.3;0.01
13960.8;0.006
13961.3;0.004
13961.8;0.001
13962.3;0.002
13962.8;0.005
13963.3;0.008
13963.8;0.005
13964.3;0.003
13964.8;0.006
13965.3;0.007
13965.8;0.009
13966.3;0.01
13966.8;0.006
13967.3;0.007
13967.8;0.005
13968.3;0.004
13968.8;0.004
13969.3;0.013
13969.8;0.008
13970.3;0.005
13970.8;0.004
13971.3;0.006
13971.8;0.003
13972.3;0.012
13972.8;0.006
13973.3;0.005
13973.8;0.003
13974.3;0.001
13974.8;0.003
13975.3;0.01
13975.8;0.003
13976.3;0.003
13976.8;0.004
13977.3;0.009
13977.8;0.007
13978.3;0.005
13978.8;0.002
13979.3;0.01
13979.8;0.007
13980.3;0.007
13980.8;0.004
13981.3;0.004
13981.8;0.007
13982.3;0.009
13982.8;0.002
13983.3;0.008
13983.8;0.006
13984.3;0.004
13984.8;0.006
13985.3;0.005
13985.8;0.003
13986.3;0.006
13986.8;0.005
13987.3;0.008
13987.8;0.012
13988.3;0.008
13988.8;0.002
13989.3;0.005
13989.8;0.003
13990.3;0.003
13990.8;0.004
13991.3;0.002
13991.8;0.003
13992.3;0.009
13992.8;0.002
13993.3;0.007
13993.8;0.008
13994.3;0.004
13994.8;0.006
13995.3;0.007
13995.8;0.003
13996.3;0.001
13996.8;0.002
13997.3;0.007
13997.8;0.005
13998.3;0.004
13998.8;0.007
13999.3;0.002
13999.8;0.004
14000.3;0.006
14000.8;0.005
14001.3;0.004
14001.8;0.005
14002.3;0.007
14002.8;0.008
14003.3;0.005
14003.8;0.003
14004.3;0.004
14004.8;0.009
14005.3;0.0
14005.8;0.007
14006.3;0.007
14006.8;0.005
14007.3;0.007
14007.8;0.007
14008.3;0.002
14008.8;0.003
14009.3;0.003
14009.8;0.002
14010.3;0.005
14010.8;0.007
14011.3;0.003
14011.8;0.004
14012.3;0.002
14012.8;0.007
14013.3;0.001
14013.8;0.007
14014.3;0.01
14014.8;0.005
14015.3;0.004
14015.8;0.005
14016.3;0.011
14016.8;0.002
14017.3;0.004
14017.8;0.007
14018.3;0.006
14018.8;0.004
14019.3;0.01
14019.8;0.003
14020.3;0.002
14020.8;0.005
14021.3;0.008
14021.8;0.005
14022.3;0.003
14022.8;0.01
14023.3;0.009
14023.8;0.005
14024.3;0.004
14024.8;0.0
14025.3;0.006
14025.8;0.007
14026.3;0.01
14026.8;0.008
14027.3;0.006
14027.8;0.002
14028.3;0.004
14028.8;0.007
14029.3;0.002
14029.8;0.01
14030.3;0.004
14030.8;0.002
14031.3;0.007
14031.8;0.004
14032.3;0.006
14032.8;0.006
14033.3;0.003
14033.8;0.004
14034.3;0.013
14034.8;0.012
14035.3;0.004
14035.8;0.005
14036.3;0.002
14036.8;0.008
14037.3;0.002
14037.8;0.011
14038.3;0.007
14038.8;0.009
14039.3;0.003
14039.8;0.004
14040.3;0.006
14040.8;0.008
14041.3;0.007
14041.8;0.016
14042.3;0.005
14042.8;0.007
14043.3;0.008
14043.8;0.003
14044.3;0.006
14044.8;0.005
14045.3;0.007
14045.8;0.01
14046.3;0.011
14046.8;0.003
14047.3;0.008
14047.8;0.004
14048.3;0.005
14048.8;0.005
14049.3;0.005
14049.8;0.011
14050.3;0.007
14050.8;0.005
14051.3;0.004
14051.8;0.006
14052.3;0.008
14052.8;0.009
14053.3;0.003
14053.8;0.004
14054.3;0.007
14054.8;0.002
14055.3;0.008
14055.8;0.009
14056.3;0.009
14056.8;0.009
14057.3;0.005
14057.8;0.006
14058.3;0.011
14058.8;0.005
14059.3;0.005
14059.8;0.005
14060.3;0.005
14060.8;0.01
14061.3;0.009
14061.8;0.004
14062.3;0.004
14062.8;0.005
14063.3;0.005
14063.8;0.002
14064.3;0.009
14064.8;0.009
14065.3;0.004
14065.8;0.002
14066.3;0.009
14066.8;0.004
14067.3;0.005
14067.8;0.005
14068.3;0.0
14068.8;0.003
14069.3;0.01
14069.8;0.001
14070.3;0.01
14070.8;0.007
14071.3;0.005
14071.8;0.002
14072.3;0.004
14072.8;0.006
14073.3;0.001
14073.8;0.002
14074.3;0.002
14074.8;0.007
14075.3;0.007
14075.8;0.002
14076.3;0.004
14076.8;0.005
14077.3;0.005
14077.8;0.003
14078.3;0.002
14078.8;0.005
14079.3;0.005
14079.8;0.004
14080.3;0.008
14080.8;0.006
14081.3;0.007
14081.8;0.005
14082.3;0.003
14082.8;0.009
14083.3;0.006
14083.8;0.002
14084.3;0.009
14084.8;0.005
14085.3;0.005
14085.8;0.009
14086.3;0.003
14086.8;0.011
14087.3;0.005
14087.8;0.004
14088.3;0.006
14088.8;0.006
14089.3;0.012
14089.8;0.003
14090.3;0.008
14090.8;0.008
14091.3;0.01
14091.8;0.01
14092.3;0.006
14092.8;0.008
14093.3;0.007
14093.8;0.006
14094.3;0.012
14094.8;0.005
14095.3;0.003
14095.8;0.009
14096.3;0.006
14096.8;0.005
14097.3;0.005
14097.8;0.01
14098.3;0.003
14098.8;0.007
14099.3;0.007
14099.8;0.008
14100.3;0.014
14100.8;0.003
14101.3;0.004
14101.8;0.01
14102.3;0.006
14102.8;0.011
14103.3;0.004
14103.8;0.003
14104.3;0.003
14104.8;0.008
14105.3;0.006
14105.8;0.001
14106.3;0.001
14106.8;0.012
14107.3;0.002
14107.8;0.011
14108.3;0.006
14108.8;0.011
14109.3;0.009
14109.8;0.004
14110.3;0.004
14110.8;0.005
14111.3;0.005
14111.8;0.005
14112.3;0.005
14112.8;0.012
14113.3;0.002
14113.8;0.005
14114.3;0.01
14114.8;0.009
14115.3;0.006
14115.8;0.007
14116.3;0.01
14116.8;0.008
14117.3;0.005
14117.8;0.006
14118.3;0.004
14118.8;0.009
14119.3;0.008
14119.8;0.004
14120.3;0.004
14120.8;0.01
14121.3;0.004
14121.8;0.001
14122.3;0.008
14122.8;0.006
14123.3;0.004
14123.8;0.01
14124.3;0.01
14124.8;0.007
14125.3;0.009
14125.8;0.007
14126.3;0.007
14126.8;0.003
14127.3;0.007
14127.8;0.004
14128.3;0.003
14128.8;0.006
14129.3;0.002
14129.8;0.003
14130.3;0.003
14130.8;0.003
14131.3;0.006
14131.8;0.002
14132.3;0.003
14132.8;0.009
14133.3;0.008
14133.8;0.002
14134.3;0.002
14134.8;0.002
14135.3;0.001
14135.8;0.006
14136.3;0.003
14136.8;0.012
14137.3;0.005
14137.8;0.007
14138.3;0.008
14138.8;0.007
14139.3;0.0
14139.8;0.003
14140.3;0.008
14140.8;0.007
14141.3;0.004
14141.8;0.004
14142.3;0.009
14142.8;0.006
14143.3;0.002
14143.8;0.003
14144.3;0.001
14144.8;0.006
14145.3;0.008
14145.8;0.005
14146.3;0.006
14146.8;0.003
14147.3;0.005
14147.8;0.004
14148.3;0.01
14148.8;0.006
14149.3;0.01
14149.8;0.01
14150.3;0.004
14150.8;0.012
14151.3;0.003
14151.8;0.002
14152.3;0.001
14152.8;0.002
14153.3;0.003
14153.8;0.004
14154.3;0.013
14154.8;0.006
14155.3;0.01
14155.8;0.002
14156.3;0.007
14156.8;0.008
14157.3;0.007
14157.8;0.004
14158.3;0.006
14158.8;0.009
14159.3;0.005
14159.8;0.002
14160.3;0.01
14160.8;0.01
14161.3;0.004
14161.8;0.008
14162.3;0.002
14162.8;0.006
14163.3;0.005
14163.8;0.003
14164.3;0.005
14164.8;0.002
14165.3;0.005
14165.8;0.004
14166.3;0.009
14166.8;0.004
14167.3;0.011
14167.8;0.007
14168.3;0.003
14168.8;0.005
14169.3;0.004
14169.8;0.006
14170.3;0.008
14170.8;0.002
14171.3;0.007
14171.8;0.007
14172.3;0.006
14172.8;0.008
14173.3;0.002
14173.8;0.005
14174.3;0.005
14174.8;0.001
14175.3;0.005
14175.8;0.004
14176.3;0.012
14176.8;0.005
14177.3;0.006
14177.8;0.007
14178.3;0.004
14178.8;0.007
14179.3;0.008
14179.8;0.007
14180.3;0.002
14180.8;0.003
14181.3;0.004
14181.8;0.004
14182.3;0.005
14182.8;0.009
14183.3;0.001
14183.8;0.011
14184.3;0.003
14184.8;0.01
14185.3;0.002
14185.8;0.008
14186.3;0.007
14186.8;0.003
14187.3;0.005
14187.8;0.008
14188.3;0.006
14188.8;0.002
14189.3;0.005
14189.8;0.004
14190.3;0.003
14190.8;0.004
14191.3;0.005
14191.8;0.007
14192.3;0.006
14192.8;0.006
14193.3;0.008
14193.8;0.003
14194.3;0.005
14194.8;0.009
14195.3;0.004
14195.8;0.004
14196.3;0.007
14196.8;0.006
14197.3;0.007
14197.8;0.003
14198.3;0.004
14198.8;0.008
14199.3;0.008
14199.8;0.007
14200.3;0.006
14200.8;0.001
14201.3;0.013
14201.8;0.008
14202.3;0.006
14202.8;0.005
14203.3;0.002
14203.8;0.008
14204.3;0.004
14204.8;0.005
14205.3;0.007
14205.8;0.003
14206.3;0.007
14206.8;0.008
14207.3;0.007
14207.8;0.015
14208.3;0.005
14208.8;0.002
14209.3;0.009
14209.8;0.002
14210.3;0.002
14210.8;0.008
14211.3;0.004
14211.8;0.005
14212.3;0.002
14212.8;0.007
14213.3;0.004
14213.8;0.006
14214.3;0.014
14214.8;0.002
14215.3;0.006
14215.8;0.002
14216.3;0.003
14216.8;0.008
14217.3;0.006
14217.8;0.004
14218.3;0.003
14218.8;0.005
14219.3;0.004
14219.8;0.006
14220.3;0.006
14220.8;0.007
14221.3;0.004
14221.8;0.007
14222.3;0.006
14222.8;0.006
14223.3;0.007
14223.8;0.009
14224.3;0.002
14224.8;0.007
14225.3;0.009
14225.8;0.004
14226.3;0.009
14226.8;0.011
14227.3;0.005
14227.8;0.004
14228.3;0.005
14228.8;0.003
14229.3;0.006
14229.8;0.003
14230.3;0.009
14230.8;0.008
14231.3;0.002
14231.8;0.005
14232.3;0.008
14232.8;0.004
14233.3;0.002
14233.8;0.002
14234.3;0.005
14234.8;0.006
14235.3;0.003
14235.8;0.006
14236.3;0.004
14236.8;0.007
14237.3;0.006
14237.8;0.006
14238.3;0.003
14238.8;0.012
14239.3;0.002
14239.8;0.003
14240.3;0.006
14240.8;0.003
14241.3;0.002
14241.8;0.005
14242.3;0.006
14242.8;0.001
14243.3;0.001
14243.8;0.007
14244.3;0.006
14244.8;0.01
14245.3;0.005
14245.8;0.005
14246.3;0.005
14246.8;0.005
14247.3;0.009
14247.8;0.004
14248.3;0.005
14248.8;0.004
14249.3;0.008
14249.8;0.019
14250.3;0.012
14250.8;0.004
14251.3;0.008
14251.8;0.003
14252.3;0.008
14252.8;0.007
14253.3;0.012
14253.8;0.006
14254.3;0.005
14254.8;0.007
14255.3;0.005
14255.8;0.008
14256.3;0.005
14256.8;0.002
14257.3;0.003
14257.8;0.004
14258.3;0.008
14258.8;0.008
14259.3;0.003
14259.8;0.007
14260.3;0.003
14260.8;0.004
14261.3;0.001
14261.8;0.006
14262.3;0.004
14262.8;0.005
14263.3;0.006
14263.8;0.01
14264.3;0.006
14264.8;0.005
14265.3;0.004
14265.8;0.002
14266.3;0.005
14266.8;0.003
14267.3;0.006
14267.8;0.003
14268.3;0.005
14268.8;0.004
14269.3;0.004
14269.8;0.005
14270.3;0.007
14270.8;0.004
14271.3;0.007
14271.8;0.004
14272.3;0.009
14272.8;0.001
14273.3;0.011
14273.8;0.005
14274.3;0.006
14274.8;0.002
14275.3;0.011
14275.8;0.008
14276.3;0.01
14276.8;0.0
14277.3;0.002
14277.8;0.006
14278.3;0.007
14278.8;0.006
14279.3;0.005
14279.8;0.003
14280.3;0.008
14280.8;0.003
14281.3;0.001
14281.8;0.004
14282.3;0.009
14282.8;0.004
14283.3;0.002
14283.8;0.006
14284.3;0.009
14284.8;0.009
14285.3;0.005
14285.8;0.001
14286.3;0.003
14286.8;0.007
14287.3;0.002
14287.8;0.007
14288.3;0.005
14288.8;0.013
14289.3;0.001
14289.8;0.006
14290.3;0.003
14290.8;0.006
14291.3;0.01
14291.8;0.004
14292.3;0.004
14292.8;0.007
14293.3;0.004
14293.8;0.007
14294.3;0.006
14294.8;0.01
14295.3;0.003
14295.8;0.003
14296.3;0.002
14296.8;0.009
14297.3;0.003
14297.8;0.002
14298.3;0.003
14298.8;0.006
14299.3;0.01
14299.8;0.003
14300.3;0.01
14300.8;0.005
14301.3;0.003
14301.8;0.007
14302.3;0.005
14302.8;0.006
14303.3;0.001
14303.8;0.01
14304.3;0.005
14304.8;0.008
14305.3;0.005
14305.8;0.003
14306.3;0.005
14306.8;0.003
14307.3;0.007
14307.8;0.005
14308.3;0.004
14308.8;0.009
14309.3;0.002
14309.8;0.006
14310.3;0.008
14310.8;0.007
14311.3;0.003
14311.8;0.011
14312.3;0.005
14312.8;0.008
14313.3;0.01
14313.8;0.007
14314.3;0.004
14314.8;0.004
14315.3;0.006
14315.8;0.007
14316.3;0.005
14316.8;0.003
14317.3;0.006
14317.8;0.009
14318.3;0.006
14318.8;0.01
14319.3;0.002
14319.8;0.007
14320.3;0.005
14320.8;0.004
14321.3;0.003
14321.8;0.003
14322.3;0.004
14322.8;0.012
14323.3;0.006
14323.8;0.007
14324.3;0.001
14324.8;0.003
14325.3;0.007
14325.8;0.011
14326.3;0.006
14326.8;0.005
14327.3;0.003
14327.8;0.005
14328.3;0.005
14328.8;0.002
14329.3;0.012
14329.8;0.001
14330.3;0.008
14330.8;0.006
14331.3;0.002
14331.8;0.007
14332.3;0.01
14332.8;0.006
14333.3;0.012
14333.8;0.007
14334.3;0.005
14334.8;0.01
14335.3;0.007
14335.8;0.006
14336.3;0.003
14336.8;0.003
14337.3;0.004
14337.8;0.008
14338.3;0.006
14338.8;0.01
14339.3;0.003
14339.8;0.011
14340.3;0.003
14340.8;0.006
14341.3;0.01
14341.8;0.003
14342.3;0.005
14342.8;0.004
14343.3;0.006
14343.8;0.008
14344.3;0.009
14344.8;0.003
14345.3;0.002
14345.8;0.007
14346.3;0.002
14346.8;0.008
14347.3;0.002
14347.8;0.012
14348.3;0.006
14348.8;0.004
14349.3;0.004
14349.8;0.008
14350.3;0.01
14350.8;0.005
14351.3;0.007
14351.8;0.007
14352.3;0.009
14352.8;0.009
14353.3;0.007
14353.8;0.001
14354.3;0.005
14354.8;0.007
14355.3;0.009
14355.8;0.003
14356.3;0.008
14356.8;0.01
14357.3;0.004
14357.8;0.011
14358.3;0.007
14358.8;0.01
14359.3;0.002
14359.8;0.013
14360.3;0.005
14360.8;0.005
14361.3;0.003
14361.8;0.005
14362.3;0.003
14362.8;0.007
14363.3;0.009
14363.8;0.003
14364.3;0.006
14364.8;0.004
14365.3;0.005
14365.8;0.002
14366.3;0.007
14366.8;0.008
14367.3;0.007
14367.8;0.008
14368.3;0.003
14368.8;0.004
14369.3;0.005
14369.8;0.008
14370.3;0.004
14370.8;0.002
14371.3;0.008
14371.8;0.006
14372.3;0.001
14372.8;0.003
14373.3;0.006
14373.8;0.012
14374.3;0.004
14374.8;0.006
14375.3;0.011
14375.8;0.01
14376.3;0.004
14376.8;0.006
14377.3;0.003
14377.8;0.006
14378.3;0.004
14378.8;0.006
14379.3;0.005
14379.8;0.007
14380.3;0.005
14380.8;0.01
14381.3;0.003
14381.8;0.007
14382.3;0.009
14382.8;0.012
14383.3;0.004
14383.8;0.003
14384.3;0.003
14384.8;0.005
14385.3;0.004
14385.8;0.005
14386.3;0.003
14386.8;0.004
14387.3;0.008
14387.8;0.01
14388.3;0.002
14388.8;0.008
14389.3;0.004
14389.8;0.003
14390.3;0.007
14390.8;0.005
14391.3;0.003
14391.8;0.01
14392.3;0.005
14392.8;0.004
14393.3;0.008
14393.8;0.004
14394.3;0.003
14394.8;0.005
14395.3;0.007
14395.8;0.002
14396.3;0.004
14396.8;0.007
14397.3;0.004
14397.8;0.01
14398.3;0.009
14398.8;0.007
14399.3;0.005
14399.8;0.001
14400.3;0.005
14400.8;0.006
14401.3;0.008
14401.8;0.008
14402.3;0.003
14402.8;0.008
14403.3;0.004
14403.8;0.011
14404.3;0.002
14404.8;0.001
14405.3;0.002
14405.8;0.004
14406.3;0.013
14406.8;0.004
14407.3;0.006
14407.8;0.004
14408.3;0.009
14408.8;0.007
14409.3;0.013
14409.8;0.008
14410.3;0.006
14410.8;0.008
14411.3;0.004
14411.8;0.004
14412.3;0.006
14412.8;0.003
14413.3;0.01
14413.8;0.009
14414.3;0.01
14414.8;0.008
14415.3;0.006
14415.8;0.011
14416.3;0.008
14416.8;0.008
14417.3;0.003
14417.8;0.008
14418.3;0.003
14418.8;0.008
14419.3;0.004
14419.8;0.005
14420.3;0.004
14420.8;0.009
14421.3;0.005
14421.8;0.006
14422.3;0.01
14422.8;0.002
14423.3;0.004
14423.8;0.002
14424.3;0.008
14424.8;0.008
14425.3;0.004
14425.8;0.002
14426.3;0.005
14426.8;0.011
14427.3;0.008
14427.8;0.004
14428.3;0.002
14428.8;0.012
14429.3;0.004
14429.8;0.009
14430.3;0.006
14430.8;0.006
14431.3;0.01
14431.8;0.006
14432.3;0.009
14432.8;0.008
14433.3;0.004
14433.8;0.005
14434.3;0.006
14434.8;0.013
14435.3;0.015
14435.8;0.007
14436.3;0.002
14436.8;0.003
14437.3;0.005
14437.8;0.007
14438.3;0.004
14438.8;0.013
14439.3;0.005
14439.8;0.007
14440.3;0.003
14440.8;0.005
14441.3;0.005
14441.8;0.009
14442.3;0.006
14442.8;0.003
14443.3;0.004
14443.8;0.005
14444.3;0.004
14444.8;0.003
14445.3;0.002
14445.8;0.008
14446.3;0.006
14446.8;0.005
14447.3;0.005
14447.8;0.011
14448.3;0.001
14448.8;0.009
14449.3;0.004
14449.8;0.005
14450.3;0.004
14450.8;0.002
14451.3;0.002
14451.8;0.006
14452.3;0.012
14452.8;0.007
14453.3;0.004
14453.8;0.006
14454.3;0.004
14454.8;0.005
14455.3;0.001
14455.8;0.002
14456.3;0.005
14456.8;0.007
14457.3;0.006
14457.8;0.007
14458.3;0.005
14458.8;0.001
14459.3;0.009
14459.8;0.009
14460.3;0.006
14460.8;0.007
14461.3;0.007
14461.8;0.008
14462.3;0.001
14462.8;0.006
14463.3;0.008
14463.8;0.008
14464.3;0.003
14464.8;0.005
14465.3;0.006
14465.8;0.005
14466.3;0.006
14466.8;0.004
14467.3;0.01
14467.8;0.005
14468.3;0.008
14468.8;0.005
14469.3;0.006
14469.8;0.009
14470.3;0.003
14470.8;0.006
14471.3;0.007
14471.8;0.001
14472.3;0.008
14472.8;0.002
14473.3;0.011
14473.8;0.003
14474.3;0.009
14474.8;0.008
14475.3;0.002
14475.8;0.006
14476.3;0.012
14476.8;0.004
14477.3;0.001
14477.8;0.005
14478.3;0.005
14478.8;0.001
14479.3;0.005
14479.8;0.005
14480.3;0.011
14480.8;0.004
14481.3;0.006
14481.8;0.002
14482.3;0.003
14482.8;0.005
14483.3;0.008
14483.8;0.006
14484.3;0.009
14484.8;0.005
14485.3;0.007
14485.8;0.007
14486.3;0.003
14486.8;0.003
14487.3;0.004
14487.8;0.013
14488.3;0.01
14488.8;0.004
14489.3;0.005
14489.8;0.004
14490.3;0.004
14490.8;0.004
14491.3;0.005
14491.8;0.007
14492.3;0.0
14492.8;0.004
14493.3;0.002
14493.8;0.007
14494.3;0.01
14494.8;0.007
14495.3;0.009
14495.8;0.006
14496.3;0.004
14496.8;0.009
14497.3;0.005
14497.8;0.004
14498.3;0.003
14498.8;0.007
14499.3;0.011
14499.8;0.001
14500.3;0.006
14500.8;0.006
14501.3;0.007
14501.8;0.007
14502.3;0.007
14502.8;0.006
14503.3;0.006
14503.8;0.006
14504.3;0.004
14504.8;0.001
14505.3;0.006
14505.8;0.008
14506.3;0.007
14506.8;0.003
14507.3;0.007
14507.8;0.007
14508.3;0.003
14508.8;0.001
14509.3;0.008
14509.8;0.009
14510.3;0.008
14510.8;0.007
14511.3;0.003
14511.8;0.009
14512.3;0.006
14512.8;0.006
14513.3;0.002
14513.8;0.007
14514.3;0.004
14514.8;0.007
14515.3;0.009
14515.8;0.001
14516.3;0.005
14516.8;0.005
14517.3;0.008
14517.8;0.003
14518.3;0.005
14518.8;0.004
14519.3;0.005
14519.8;0.005
14520.3;0.008
14520.8;0.005
14521.3;0.007
14521.8;0.002
14522.3;0.007
14522.8;0.005
14523.3;0.008
14523.8;0.012
14524.3;0.005
14524.8;0.009
14525.3;0.006
14525.8;0.006
14526.3;0.009
14526.8;0.008
14527.3;0.003
14527.8;0.003
14528.3;0.006
14528.8;0.005
14529.3;0.008
14529.8;0.003
14530.3;0.008
14530.8;0.006
14531.3;0.004
14531.8;0.005
14532.3;0.002
14532.8;0.005
14533.3;0.013
14533.8;0.004
14534.3;0.004
14534.8;0.007
14535.3;0.004
14535.8;0.009
14536.3;0.008
14536.8;0.001
14537.3;0.009
14537.8;0.006
14538.3;0.005
14538.8;0.008
14539.3;0.006
14539.8;0.005
14540.3;0.006
14540.8;0.005
14541.3;0.008
14541.8;0.005
14542.3;0.004
14542.8;0.011
14543.3;0.008
14543.8;0.007
14544.3;0.005
14544.8;0.007
14545.3;0.002
14545.8;0.002
14546.3;0.003
14546.8;0.005
14547.3;0.006
14547.8;0.009
14548.3;0.008
14548.8;0.013
14549.3;0.002
14549.8;0.005
14550.3;0.013
14550.8;0.008
14551.3;0.001
14551.8;0.009
14552.3;0.008
14552.8;0.003
14553.3;0.008
14553.8;0.005
14554.3;0.002
14554.8;0.006
14555.3;0.011
14555.8;0.004
14556.3;0.006
14556.8;0.005
14557.3;0.003
14557.8;0.002
14558.3;0.003
14558.8;0.007
14559.3;0.005
14559.8;0.007
14560.3;0.007
14560.8;0.002
14561.3;0.007
14561.8;0.005
14562.3;0.003
14562.8;0.007
14563.3;0.005
14563.8;0.013
14564.3;0.01
14564.8;0.006
14565.3;0.004
14565.8;0.005
14566.3;0.008
14566.8;0.009
14567.3;0.008
14567.8;0.002
14568.3;0.011
14568.8;0.008
14569.3;0.002
14569.8;0.005
14570.3;0.005
14570.8;0.003
14571.3;0.007
14571.8;0.003
14572.3;0.007
14572.8;0.009
14573.3;0.004
14573.8;0.009
14574.3;0.002
14574.8;0.006
14575.3;0.011
14575.8;0.004
14576.3;0.003
14576.8;0.005
14577.3;0.005
14577.8;0.006
14578.3;0.006
14578.8;0.006
14579.3;0.001
14579.8;0.004
14580.3;0.005
14580.8;0.004
14581.3;0.007
14581.8;0.011
14582.3;0.007
14582.8;0.004
14583.3;0.001
14583.8;0.003
14584.3;0.004
14584.8;0.007
14585.3;0.003
14585.8;0.007
14586.3;0.006
14586.8;0.005
14587.3;0.004
14587.8;0.008
14588.3;0.008
14588.8;0.002
14589.3;0.008
14589.8;0.003
14590.3;0.004
14590.8;0.008
14591.3;0.006
14591.8;0.006
14592.3;0.006
14592.8;0.006
14593.3;0.006
14593.8;0.0
14594.3;0.004
14594.8;0.005
14595.3;0.001
14595.8;0.003
14596.3;0.008
14596.8;0.004
14597.3;0.002
14597.8;0.008
14598.3;0.004
14598.8;0.01
14599.3;0.003
14599.8;0.003
14600.3;0.002
14600.8;0.002
14601.3;0.005
14601.8;0.01
14602.3;0.003
14602.8;0.009
14603.3;0.004
14603.8;0.002
14604.3;0.005
14604.8;0.007
14605.3;0.002
14605.8;0.009
14606.3;0.004
14606.8;0.005
14607.3;0.008
14607.8;0.01
14608.3;0.002
14608.8;0.004
14609.3;0.003
14609.8;0.007
14610.3;0.006
14610.8;0.004
14611.3;0.008
14611.8;0.006
14612.3;0.006
14612.8;0.006
14613.3;0.007
14613.8;0.012
14614.3;0.006
14614.8;0.007
14615.3;0.001
14615.8;0.004
14616.3;0.003
14616.8;0.004
14617.3;0.003
14617.8;0.004
14618.3;0.005
14618.8;0.005
14619.3;0.005
14619.8;0.004
14620.3;0.006
14620.8;0.006
14621.3;0.001
14621.8;0.006
14622.3;0.005
14622.8;0.0
14623.3;0.008
14623.8;0.008
14624.3;0.004
14624.8;0.005
14625.3;0.009
14625.8;0.002
14626.3;0.002
14626.8;0.009
14627.3;0.006
14627.8;0.003
14628.3;0.003
14628.8;0.007
14629.3;0.007
14629.8;0.003
14630.3;0.003
14630.8;0.006
14631.3;0.008
14631.8;0.005
14632.3;0.005
14632.8;0.006
14633.3;0.006
14633.8;0.002
14634.3;0.004
14634.8;0.009
14635.3;0.007
14635.8;0.004
14636.3;0.008
14636.8;0.007
14637.3;0.003
14637.8;0.004
14638.3;0.008
14638.8;0.009
14639.3;0.007
14639.8;0.003
14640.3;0.002
14640.8;0.004
14641.3;0.009
14641.8;0.006
14642.3;0.005
14642.8;0.002
14643.3;0.007
14643.8;0.005
14644.3;0.003
14644.8;0.001
14645.3;0.003
14645.8;0.003
14646.3;0.012
14646.8;0.006
14647.3;0.004
14647.8;0.006
14648.3;0.005
14648.8;0.003
14649.3;0.004
14649.8;0.001
14650.3;0.002
14650.8;0.01
14651.3;0.008
14651.8;0.004
14652.3;0.004
14652.8;0.004
14653.3;0.0
14653.8;0.004
14654.3;0.005
14654.8;0.01
14655.3;0.001
14655.8;0.005
14656.3;0.002
14656.8;0.006
14657.3;0.001
14657.8;0.007
14658.3;0.003
14658.8;0.006
14659.3;0.006
14659.8;0.006
14660.3;0.002
14660.8;0.012
14661.3;0.004
14661.8;0.004
14662.3;0.003
14662.8;0.003
14663.3;0.004
14663.8;0.001
14664.3;0.006
14664.8;0.004
14665.3;0.005
14665.8;0.008
14666.3;0.008
14666.8;0.006
14667.3;0.003
14667.8;0.007
14668.3;0.002
14668.8;0.005
14669.3;0.001
14669.8;0.008
14670.3;0.006
14670.8;0.007
14671.3;0.006
14671.8;0.005
14672.3;0.002
14672.8;0.008
14673.3;0.002
14673.8;0.003
14674.3;0.003
14674.8;0.008
14675.3;0.005
14675.8;0.005
14676.3;0.001
14676.8;0.006
14677.3;0.004
14677.8;0.009
14678.3;0.007
14678.8;0.008
14679.3;0.006
14679.8;0.007
14680.3;0.007
14680.8;0.002
14681.3;0.008
14681.8;0.003
14682.3;0.004
14682.8;0.006
14683.3;0.009
14683.8;0.01
14684.3;0.005
14684.8;0.009
14685.3;0.002
14685.8;0.002
14686.3;0.004
14686.8;0.005
14687.3;0.01
14687.8;0.0
14688.3;0.002
14688.8;0.005
14689.3;0.006
14689.8;0.008
14690.3;0.001
14690.8;0.007
14691.3;0.004
14691.8;0.001
14692.3;0.005
14692.8;0.006
14693.3;0.009
14693.8;0.008
14694.3;0.01
14694.8;0.008
14695.3;0.006
14695.8;0.005
14696.3;0.003
14696.8;0.007
14697.3;0.002
14697.8;0.005
14698.3;0.003
14698.8;0.01
14699.3;0.003
14699.8;0.01
14700.3;0.005
14700.8;0.002
14701.3;0.004
14701.8;0.012
14702.3;0.001
14702.8;0.006
14703.3;0.007
14703.8;0.01
14704.3;0.007
14704.8;0.007
14705.3;0.004
14705.8;0.003
14706.3;0.006
14706.8;0.006
14707.3;0.01
14707.8;0.009
14708.3;0.002
14708.8;0.004
14709.3;0.007
14709.8;0.001
14710.3;0.004
14710.8;0.002
14711.3;0.008
14711.8;0.001
14712.3;0.001
14712.8;0.005
14713.3;0.002
14713.8;0.003
14714.3;0.009
14714.8;0.01
14715.3;0.011
14715.8;0.004
14716.3;0.007
14716.8;0.005
14717.3;0.007
14717.8;0.005
14718.3;0.004
14718.8;0.004
14719.3;0.01
14719.8;0.001
14720.3;0.003
14720.8;0.001
14721.3;0.003
14721.8;0.004
14722.3;0.007
14722.8;0.004
14723.3;0.001
14723.8;0.002
14724.3;0.008
14724.8;0.002
14725.3;0.002
14725.8;0.012
14726.3;0.002
14726.8;0.005
14727.3;0.008
14727.8;0.007
14728.3;0.007
14728.8;0.006
14729.3;0.009
14729.8;0.014
14730.3;0.005
14730.8;0.007
14731.3;0.006
14731.8;0.007
14732.3;0.002
14732.8;0.007
14733.3;0.006
14733.8;0.004
14734.3;0.01
14734.8;0.003
14735.3;0.005
14735.8;0.003
14736.3;0.005
14736.8;0.006
14737.3;0.008
14737.8;0.002
14738.3;0.006
14738.8;0.003
14739.3;0.006
14739.8;0.007
14740.3;0.002
14740.8;0.007
14741.3;0.013
14741.8;0.003
14742.3;0.003
14742.8;0.008
14743.3;0.004
14743.8;0.002
14744.3;0.009
14744.8;0.005
14745.3;0.006
14745.8;0.006
14746.3;0.008
14746.8;0.006
14747.3;0.011
14747.8;0.004
14748.3;0.002
14748.8;0.009
14749.3;0.006
14749.8;0.003
14750.3;0.001
14750.8;0.008
14751.3;0.006
14751.8;0.007
14752.3;0.007
14752.8;0.004
14753.3;0.001
14753.8;0.003
14754.3;0.004
14754.8;0.007
14755.3;0.007
14755.8;0.003
14756.3;0.005
14756.8;0.005
14757.3;0.003
14757.8;0.006
14758.3;0.008
14758.8;0.01
14759.3;0.001
14759.8;0.007
14760.3;0.009
14760.8;0.004
14761.3;0.004
14761.8;0.003
14762.3;0.009
14762.8;0.005
14763.3;0.01
14763.8;0.01
14764.3;0.005
14764.8;0.003
14765.3;0.004
14765.8;0.002
14766.3;0.011
14766.8;0.008
14767.3;0.013
14767.8;0.009
14768.3;0.009
14768.8;0.003
14769.3;0.004
14769.8;0.008
14770.3;0.008
14770.8;0.005
14771.3;0.008
14771.8;0.002
14772.3;0.004
14772.8;0.004
14773.3;0.007
14773.8;0.002
14774.3;0.007
14774.8;0.004
14775.3;0.009
14775.8;0.005
14776.3;0.007
14776.8;0.004
14777.3;0.009
14777.8;0.011
14778.3;0.003
14778.8;0.007
14779.3;0.006
14779.8;0.008
14780.3;0.003
14780.8;0.001
14781.3;0.004
14781.8;0.001
14782.3;0.008
14782.8;0.001
14783.3;0.008
14783.8;0.005
14784.3;0.004
14784.8;0.004
14785.3;0.005
14785.8;0.01
14786.3;0.006
14786.8;0.002
14787.3;0.007
14787.8;0.006
14788.3;0.011
14788.8;0.006
14789.3;0.005
14789.8;0.004
14790.3;0.005
14790.8;0.005
14791.3;0.005
14791.8;0.002
14792.3;0.005
14792.8;0.003
14793.3;0.005
14793.8;0.008
14794.3;0.004
14794.8;0.005
14795.3;0.003
14795.8;0.004
14796.3;0.009
14796.8;0.004
14797.3;0.005
14797.8;0.008
14798.3;0.005
14798.8;0.008
14799.3;0.004
14799.8;0.003
14800.3;0.004
14800.8;0.01
14801.3;0.006
14801.8;0.006
14802.3;0.004
14802.8;0.006
14803.3;0.004
14803.8;0.004
14804.3;0.003
14804.8;0.006
14805.3;0.001
14805.8;0.006
14806.3;0.006
14806.8;0.007
14807.3;0.007
14807.8;0.002
14808.3;0.001
14808.8;0.002
14809.3;0.008
14809.8;0.002
14810.3;0.007
14810.8;0.005
14811.3;0.002
14811.8;0.009
14812.3;0.009
14812.8;0.002
14813.3;0.002
14813.8;0.007
14814.3;0.002
14814.8;0.004
14815.3;0.007
14815.8;0.009
14816.3;0.003
14816.8;0.006
14817.3;0.006
14817.8;0.002
14818.3;0.007
14818.8;0.005
14819.3;0.007
14819.8;0.003
14820.3;0.004
14820.8;0.004
14821.3;0.003
14821.8;0.001
14822.3;0.004
14822.8;0.009
14823.3;0.004
14823.8;0.004
14824.3;0.004
14824.8;0.002
14825.3;0.004
14825.8;0.012
14826.3;0.005
14826.8;0.006
14827.3;0.005
14827.8;0.003
14828.3;0.002
14828.8;0.007
14829.3;0.003
14829.8;0.004
14830.3;0.002
14830.8;0.003
14831.3;0.004
14831.8;0.008
14832.3;0.002
14832.8;0.001
14833.3;0.001
14833.8;0.01
14834.3;0.005
14834.8;0.005
14835.3;0.004
14835.8;0.003
14836.3;0.005
14836.8;0.009
14837.3;0.005
14837.8;0.008
14838.3;0.006
14838.8;0.003
14839.3;0.004
14839.8;0.004
14840.3;0.01
14840.8;0.001
14841.3;0.013
14841.8;0.008
14842.3;0.009
14842.8;0.008
14843.3;0.004
14843.8;0.004
14844.3;0.004
14844.8;0.005
14845.3;0.01
14845.8;0.002
14846.3;0.005
14846.8;0.008
14847.3;0.013
14847.8;0.004
14848.3;0.003
14848.8;0.002
14849.3;0.006
14849.8;0.003
14850.3;0.006
14850.8;0.006
14851.3;0.011
14851.8;0.007
14852.3;0.004
14852.8;0.005
14853.3;0.001
14853.8;0.003
14854.3;0.004
14854.8;0.008
14855.3;0.002
14855.8;0.006
14856.3;0.007
14856.8;0.006
14857.3;0.002
14857.8;0.004
14858.3;0.003
14858.8;0.007
14859.3;0.005
14859.8;0.002
14860.3;0.005
14860.8;0.004
14861.3;0.002
14861.8;0.003
14862.3;0.003
14862.8;0.005
14863.3;0.002
14863.8;0.004
14864.3;0.005
14864.8;0.003
14865.3;0.006
14865.8;0.003
14866.3;0.003
14866.8;0.005
14867.3;0.007
14867.8;0.004
14868.3;0.002
14868.8;0.01
14869.3;0.006
14869.8;0.005
14870.3;0.011
14870.8;0.002
14871.3;0.004
14871.8;0.0
14872.3;0.008
14872.8;0.003
14873.3;0.003
14873.8;0.005
14874.3;0.005
14874.8;0.004
14875.3;0.007
14875.8;0.008
14876.3;0.003
14876.8;0.007
14877.3;0.003
14877.8;0.003
14878.3;0.008
14878.8;0.008
14879.3;0.008
14879.8;0.003
14880.3;0.008
14880.8;0.006
14881.3;0.006
14881.8;0.008
14882.3;0.004
14882.8;0.007
14883.3;0.007
14883.8;0.004
14884.3;0.009
14884.8;0.01
14885.3;0.001
14885.8;0.005
14886.3;0.005
14886.8;0.007
14887.3;0.006
14887.8;0.004
14888.3;0.004
14888.8;0.003
14889.3;0.001
14889.8;0.003
14890.3;0.003
14890.8;0.006
14891.3;0.003
14891.8;0.005
14892.3;0.008
14892.8;0.01
14893.3;0.001
14893.8;0.004
14894.3;0.001
14894.8;0.003
14895.3;0.002
14895.8;0.006
14896.3;0.009
14896.8;0.009
14897.3;0.005
14897.8;0.004
14898.3;0.007
14898.8;0.002
14899.3;0.009
14899.8;0.009
14900.3;0.007
14900.8;0.012
14901.3;0.005
14901.8;0.005
14902.3;0.001
14902.8;0.004
14903.3;0.008
14903.8;0.008
14904.3;0.006
14904.8;0.003
14905.3;0.01
14905.8;0.006
14906.3;0.008
14906.8;0.004
14907.3;0.001
14907.8;0.005
14908.3;0.005
14908.8;0.008
14909.3;0.004
14909.8;0.004
14910.3;0.009
14910.8;0.006
14911.3;0.003
14911.8;0.005
14912.3;0.007
14912.8;0.006
14913.3;0.006
14913.8;0.002
14914.3;0.003
14914.8;0.008
14915.3;0.005
14915.8;0.001
14916.3;0.003
14916.8;0.006
14917.3;0.005
14917.8;0.006
14918.3;0.004
14918.8;0.01
14919.3;0.002
14919.8;0.005
14920.3;0.007
14920.8;0.004
14921.3;0.003
14921.8;0.006
14922.3;0.01
14922.8;0.005
14923.3;0.003
14923.8;0.004
14924.3;0.009
14924.8;0.01
14925.3;0.006
14925.8;0.004
14926.3;0.003
14926.8;0.007
14927.3;0.004
14927.8;0.002
14928.3;0.01
14928.8;0.007
14929.3;0.009
14929.8;0.003
14930.3;0.002
14930.8;0.002
14931.3;0.003
14931.8;0.006
14932.3;0.005
14932.8;0.002
14933.3;0.003
14933.8;0.007
14934.3;0.004
14934.8;0.004
14935.3;0.007
14935.8;0.003
14936.3;0.006
14936.8;0.008
14937.3;0.008
14937.8;0.004
14938.3;0.01
14938.8;0.009
14939.3;0.007
14939.8;0.002
14940.3;0.006
14940.8;0.002
14941.3;0.001
14941.8;0.009
14942.3;0.004
14942.8;0.009
14943.3;0.003
14943.8;0.002
14944.3;0.001
14944.8;0.003
14945.3;0.005
14945.8;0.004
14946.3;0.009
14946.8;0.007
14947.3;0.003
14947.8;0.006
14948.3;0.003
14948.8;0.005
14949.3;0.006
14949.8;0.004
14950.3;0.004
14950.8;0.002
14951.3;0.003
14951.8;0.001
14952.3;0.008
14952.8;0.005
14953.3;0.007
14953.8;0.007
14954.3;0.004
14954.8;0.01
14955.3;0.004
14955.8;0.005
14956.3;0.002
14956.8;0.01
14957.3;0.005
14957.8;0.006
14958.3;0.005
14958.8;0.008
14959.3;0.003
14959.8;0.007
14960.3;0.002
14960.8;0.008
14961.3;0.005
14961.8;0.002
14962.3;0.008
14962.8;0.011
14963.3;0.008
14963.8;0.007
14964.3;0.001
14964.8;0.003
14965.3;0.004
14965.8;0.004
14966.3;0.003
14966.8;0.003
14967.3;0.004
14967.8;0.009
14968.3;0.01
14968.8;0.007
14969.3;0.007
14969.8;0.003
14970.3;0.006
14970.8;0.005
14971.3;0.004
14971.8;0.009
14972.3;0.001
14972.8;0.009
14973.3;0.008
14973.8;0.003
14974.3;0.006
14974.8;0.004
14975.3;0.009
14975.8;0.006
14976.3;0.004
14976.8;0.006
14977.3;0.003
14977.8;0.001
14978.3;0.004
14978.8;0.005
14979.3;0.011
14979.8;0.002
14980.3;0.008
14980.8;0.007
14981.3;0.007
14981.8;0.007
14982.3;0.004
14982.8;0.004
14983.3;0.003
14983.8;0.007
14984.3;0.004
14984.8;0.009
14985.3;0.0
14985.8;0.002
14986.3;0.002
14986.8;0.011
14987.3;0.0
14987.8;0.003
14988.3;0.007
14988.8;0.005
14989.3;0.002
14989.8;0.011
14990.3;0.006
14990.8;0.004
14991.3;0.006
14991.8;0.007
14992.3;0.003
14992.8;0.002
14993.3;0.002
14993.8;0.003
14994.3;0.003
14994.8;0.004
14995.3;0.001
14995.8;0.003
14996.3;0.007
14996.8;0.005
14997.3;0.005
14997.8;0.007
14998.3;0.003
14998.8;0.007
14999.3;0.01
14999.8;0.005
15000.3;0.002
15000.8;0.011
15001.3;0.002
15001.8;0.004
15002.3;0.009
15002.8;0.005
15003.3;0.004
15003.8;0.008
15004.3;0.001
15004.8;0.004
15005.3;0.006
15005.8;0.003
15006.3;0.003
15006.8;0.002
15007.3;0.007
15007.8;0.005
15008.3;0.003
15008.8;0.012
15009.3;0.011
15009.8;0.003
15010.3;0.003
15010.8;0.009
15011.3;0.003
15011.8;0.003
15012.3;0.008
15012.8;0.004
15013.3;0.004
15013.8;0.003
15014.3;0.006
15014.8;0.005
15015.3;0.005
15015.8;0.006
15016.3;0.004
15016.8;0.007
15017.3;0.005
15017.8;0.005
15018.3;0.006
15018.8;0.001
15019.3;0.004
15019.8;0.006
15020.3;0.007
15020.8;0.004
15021.3;0.005
15021.8;0.002
15022.3;0.004
15022.8;0.008
15023.3;0.004
15023.8;0.002
15024.3;0.003
15024.8;0.004
15025.3;0.01
15025.8;0.008
15026.3;0.004
15026.8;0.004
15027.3;0.003
15027.8;0.007
15028.3;0.006
15028.8;0.004
15029.3;0.008
15029.8;0.005
15030.3;0.004
15030.8;0.003
15031.3;0.008
15031.8;0.012
15032.3;0.006
15032.8;0.005
15033.3;0.008
15033.8;0.009
15034.3;0.006
15034.8;0.003
15035.3;0.004
15035.8;0.002
15036.3;0.004
15036.8;0.004
15037.3;0.003
15037.8;0.006
15038.3;0.005
15038.8;0.005
15039.3;0.005
15039.8;0.006
15040.3;0.004
15040.8;0.01
15041.3;0.012
15041.8;0.008
15042.3;0.006
15042.8;0.007
15043.3;0.007
15043.8;0.005
15044.3;0.004
15044.8;0.009
15045.3;0.009
15045.8;0.005
15046.3;0.005
15046.8;0.002
15047.3;0.011
15047.8;0.003
15048.3;0.004
15048.8;0.01
15049.3;0.005
15049.8;0.004
15050.3;0.007
15050.8;0.001
15051.3;0.007
15051.8;0.005
15052.3;0.004
15052.8;0.002
15053.3;0.007
15053.8;0.006
15054.3;0.001
15054.8;0.003
15055.3;0.004
15055.8;0.005
15056.3;0.01
15056.8;0.007
15057.3;0.004
15057.8;0.006
15058.3;0.012
15058.8;0.001
15059.3;0.005
15059.8;0.006
15060.3;0.002
15060.8;0.002
15061.3;0.002
15061.8;0.006
15062.3;0.008
15062.8;0.007
15063.3;0.005
15063.8;0.001
15064.3;0.006
15064.8;0.006
15065.3;0.002
15065.8;0.002
15066.3;0.006
15066.8;0.004
15067.3;0.009
15067.8;0.003
15068.3;0.002
15068.8;0.006
15069.3;0.007
15069.8;0.01
15070.3;0.004
15070.8;0.005
15071.3;0.01
15071.8;0.007
15072.3;0.008
15072.8;0.005
15073.3;0.004
15073.8;0.006
15074.3;0.002
15074.8;0.003
15075.3;0.003
15075.8;0.005
15076.3;0.003
15076.8;0.004
15077.3;0.005
15077.8;0.006
15078.3;0.002
15078.8;0.006
15079.3;0.005
15079.8;0.008
15080.3;0.003
15080.8;0.009
15081.3;0.003
15081.8;0.002
15082.3;0.003
15082.8;0.004
15083.3;0.003
15083.8;0.003
15084.3;0.003
15084.8;0.002
15085.3;0.009
15085.8;0.005
15086.3;0.007
15086.8;0.004
15087.3;0.007
15087.8;0.004
15088.3;0.001
15088.8;0.004
15089.3;0.004
15089.8;0.008
15090.3;0.004
15090.8;0.005
15091.3;0.006
15091.8;0.006
15092.3;0.007
15092.8;0.005
15093.3;0.003
15093.8;0.004
15094.3;0.004
15094.8;0.003
15095.3;0.002
15095.8;0.005
15096.3;0.005
15096.8;0.003
15097.3;0.004
15097.8;0.009
15098.3;0.003
15098.8;0.003
15099.3;0.005
15099.8;0.0
15100.3;0.002
15100.8;0.003
15101.3;0.001
15101.8;0.003
15102.3;0.01
15102.8;0.001
15103.3;0.005
15103.8;0.005
15104.3;0.002
15104.8;0.003
15105.3;0.001
15105.8;0.002
15106.3;0.007
15106.8;0.002
15107.3;0.005
15107.8;0.01
15108.3;0.005
15108.8;0.006
15109.3;0.002
15109.8;0.001
15110.3;0.006
15110.8;0.006
15111.3;0.004
15111.8;0.007
15112.3;0.006
15112.8;0.005
15113.3;0.008
15113.8;0.0
15114.3;0.009
15114.8;0.004
15115.3;0.006
15115.8;0.007
15116.3;0.002
15116.8;0.004
15117.3;0.002
15117.8;0.002
15118.3;0.007
15118.8;0.009
15119.3;0.006
15119.8;0.003
15120.3;0.007
15120.8;0.006
15121.3;0.01
15121.8;0.006
15122.3;0.007
15122.8;0.005
15123.3;0.008
15123.8;0.002
15124.3;0.006
15124.8;0.002
15125.3;0.004
15125.8;0.01
15126.3;0.002
15126.8;0.003
15127.3;0.002
15127.8;0.004
15128.3;0.004
15128.8;0.008
15129.3;0.001
15129.8;0.005
15130.3;0.003
15130.8;0.005
15131.3;0.004
15131.8;0.007
15132.3;0.004
15132.8;0.003
15133.3;0.001
15133.8;0.005
15134.3;0.009
15134.8;0.009
15135.3;0.003
15135.8;0.006
15136.3;0.004
15136.8;0.005
15137.3;0.007
15137.8;0.002
15138.3;0.002
15138.8;0.006
15139.3;0.003
15139.8;0.008
15140.3;0.007
15140.8;0.007
15141.3;0.006
15141.8;0.002
15142.3;0.007
15142.8;0.001
15143.3;0.012
15143.8;0.005
15144.3;0.002
15144.8;0.007
15145.3;0.005
15145.8;0.004
15146.3;0.006
15146.8;0.002
15147.3;0.007
15147.8;0.004
15148.3;0.013
15148.8;0.007
15149.3;0.006
15149.8;0.001
15150.3;0.005
15150.8;0.004
15151.3;0.004
15151.8;0.004
15152.3;0.005
15152.8;0.003
15153.3;0.003
15153.8;0.007
15154.3;0.003
15154.8;0.002
15155.3;0.006
15155.8;0.006
15156.3;0.001
15156.8;0.008
15157.3;0.007
15157.8;0.006
15158.3;0.002
15158.8;0.004
15159.3;0.003
15159.8;0.003
15160.3;0.004
15160.8;0.005
15161.3;0.007
15161.8;0.005
15162.3;0.001
15162.8;0.007
15163.3;0.004
15163.8;0.009
15164.3;0.006
15164.8;0.003
15165.3;0.008
15165.8;0.009
15166.3;0.007
15166.8;0.006
15167.3;0.007
15167.8;0.003
15168.3;0.002
15168.8;0.003
15169.3;0.007
15169.8;0.004
15170.3;0.006
15170.8;0.004
15171.3;0.008
15171.8;0.008
15172.3;0.008
15172.8;0.002
15173.3;0.008
15173.8;0.004
15174.3;0.002
15174.8;0.005
15175.3;0.006
15175.8;0.009
15176.3;0.01
15176.8;0.004
15177.3;0.005
15177.8;0.002
15178.3;0.009
15178.8;0.007
15179.3;0.007
15179.8;0.005
15180.3;0.011
15180.8;0.006
15181.3;0.004
15181.8;0.005
15182.3;0.003
15182.8;0.007
15183.3;0.005
15183.8;0.006
15184.3;0.001
15184.8;0.002
15185.3;0.004
15185.8;0.004
15186.3;0.008
15186.8;0.007
15187.3;0.004
15187.8;0.008
15188.3;0.006
15188.8;0.004
15189.3;0.007
15189.8;0.003
15190.3;0.002
15190.8;0.006
15191.3;0.006
15191.8;0.007
15192.3;0.001
15192.8;0.002
15193.3;0.01
15193.8;0.002
15194.3;0.01
15194.8;0.004
15195.3;0.005
15195.8;0.002
15196.3;0.004
15196.8;0.001
15197.3;0.01
15197.8;0.004
15198.3;0.008
15198.8;0.002
15199.3;0.008
15199.8;0.004
15200.3;0.007
15200.8;0.008
15201.3;0.006
15201.8;0.005
15202.3;0.001
15202.8;0.004
15203.3;0.005
15203.8;0.007
15204.3;0.007
15204.8;0.008
15205.3;0.009
15205.8;0.005
15206.3;0.003
15206.8;0.006
15207.3;0.004
15207.8;0.006
15208.3;0.006
15208.8;0.006
15209.3;0.001
15209.8;0.01
15210.3;0.006
15210.8;0.01
15211.3;0.006
15211.8;0.005
15212.3;0.005
15212.8;0.005
15213.3;0.006
15213.8;0.007
15214.3;0.001
15214.8;0.0
15215.3;0.004
15215.8;0.005
15216.3;0.006
15216.8;0.005
15217.3;0.003
15217.8;0.008
15218.3;0.003
15218.8;0.007
15219.3;0.009
15219.8;0.008
15220.3;0.009
15220.8;0.002
15221.3;0.002
15221.8;0.007
15222.3;0.005
15222.8;0.004
15223.3;0.004
15223.8;0.007
15224.3;0.005
15224.8;0.001
15225.3;0.001
15225.8;0.008
15226.3;0.004
15226.8;0.007
15227.3;0.007
15227.8;0.009
15228.3;0.004
15228.8;0.006
15229.3;0.007
15229.8;0.004
15230.3;0.001
15230.8;0.002
15231.3;0.007
15231.8;0.003
15232.3;0.007
15232.8;0.009
15233.3;0.006
15233.8;0.004
15234.3;0.003
15234.8;0.008
15235.3;0.001
15235.8;0.003
15236.3;0.003
15236.8;0.004
15237.3;0.005
15237.8;0.01
15238.3;0.007
15238.8;0.007
15239.3;0.002
15239.8;0.006
15240.3;0.003
15240.8;0.004
15241.3;0.004
15241.8;0.002
15242.3;0.004
15242.8;0.005
15243.3;0.004
15243.8;0.007
15244.3;0.003
15244.8;0.006
15245.3;0.005
15245.8;0.007
15246.3;0.009
15246.8;0.007
15247.3;0.006
15247.8;0.008
15248.3;0.009
15248.8;0.004
15249.3;0.006
15249.8;0.01
15250.3;0.003
15250.8;0.005
15251.3;0.007
15251.8;0.005
15252.3;0.005
15252.8;0.009
15253.3;0.007
15253.8;0.005
15254.3;0.006
15254.8;0.005
15255.3;0.007
15255.8;0.009
15256.3;0.004
15256.8;0.007
15257.3;0.004
15257.8;0.004
15258.3;0.001
15258.8;0.008
15259.3;0.003
15259.8;0.006
15260.3;0.002
15260.8;0.004
15261.3;0.003
15261.8;0.006
15262.3;0.012
15262.8;0.003
15263.3;0.006
15263.8;0.002
15264.3;0.003
15264.8;0.006
15265.3;0.002
15265.8;0.006
15266.3;0.007
15266.8;0.006
15267.3;0.006
15267.8;0.011
15268.3;0.005
15268.8;0.006
15269.3;0.006
15269.8;0.007
15270.3;0.002
15270.8;0.01
15271.3;0.008
15271.8;0.002
15272.3;0.003
15272.8;0.006
15273.3;0.0
15273.8;0.006
15274.3;0.004
15274.8;0.005
15275.3;0.006
15275.8;0.005
15276.3;0.005
15276.8;0.005
15277.3;0.005
15277.8;0.005
15278.3;0.002
15278.8;0.01
15279.3;0.011
15279.8;0.006
15280.3;0.001
15280.8;0.005
15281.3;0.007
15281.8;0.008
15282.3;0.005
15282.8;0.003
15283.3;0.0
15283.8;0.007
15284.3;0.005
15284.8;0.008
15285.3;0.011
15285.8;0.002
15286.3;0.001
15286.8;0.005
15287.3;0.004
15287.8;0.007
15288.3;0.007
15288.8;0.003
15289.3;0.006
15289.8;0.002
15290.3;0.001
15290.8;0.005
15291.3;0.006
15291.8;0.005
15292.3;0.004
15292.8;0.005
15293.3;0.005
15293.8;0.009
15294.3;0.006
15294.8;0.004
15295.3;0.005
15295.8;0.008
15296.3;0.006
15296.8;0.007
15297.3;0.005
15297.8;0.008
15298.3;0.003
15298.8;0.006
15299.3;0.006
15299.8;0.007
15300.3;0.007
15300.8;0.001
15301.3;0.001
15301.8;0.01
15302.3;0.005
15302.8;0.008
15303.3;0.002
15303.8;0.004
15304.3;0.003
15304.8;0.004
15305.3;0.007
15305.8;0.009
15306.3;0.01
15306.8;0.004
15307.3;0.007
15307.8;0.003
15308.3;0.005
15308.8;0.003
15309.3;0.011
15309.8;0.011
15310.3;0.008
15310.8;0.008
15311.3;0.007
15311.8;0.009
15312.3;0.006
15312.8;0.006
15313.3;0.005
15313.8;0.006
15314.3;0.003
15314.8;0.004
15315.3;0.006
15315.8;0.005
15316.3;0.004
15316.8;0.01
15317.3;0.003
15317.8;0.009
15318.3;0.01
15318.8;0.005
15319.3;0.005
15319.8;0.003
15320.3;0.007
15320.8;0.007
15321.3;0.007
15321.8;0.009
15322.3;0.005
15322.8;0.003
15323.3;0.007
15323.8;0.007
15324.3;0.006
15324.8;0.005
15325.3;0.009
15325.8;0.005
15326.3;0.005
15326.8;0.007
15327.3;0.001
15327.8;0.003
15328.3;0.007
15328.8;0.004
15329.3;0.007
15329.8;0.004
15330.3;0.005
15330.8;0.001
15331.3;0.009
15331.8;0.004
15332.3;0.004
15332.8;0.008
15333.3;0.005
15333.8;0.004
15334.3;0.002
15334.8;0.003
15335.3;0.006
15335.8;0.007
15336.3;0.003
15336.8;0.004
15337.3;0.005
15337.8;0.006
15338.3;0.002
15338.8;0.004
15339.3;0.006
15339.8;0.004
15340.3;0.008
15340.8;0.0
15341.3;0.003
15341.8;0.004
15342.3;0.006
15342.8;0.005
15343.3;0.002
15343.8;0.006
15344.3;0.006
15344.8;0.008
15345.3;0.003
15345.8;0.005
15346.3;0.004
15346.8;0.008
15347.3;0.006
15347.8;0.002
15348.3;0.008
15348.8;0.007
15349.3;0.006
15349.8;0.006
15350.3;0.005
15350.8;0.002
15351.3;0.005
15351.8;0.008
15352.3;0.003
15352.8;0.011
15353.3;0.005
15353.8;0.008
15354.3;0.007
15354.8;0.005
15355.3;0.008
15355.8;0.004
15356.3;0.007
15356.8;0.001
15357.3;0.002
15357.8;0.013
15358.3;0.003
15358.8;0.003
15359.3;0.003
15359.8;0.001
15360.3;0.005
15360.8;0.005
15361.3;0.004
15361.8;0.004
15362.3;0.003
15362.8;0.002
15363.3;0.004
15363.8;0.006
15364.3;0.003
15364.8;0.006
15365.3;0.008
15365.8;0.005
15366.3;0.003
15366.8;0.004
15367.3;0.006
15367.8;0.008
15368.3;0.004
15368.8;0.0
15369.3;0.004
15369.8;0.006
15370.3;0.006
15370.8;0.004
15371.3;0.004
15371.8;0.004
15372.3;0.01
15372.8;0.005
15373.3;0.006
15373.8;0.006
15374.3;0.004
15374.8;0.005
15375.3;0.004
15375.8;0.004
15376.3;0.001
15376.8;0.003
15377.3;0.004
15377.8;0.005
15378.3;0.005
15378.8;0.006
15379.3;0.008
15379.8;0.012
15380.3;0.007
15380.8;0.003
15381.3;0.006
15381.8;0.002
15382.3;0.004
15382.8;0.006
15383.3;0.002
15383.8;0.008
15384.3;0.004
15384.8;0.004
15385.3;0.007
15385.8;0.002
15386.3;0.003
15386.8;0.006
15387.3;0.003
15387.8;0.006
15388.3;0.007
15388.8;0.007
15389.3;0.004
15389.8;0.007
15390.3;0.006
15390.8;0.005
15391.3;0.004
15391.8;0.003
15392.3;0.007
15392.8;0.001
15393.3;0.005
15393.8;0.003
15394.3;0.006
15394.8;0.007
15395.3;0.006
15395.8;0.006
15396.3;0.003
15396.8;0.006
15397.3;0.004
15397.8;0.006
15398.3;0.004
15398.8;0.01
15399.3;0.006
15399.8;0.004
15400.3;0.003
15400.8;0.004
15401.3;0.003
15401.8;0.008
15402.3;0.003
15402.8;0.004
15403.3;0.005
15403.8;0.006
15404.3;0.003
15404.8;0.009
15405.3;0.007
15405.8;0.008
15406.3;0.003
15406.8;0.005
15407.3;0.004
15407.8;0.008
15408.3;0.01
15408.8;0.005
15409.3;0.006
15409.8;0.008
15410.3;0.007
15410.8;0.007
15411.3;0.008
15411.8;0.002
15412.3;0.002
15412.8;0.002
15413.3;0.007
15413.8;0.008
15414.3;0.006
15414.8;0.001
15415.3;0.009
15415.8;0.007
15416.3;0.004
15416.8;0.005
15417.3;0.007
15417.8;0.004
15418.3;0.012
15418.8;0.003
15419.3;0.007
15419.8;0.003
15420.3;0.003
15420.8;0.004
15421.3;0.001
15421.8;0.003
15422.3;0.003
15422.8;0.007
15423.3;0.003
15423.8;0.004
15424.3;0.004
15424.8;0.006
15425.3;0.003
15425.8;0.003
15426.3;0.012
15426.8;0.004
15427.3;0.008
15427.8;0.002
15428.3;0.005
15428.8;0.005
15429.3;0.01
15429.8;0.002
15430.3;0.007
15430.8;0.004
15431.3;0.004
15431.8;0.003
15432.3;0.007
15432.8;0.007
15433.3;0.009
15433.8;0.003
15434.3;0.006
15434.8;0.003
15435.4;0.004
15435.9;0.005
15436.4;0.01
15436.9;0.005
15437.4;0.004
15437.9;0.005
15438.4;0.003
15438.9;0.002
15439.4;0.004
15439.9;0.007
15440.4;0.008
15440.9;0.002
15441.4;0.006
15441.9;0.005
15442.4;0.009
15442.9;0.005
15443.4;0.006
15443.9;0.002
15444.4;0.004
15444.9;0.006
15445.4;0.009
15445.9;0.002
15446.4;0.002
15446.9;0.003
15447.4;0.007
15447.9;0.002
15448.4;0.004
15448.9;0.001
15449.4;0.001
15449.9;0.005
15450.4;0.009
15450.9;0.003
15451.4;0.001
15451.9;0.008
15452.4;0.002
15452.9;0.005
15453.4;0.009
15453.9;0.006
15454.4;0.007
15454.9;0.003
15455.4;0.003
15455.9;0.004
15456.4;0.006
15456.9;0.005
15457.4;0.009
15457.9;0.005
15458.4;0.006
15458.9;0.004
15459.4;0.006
15459.9;0.002
15460.4;0.006
15460.9;0.004
15461.4;0.004
15461.9;0.007
15462.4;0.007
15462.9;0.003
15463.4;0.004
15463.9;0.008
15464.4;0.005
15464.9;0.008
15465.4;0.001
15465.9;0.006
15466.4;0.012
15466.9;0.002
15467.4;0.001
15467.9;0.006
15468.4;0.008
15468.9;0.007
15469.4;0.007
15469.9;0.006
15470.4;0.007
15470.9;0.005
15471.4;0.01
15471.9;0.003
15472.4;0.006
15472.9;0.004
15473.4;0.004
15473.9;0.003
15474.4;0.002
15474.9;0.003
15475.4;0.002
15475.9;0.008
15476.4;0.005
15476.9;0.004
15477.4;0.004
15477.9;0.008
15478.4;0.003
15478.9;0.008
15479.4;0.009
15479.9;0.007
15480.4;0.002
15480.9;0.004
15481.4;0.003
15481.9;0.001
15482.4;0.008
15482.9;0.005
15483.4;0.008
15483.9;0.009
15484.4;0.002
15484.9;0.006
15485.4;0.003
15485.9;0.007
15486.4;0.005
15486.9;0.006
15487.4;0.003
15487.9;0.001
15488.4;0.007
15488.9;0.01
15489.4;0.012
15489.9;0.002
15490.4;0.007
15490.9;0.003
15491.4;0.006
15491.9;0.006
15492.4;0.009
15492.9;0.007
15493.4;0.004
15493.9;0.011
15494.4;0.007
15494.9;0.003
15495.4;0.004
15495.9;0.01
15496.4;0.007
15496.9;0.004
15497.4;0.007
15497.9;0.01
15498.4;0.003
15498.9;0.012
15499.4;0.004
15499.9;0.004
15500.4;0.005
15500.9;0.008
15501.4;0.009
15501.9;0.004
15502.4;0.005
15502.9;0.013
15503.4;0.001
15503.9;0.009
15504.4;0.005
15504.9;0.002
15505.4;0.003
15505.9;0.005
15506.4;0.001
15506.9;0.007
15507.4;0.009
15507.9;0.004
15508.4;0.006
15508.9;0.003
15509.4;0.002
15509.9;0.003
15510.4;0.003
15510.9;0.006
15511.4;0.008
15511.9;0.004
15512.4;0.002
15512.9;0.002
15513.4;0.006
15513.9;0.005
15514.4;0.008
15514.9;0.006
15515.4;0.008
15515.9;0.007
15516.4;0.01
15516.9;0.003
15517.4;0.007
15517.9;0.008
15518.4;0.002
15518.9;0.011
15519.4;0.004
15519.9;0.007
15520.4;0.006
15520.9;0.003
15521.4;0.004
15521.9;0.002
15522.4;0.001
15522.9;0.006
15523.4;0.008
15523.9;0.007
15524.4;0.007
15524.9;0.005
15525.4;0.004
15525.9;0.006
15526.4;0.004
15526.9;0.001
15527.4;0.007
15527.9;0.007
15528.4;0.005
15528.9;0.003
15529.4;0.005
15529.9;0.009
15530.4;0.007
15530.9;0.003
15531.4;0.011
15531.9;0.004
15532.4;0.006
15532.9;0.0
15533.4;0.005
15533.9;0.006
15534.4;0.005
15534.9;0.003
15535.4;0.001
15535.9;0.004
15536.4;0.005
15536.9;0.004
15537.4;0.004
15537.9;0.007
15538.4;0.001
15538.9;0.003
15539.4;0.004
15539.9;0.007
15540.4;0.005
15540.9;0.009
15541.4;0.0
15541.9;0.005
15542.4;0.008
15542.9;0.005
15543.4;0.002
15543.9;0.003
15544.4;0.003
15544.9;0.003
15545.4;0.006
15545.9;0.003
15546.4;0.002
15546.9;0.01
15547.4;0.003
15547.9;0.008
15548.4;0.004
15548.9;0.007
15549.4;0.002
15549.9;0.004
15550.4;0.009
15550.9;0.009
15551.4;0.001
15551.9;0.003
15552.4;0.009
15552.9;0.006
15553.4;0.007
15553.9;0.005
15554.4;0.01
15554.9;0.005
15555.4;0.003
15555.9;0.001
15556.4;0.002
15556.9;0.002
15557.4;0.001
15557.9;0.008
15558.4;0.01
15558.9;0.007
15559.4;0.004
15559.9;0.008
15560.4;0.004
15560.9;0.008
15561.4;0.007
15561.9;0.009
15562.4;0.0
15562.9;0.004
15563.4;0.006
15563.9;0.003
15564.4;0.008
15564.9;0.001
15565.4;0.004
15565.9;0.002
15566.4;0.001
15566.9;0.001
15567.4;0.003
15567.9;0.004
15568.4;0.008
15568.9;0.003
15569.4;0.003
15569.9;0.003
15570.4;0.002
15570.9;0.004
15571.4;0.006
15571.9;0.006
15572.4;0.002
15572.9;0.009
15573.4;0.008
15573.9;0.006
15574.4;0.006
15574.9;0.003
15575.4;0.005
15575.9;0.002
15576.4;0.002
15576.9;0.003
15577.4;0.003
15577.9;0.005
15578.4;0.004
15578.9;0.002
15579.4;0.004
15579.9;0.003
15580.4;0.006
15580.9;0.005
15581.4;0.005
15581.9;0.007
15582.4;0.01
15582.9;0.007
15583.4;0.007
15583.9;0.003
15584.4;0.004
15584.9;0.002
15585.4;0.005
15585.9;0.009
15586.4;0.005
15586.9;0.003
15587.4;0.007
15587.9;0.008
15588.4;0.004
15588.9;0.004
15589.4;0.008
15589.9;0.003
15590.4;0.006
15590.9;0.003
15591.4;0.007
15591.9;0.007
15592.4;0.003
15592.9;0.008
15593.4;0.003
15593.9;0.006
15594.4;0.006
15594.9;0.005
15595.4;0.004
15595.9;0.002
15596.4;0.004
15596.9;0.007
15597.4;0.002
15597.9;0.004
15598.4;0.006
15598.9;0.008
15599.4;0.009
15599.9;0.005
15600.4;0.001
15600.9;0.013
15601.4;0.001
15601.9;0.001
15602.4;0.007
15602.9;0.012
15603.4;0.001
15603.9;0.005
15604.4;0.003
15604.9;0.004
15605.4;0.009
15605.9;0.008
15606.4;0.009
15606.9;0.002
15607.4;0.006
15607.9;0.009
15608.4;0.006
15608.9;0.007
15609.4;0.003
15609.9;0.012
15610.4;0.006
15610.9;0.009
15611.4;0.004
15611.9;0.002
15612.4;0.005
15612.9;0.01
15613.4;0.003
15613.9;0.005
15614.4;0.006
15614.9;0.008
15615.4;0.002
15615.9;0.008
15616.4;0.005
15616.9;0.001
15617.4;0.001
15617.9;0.004
15618.4;0.009
15618.9;0.006
15619.4;0.004
15619.9;0.004
15620.4;0.0
15620.9;0.004
15621.4;0.007
15621.9;0.005
15622.4;0.007
15622.9;0.003
15623.4;0.012
15623.9;0.005
15624.4;0.009
15624.9;0.003
15625.4;0.005
15625.9;0.007
15626.4;0.007
15626.9;0.007
15627.4;0.001
15627.9;0.004
15628.4;0.003
15628.9;0.004
15629.4;0.004
15629.9;0.006
15630.4;0.004
15630.9;0.009
15631.4;0.004
15631.9;0.006
15632.4;0.003
15632.9;0.003
15633.4;0.013
15633.9;0.005
15634.4;0.006
15634.9;0.009
15635.4;0.007
15635.9;0.002
15636.4;0.006
15636.9;0.001
15637.4;0.002
15637.9;0.004
15638.4;0.003
15638.9;0.008
15639.4;0.009
15639.9;0.001
15640.4;0.008
15640.9;0.004
15641.4;0.001
15641.9;0.004
15642.4;0.004
15642.9;0.016
15643.4;0.002
15643.9;0.007
15644.4;0.007
15644.9;0.008
15645.4;0.006
15645.9;0.006
15646.4;0.004
15646.9;0.004
15647.4;0.004
15647.9;0.004
15648.4;0.01
15648.9;0.004
15649.4;0.008
15649.9;0.005
15650.4;0.008
15650.9;0.007
15651.4;0.006
15651.9;0.002
15652.4;0.006
15652.9;0.003
15653.4;0.017
15653.9;0.005
15654.4;0.004
15654.9;0.006
15655.4;0.003
15655.9;0.005
15656.4;0.005
15656.9;0.003
15657.4;0.002
15657.9;0.002
15658.4;0.007
15658.9;0.003
15659.4;0.002
15659.9;0.009
15660.4;0.001
15660.9;0.004
15661.4;0.007
15661.9;0.007
15662.4;0.001
15662.9;0.006
15663.4;0.002
15663.9;0.007
15664.4;0.011
15664.9;0.004
15665.4;0.008
15665.9;0.008
15666.4;0.007
15666.9;0.002
15667.4;0.008
15667.9;0.005
15668.4;0.004
15668.9;0.006
15669.4;0.001
15669.9;0.001
15670.4;0.008
15670.9;0.005
15671.4;0.004
15671.9;0.002
15672.4;0.009
15672.9;0.006
15673.4;0.003
15673.9;0.004
15674.4;0.006
15674.9;0.005
15675.4;0.007
15675.9;0.006
15676.4;0.007
15676.9;0.006
15677.4;0.001
15677.9;0.005
15678.4;0.007
15678.9;0.002
15679.4;0.007
15679.9;0.004
15680.4;0.001
15680.9;0.002
15681.4;0.009
15681.9;0.006
15682.4;0.001
15682.9;0.012
15683.4;0.004
15683.9;0.003
15684.4;0.003
15684.9;0.005
15685.4;0.006
15685.9;0.004
15686.4;0.009
15686.9;0.007
15687.4;0.006
15687.9;0.006
15688.4;0.007
15688.9;0.004
15689.4;0.003
15689.9;0.007
15690.4;0.009
15690.9;0.005
15691.4;0.005
15691.9;0.004
15692.4;0.004
15692.9;0.004
15693.4;0.001
15693.9;0.009
15694.4;0.007
15694.9;0.006
15695.4;0.005
15695.9;0.004
15696.4;0.002
15696.9;0.006
15697.4;0.008
15697.9;0.006
15698.4;0.001
15698.9;0.003
15699.4;0.004
15699.9;0.003
15700.4;0.004
15700.9;0.009
15701.4;0.003
15701.9;0.009
15702.4;0.003
15702.9;0.006
15703.4;0.002
15703.9;0.006
15704.4;0.008
15704.9;0.003
15705.4;0.004
15705.9;0.001
15706.4;0.009
15706.9;0.001
15707.4;0.006
15707.9;0.007
15708.4;0.001
15708.9;0.008
15709.4;0.006
15709.9;0.011
15710.4;0.003
15710.9;0.004
15711.4;0.002
15711.9;0.004
15712.4;0.007
15712.9;0.006
15713.4;0.002
15713.9;0.009
15714.4;0.007
15714.9;0.008
15715.4;0.005
15715.9;0.001
15716.4;0.005
15716.9;0.004
15717.4;0.005
15717.9;0.004
15718.4;0.005
15718.9;0.003
15719.4;0.003
15719.9;0.007
15720.4;0.006
15720.9;0.005
15721.4;0.002
15721.9;0.002
15722.4;0.004
15722.9;0.005
15723.4;0.005
15723.9;0.002
15724.4;0.006
15724.9;0.003
15725.4;0.006
15725.9;0.004
15726.4;0.004
15726.9;0.005
15727.4;0.001
15727.9;0.002
15728.4;0.001
15728.9;0.005
15729.4;0.006
15729.9;0.004
15730.4;0.001
15730.9;0.003
15731.4;0.008
15731.9;0.002
15732.4;0.008
15732.9;0.001
15733.4;0.0
15733.9;0.002
15734.4;0.004
15734.9;0.004
15735.4;0.003
15735.9;0.005
15736.4;0.005
15736.9;0.008
15737.4;0.003
15737.9;0.005
15738.4;0.004
15738.9;0.001
15739.4;0.004
15739.9;0.006
15740.4;0.005
15740.9;0.007
15741.4;0.005
15741.9;0.003
15742.4;0.004
15742.9;0.002
15743.4;0.006
15743.9;0.004
15744.4;0.002
15744.9;0.005
15745.4;0.005
15745.9;0.001
15746.4;0.003
15746.9;0.003
15747.4;0.009
15747.9;0.003
15748.4;0.004
15748.9;0.001
15749.4;0.007
15749.9;0.004
15750.4;0.003
15750.9;0.002
15751.4;0.004
15751.9;0.005
15752.4;0.004
15752.9;0.005
15753.4;0.002
15753.9;0.003
15754.4;0.001
15754.9;0.003
15755.4;0.004
15755.9;0.004
15756.4;0.005
15756.9;0.006
15757.4;0.004
15757.9;0.002
15758.4;0.002
15758.9;0.003
15759.4;0.004
15759.9;0.005
15760.4;0.002
15760.9;0.004
15761.4;0.001
15761.9;0.004
15762.4;0.003
15762.9;0.003
15763.4;0.003
15763.9;0.001
15764.4;0.005
15764.9;0.004
15765.4;0.004
15765.9;0.004
15766.4;0.002
15766.9;0.003
15767.4;0.003
15767.9;0.004
15768.4;0.004
15768.9;0.005
15769.4;0.004
15769.9;0.003
15770.4;0.004
15770.9;0.003
15771.4;0.004
15771.9;0.004
15772.4;0.002
15772.9;0.003
15773.4;0.005
15773.9;0.005
15774.4;0.005
15774.9;0.003
15775.4;0.004
15775.9;0.003
15776.4;0.003
15776.9;0.004
15777.4;0.003
15777.9;0.003
15778.4;0.005
15778.9;0.004
15779.4;0.004
15779.9;0.003
15780.4;0.005
15780.9;0.003
15781.4;0.003
15781.9;0.004
15782.4;0.002
15782.9;0.003
15783.4;0.003
15783.9;0.003
15784.4;0.003
15784.9;0.003
15785.4;0.003
15785.9;0.003
15786.4;0.003
15786.9;0.003
15787.4;0.003
15787.9;0.003
15788.4;0.002
15788.9;0.004
15789.4;0.004
15789.9;0.003
15790.4;0.003
15790.9;0.002
15791.4;0.003
15791.9;0.001
15792.4;0.002
15792.9;0.002
15793.4;0.003
15793.9;0.003
15794.4;0.004
15794.9;0.004
15795.4;0.003
15795.9;0.002
15796.4;0.003
15796.9;0.003
15797.4;0.003
15797.9;0.003
15798.4;0.002
15798.9;0.004
15799.4;0.003
15799.9;0.003
15800.4;0.003
15800.9;0.002
15801.4;0.004
15801.9;0.002
15802.4;0.003
15802.9;0.003
15803.4;0.003
15803.9;0.004
15804.4;0.004
15804.9;0.004
15805.4;0.003
15805.9;0.004
15806.4;0.004
15806.9;0.003
15807.4;0.003
15807.9;0.004
15808.4;0.003
15808.9;0.003
15809.4;0.002
15809.9;0.004
15810.4;0.004
15810.9;0.004
15811.4;0.004
15811.9;0.003
15812.4;0.004
15812.9;0.004
15813.4;0.002
15813.9;0.003
15814.4;0.004
15814.9;0.004
15815.4;0.003
15815.9;0.005
15816.4;0.002
15816.9;0.003
15817.4;0.003
15817.9;0.003
15818.4;0.005
15818.9;0.004
15819.4;0.004
15819.9;0.003
15820.4;0.003
15820.9;0.003
15821.4;0.003
15821.9;0.004
15822.4;0.003
15822.9;0.002
15823.4;0.004
15823.9;0.004
15824.4;0.003
15824.9;0.004
15825.4;0.003
15825.9;0.003
15826.4;0.004
15826.9;0.003
15827.4;0.003
15827.9;0.003
15828.4;0.004
15828.9;0.003
15829.4;0.002
15829.9;0.003
15830.4;0.004
15830.9;0.004
15831.4;0.003
15831.9;0.003
15832.4;0.003
15832.9;0.002
15833.4;0.004
15833.9;0.004
15834.4;0.004
15834.9;0.004
15835.4;0.003
15835.9;0.003
15836.4;0.003
15836.9;0.003
15837.4;0.003
15837.9;0.004
15838.4;0.004
15838.9;0.003
15839.4;0.003
15839.9;0.004
15840.4;0.003
15840.9;0.004
15841.4;0.004
15841.9;0.002
15842.4;0.003
15842.9;0.004
15843.4;0.003
15843.9;0.002
15844.4;0.004
15844.9;0.003
15845.4;0.003
15845.9;0.004
15846.4;0.004
15846.9;0.004
15847.4;0.003
15847.9;0.003
15848.4;0.003
15848.9;0.003
15849.4;0.003
15849.9;0.003
15850.4;0.003
15850.9;0.003
15851.4;0.003
15851.9;0.003
15852.4;0.003
15852.9;0.003
15853.4;0.003
15853.9;0.004
15854.4;0.003
15854.9;0.004
15855.4;0.002
15855.9;0.003
15856.4;0.004
15856.9;0.003
15857.4;0.003
15857.9;0.004
15858.4;0.003
15858.9;0.003
15859.4;0.003
15859.9;0.002
15860.4;0.003
15860.9;0.003
15861.4;0.002
15861.9;0.003
15862.4;0.002
15862.9;0.003
15863.4;0.003
15863.9;0.001
15864.4;0.003
15864.9;0.004
15865.4;0.003
15865.9;0.004
15866.4;0.003
15866.9;0.002
15867.4;0.004
15867.9;0.003
15868.4;0.003
15868.9;0.002
15869.4;0.004
15869.9;0.003
15870.4;0.005
15870.9;0.003
15871.4;0.003
15871.9;0.004
15872.4;0.004
15872.9;0.003
15873.4;0.003
15873.9;0.004
15874.4;0.003
15874.9;0.004
15875.4;0.003
15875.9;0.003
15876.4;0.001
15876.9;0.002
15877.4;0.003
15877.9;0.003
15878.4;0.002
15878.9;0.004
15879.4;0.002
15879.9;0.004
15880.4;0.005
15880.9;0.004
15881.4;0.003
15881.9;0.003
15882.4;0.004
15882.9;0.003
15883.4;0.004
15883.9;0.003
15884.4;0.003
15884.9;0.003
15885.4;0.003
15885.9;0.003
15886.4;0.002
15886.9;0.003
15887.4;0.003
15887.9;0.004
15888.4;0.003
15888.9;0.004
15889.4;0.003
15889.9;0.002
15890.4;0.003
15890.9;0.004
15891.4;0.003
15891.9;0.003
15892.4;0.003
15892.9;0.003
15893.4;0.003
15893.9;0.003
15894.4;0.003
15894.9;0.003
15895.4;0.003
15895.9;0.004
15896.4;0.004
15896.9;0.004
15897.4;0.003
15897.9;0.003
15898.4;0.004
15898.9;0.003
15899.4;0.003
15899.9;0.003
15900.4;0.004
15900.9;0.005
15901.4;0.003
15901.9;0.004
15902.4;0.002
15902.9;0.003
15903.4;0.004
15903.9;0.002
15904.4;0.004
15904.9;0.004
15905.4;0.003
15905.9;0.003
15906.4;0.003
15906.9;0.003
15907.4;0.003
15907.9;0.002
15908.4;0.003
15908.9;0.004
15909.4;0.003
15909.9;0.003
15910.4;0.003
15910.9;0.004
15911.4;0.004
15911.9;0.004
15912.4;0.003
15912.9;0.004
15913.4;0.004
15913.9;0.003
15914.4;0.004
15914.9;0.004
15915.4;0.003
15915.9;0.003
15916.4;0.003
15916.9;0.004
15917.4;0.003
15917.9;0.002
15918.4;0.004
15918.9;0.004
15919.4;0.002
15919.9;0.005
15920.4;0.003
15920.9;0.002
15921.4;0.002
15921.9;0.002
15922.4;0.004
15922.9;0.004
15923.4;0.005
15923.9;0.003
15924.4;0.002
15924.9;0.003
15925.4;0.003
15925.9;0.003
15926.4;0.003
15926.9;0.004
15927.4;0.005
15927.9;0.003
15928.4;0.004
15928.9;0.003
15929.4;0.002
15929.9;0.003
15930.4;0.004
15930.9;0.004
15931.4;0.004
15931.9;0.003
15932.4;0.003
15932.9;0.002
15933.4;0.002
15933.9;0.002
15934.4;0.004
15934.9;0.003
15935.4;0.002
15935.9;0.003
15936.4;0.004
15936.9;0.004
15937.4;0.004
15937.9;0.003
15938.4;0.002
15938.9;0.003
15939.4;0.003
15939.9;0.004
15940.4;0.003
15940.9;0.003
15941.4;0.003
15941.9;0.003
15942.4;0.003
15942.9;0.003
15943.4;0.003
15943.9;0.004
15944.4;0.001
15944.9;0.004
15945.4;0.004
15945.9;0.003
15946.4;0.002
15946.9;0.003
15947.4;0.004
15947.9;0.004
15948.4;0.004
15948.9;0.004
15949.4;0.004
15949.9;0.004
15950.4;0.003
15950.9;0.004
15951.4;0.003
15951.9;0.003
15952.4;0.002
15952.9;0.004
15953.4;0.003
15953.9;0.005
15954.4;0.002
15954.9;0.003
15955.4;0.003
15955.9;0.004
15956.4;0.003
15956.9;0.003
15957.4;0.004
15957.9;0.004
15958.4;0.004
15958.9;0.003
15959.4;0.004
15959.9;0.003
15960.4;0.004
15960.9;0.003
15961.4;0.004
15961.9;0.004
15962.4;0.003
15962.9;0.003
15963.4;0.005
15963.9;0.004
15964.4;0.002
15964.9;0.003
15965.4;0.003
15965.9;0.004
15966.4;0.005
15966.9;0.003
15967.4;0.004
15967.9;0.003
15968.4;0.004
15968.9;0.004
15969.4;0.004
15969.9;0.002
15970.4;0.003
15970.9;0.003
15971.4;0.003
15971.9;0.004
15972.4;0.004
15972.9;0.004
15973.4;0.002
15973.9;0.004
15974.4;0.003
15974.9;0.003
15975.4;0.003
15975.9;0.003
15976.4;0.002
15976.9;0.004
15977.4;0.004
15977.9;0.003
15978.4;0.004
15978.9;0.002
15979.4;0.004
15979.9;0.004
15980.4;0.003
15980.9;0.004
15981.4;0.003
15981.9;0.003
15982.4;0.003
15982.9;0.004
15983.4;0.004
15983.9;0.003
15984.4;0.003
15984.9;0.004
15985.4;0.003
15985.9;0.004
15986.4;0.003
15986.9;0.004
15987.4;0.003
15987.9;0.004
15988.4;0.002
15988.9;0.003
15989.4;0.003
15989.9;0.005
15990.4;0.004
15990.9;0.003
15991.4;0.004
15991.9;0.003
15992.4;0.004
15992.9;0.003
15993.4;0.003
15993.9;0.003
15994.4;0.004
15994.9;0.003
15995.4;0.003
15995.9;0.004
15996.4;0.004
15996.9;0.004
15997.4;0.004
15997.9;0.004
15998.4;0.003
15998.9;0.004
15999.4;0.004
15999.9;0.005
16000.4;0.004
16000.9;0.005
16001.4;0.004
16001.9;0.003
16002.4;0.003
16002.9;0.004
16003.4;0.002
16003.9;0.004
16004.4;0.003
16004.9;0.004
16005.4;0.003
16005.9;0.003
16006.4;0.002
16006.9;0.003
16007.4;0.004
16007.9;0.002
16008.4;0.004
16008.9;0.002
16009.4;0.002
16009.9;0.002
16010.4;0.004
16010.9;0.004
16011.4;0.003
16011.9;0.004
16012.4;0.003
16012.9;0.004
16013.4;0.002
16013.9;0.003
16014.4;0.003
16014.9;0.003
16015.4;0.003
16015.9;0.004
16016.4;0.003
16016.9;0.003
16017.4;0.003
16017.9;0.003
16018.4;0.002
16018.9;0.004
16019.4;0.005
16019.9;0.004
16020.4;0.003
16020.9;0.002
16021.4;0.003
16021.9;0.003
16022.4;0.004
16022.9;0.003
16023.4;0.002
16023.9;0.003
16024.4;0.003
16024.9;0.004
16025.4;0.003
16025.9;0.003
16026.4;0.004
16026.9;0.003
16027.4;0.002
16027.9;0.004
16028.4;0.003
16028.9;0.004
16029.4;0.003
16029.9;0.002
16030.4;0.004
16030.9;0.003
16031.4;0.002
16031.9;0.004
16032.4;0.003
16032.9;0.003
16033.4;0.003
16033.9;0.004
16034.4;0.003
16034.9;0.004
16035.4;0.003
16035.9;0.003
16036.4;0.002
16036.9;0.004
16037.4;0.002
16037.9;0.003
16038.4;0.004
16038.9;0.004
16039.4;0.004
16039.9;0.004
16040.4;0.004
16040.9;0.003
16041.4;0.004
16041.9;0.003
16042.4;0.003
16042.9;0.003
16043.4;0.003
16043.9;0.003
16044.4;0.003
16044.9;0.003
16045.4;0.003
16045.9;0.003
16046.4;0.004
16046.9;0.003
16047.4;0.004
16047.9;0.004
16048.4;0.003
16048.9;0.003
16049.4;0.002
16049.9;0.003
16050.4;0.003
16050.9;0.002
16051.4;0.004
16051.9;0.003
16052.4;0.003
16052.9;0.003
16053.4;0.004
16053.9;0.003
16054.4;0.004
16054.9;0.003
16055.4;0.002
16055.9;0.002
16056.4;0.003
16056.9;0.004
16057.4;0.003
16057.9;0.002
16058.4;0.003
16058.9;0.004
16059.4;0.003
16059.9;0.004
16060.4;0.005
16060.9;0.004
16061.4;0.003
16061.9;0.002
16062.4;0.004
16062.9;0.003
16063.4;0.004
16063.9;0.002
16064.4;0.002
16064.9;0.004
16065.4;0.003
16065.9;0.002
16066.4;0.005
16066.9;0.003
16067.4;0.003
16067.9;0.003
16068.4;0.003
16068.9;0.004
16069.4;0.004
16069.9;0.005
16070.4;0.003
16070.9;0.004
16071.4;0.003
16071.9;0.001
16072.4;0.002
16072.9;0.004
16073.4;0.003
16073.9;0.003
16074.4;0.003
16074.9;0.003
16075.4;0.003
16075.9;0.004
16076.4;0.004
16076.9;0.003
16077.4;0.003
16077.9;0.002
16078.4;0.003
16078.9;0.004
16079.4;0.003
16079.9;0.004
16080.4;0.003
16080.9;0.004
16081.4;0.004
16081.9;0.003
16082.4;0.003
16082.9;0.003
16083.4;0.003
16083.9;0.004
16084.4;0.003
16084.9;0.004
16085.4;0.003
16085.9;0.003
16086.4;0.002
16086.9;0.003
16087.4;0.004
16087.9;0.003
16088.4;0.003
16088.9;0.005
16089.4;0.002
16089.9;0.003
16090.4;0.004
16090.9;0.003
16091.4;0.004
16091.9;0.002
16092.4;0.003
16092.9;0.003
16093.4;0.003
16093.9;0.003
16094.4;0.004
16094.9;0.003
16095.4;0.003
16095.9;0.003
16096.4;0.002
16096.9;0.003
16097.4;0.003
16097.9;0.004
16098.4;0.003
16098.9;0.002
16099.4;0.004
16099.9;0.005
16100.4;0.003
16100.9;0.004
16101.4;0.003
16101.9;0.003
16102.4;0.003
16102.9;0.003
16103.4;0.005
16103.9;0.002
16104.4;0.003
16104.9;0.004
16105.4;0.003
16105.9;0.004
16106.4;0.003
16106.9;0.005
16107.4;0.004
16107.9;0.003
16108.4;0.003
16108.9;0.004
16109.4;0.003
16109.9;0.003
16110.4;0.004
16110.9;0.003
16111.4;0.004
16111.9;0.003
16112.4;0.002
16112.9;0.003
16113.4;0.004
16113.9;0.004
16114.4;0.002
16114.9;0.003
16115.4;0.003
16115.9;0.004
16116.4;0.002
16116.9;0.003
16117.4;0.003
16117.9;0.003
16118.4;0.003
16118.9;0.003
16119.4;0.003
16119.9;0.002
16120.4;0.003
16120.9;0.005
16121.4;0.004
16121.9;0.003
16122.4;0.003
16122.9;0.003
16123.4;0.003
16123.9;0.004
16124.4;0.003
16124.9;0.003
16125.4;0.003
16125.9;0.004
16126.4;0.004
16126.9;0.004
16127.4;0.004
16127.9;0.003
16128.4;0.003
16128.9;0.004
16129.4;0.004
16129.9;0.003
16130.4;0.002
16130.9;0.004
16131.4;0.003
16131.9;0.003
16132.4;0.003
16132.9;0.005
16133.4;0.004
16133.9;0.003
16134.4;0.003
16134.9;0.004
16135.4;0.004
16135.9;0.003
16136.4;0.004
16136.9;0.004
16137.4;0.004
16137.9;0.001
16138.4;0.003
16138.9;0.003
16139.4;0.005
16139.9;0.004
16140.4;0.002
16140.9;0.005
16141.4;0.003
16141.9;0.003
16142.4;0.004
16142.9;0.003
16143.4;0.003
16143.9;0.004
16144.4;0.004
16144.9;0.004
16145.4;0.003
16145.9;0.003
16146.4;0.003
16146.9;0.003
16147.4;0.003
16147.9;0.004
16148.4;0.003
16148.9;0.003
16149.4;0.003
16149.9;0.003
16150.4;0.004
16150.9;0.003
16151.4;0.002
16151.9;0.003
16152.4;0.003
16152.9;0.004
16153.4;0.003
16153.9;0.004
16154.4;0.004
16154.9;0.004
16155.4;0.003
16155.9;0.002
16156.4;0.004
16156.9;0.002
16157.4;0.004
16157.9;0.004
16158.4;0.003
16158.9;0.003
16159.4;0.003
16159.9;0.003
16160.4;0.003
16160.9;0.003
16161.4;0.003
16161.9;0.004
16162.4;0.002
16162.9;0.003
16163.4;0.003
16163.9;0.003
16164.4;0.004
16164.9;0.003
16165.4;0.004
16165.9;0.003
16166.4;0.003
16166.9;0.003
16167.4;0.003
16167.9;0.003
16168.4;0.003
16168.9;0.003
16169.4;0.004
16169.9;0.004
16170.4;0.003
16170.9;0.003
16171.4;0.002
16171.9;0.002
16172.4;0.001
16172.9;0.005
16173.4;0.004
16173.9;0.002
16174.4;0.003
16174.9;0.003
16175.4;0.003
16175.9;0.005
16176.4;0.002
16176.9;0.003
16177.4;0.003
16177.9;0.004
16178.4;0.004
16178.9;0.004
16179.4;0.004
16179.9;0.003
16180.4;0.005
16180.9;0.004
16181.4;0.003
16181.9;0.003
16182.4;0.003
16182.9;0.004
16183.4;0.004
16183.9;0.003
16184.4;0.003
16184.9;0.004
16185.4;0.004
16185.9;0.003
16186.4;0.002
16186.9;0.004
16187.4;0.004
16187.9;0.003
16188.4;0.003
16188.9;0.003
16189.4;0.003
16189.9;0.003
16190.4;0.004
16190.9;0.003
16191.4;0.003
16191.9;0.003
16192.4;0.003
16192.9;0.004
16193.4;0.003
16193.9;0.003
16194.4;0.003
16194.9;0.003
16195.4;0.003
16195.9;0.003
16196.4;0.004
16196.9;0.002
16197.4;0.003
16197.9;0.004
16198.4;0.003
16198.9;0.004
16199.4;0.002
16199.9;0.004
16200.4;0.002
16200.9;0.004
16201.4;0.004
16201.9;0.003
16202.4;0.003
16202.9;0.003
16203.4;0.004
16203.9;0.003
16204.4;0.003
16204.9;0.003
16205.4;0.004
16205.9;0.003
16206.4;0.003
16206.9;0.003
16207.4;0.003
16207.9;0.003
16208.4;0.004
16208.9;0.003
16209.4;0.003
16209.9;0.004
16210.4;0.002
16210.9;0.003
16211.4;0.003
16211.9;0.002
16212.4;0.004
16212.9;0.003
16213.4;0.003
16213.9;0.002
16214.4;0.003
16214.9;0.004
16215.4;0.001
16215.9;0.003
16216.4;0.004
16216.9;0.002
16217.4;0.004
16217.9;0.005
16218.4;0.003
16218.9;0.003
16219.4;0.004
16219.9;0.003
16220.4;0.002
16220.9;0.002
16221.4;0.003
16221.9;0.003
16222.4;0.002
16222.9;0.004
16223.4;0.003
16223.9;0.004
16224.4;0.004
16224.9;0.003
16225.4;0.003
16225.9;0.003
16226.4;0.003
16226.9;0.002
16227.4;0.004
16227.9;0.003
16228.4;0.003
16228.9;0.003
16229.4;0.004
16229.9;0.003
16230.4;0.004
16230.9;0.002
16231.4;0.004
16231.9;0.004
16232.4;0.005
16232.9;0.003
16233.4;0.003
16233.9;0.004
16234.4;0.002
16234.9;0.002
16235.4;0.003
16235.9;0.003
16236.4;0.004
16236.9;0.002
16237.4;0.002
16237.9;0.003
16238.4;0.004
16238.9;0.003
16239.4;0.002
16239.9;0.002
16240.4;0.004
16240.9;0.004
16241.4;0.002
16241.9;0.004
16242.4;0.002
16242.9;0.003
16243.4;0.004
16243.9;0.004
16244.4;0.002
16244.9;0.003
16245.4;0.002
16245.9;0.003
16246.4;0.005
16246.9;0.005
16247.4;0.003
16247.9;0.003
16248.4;0.003
16248.9;0.003
16249.4;0.002
16249.9;0.004
16250.4;0.003
16250.9;0.003
16251.4;0.003
16251.9;0.003
16252.4;0.001
16252.9;0.004
16253.4;0.002
16253.9;0.002
16254.4;0.004
16254.9;0.004
16255.4;0.003
16255.9;0.003
16256.4;0.003
16256.9;0.003
16257.4;0.004
16257.9;0.003
16258.4;0.003
16258.9;0.002
16259.4;0.004
16259.9;0.003
16260.4;0.002
16260.9;0.003
16261.4;0.003
16261.9;0.003
16262.4;0.003
16262.9;0.002
16263.4;0.004
16263.9;0.003
16264.4;0.003
16264.9;0.003
16265.4;0.002
16265.9;0.004
16266.4;0.004
16266.9;0.003
16267.4;0.003
16267.9;0.003
16268.4;0.003
16268.9;0.004
16269.4;0.004
16269.9;0.004
16270.4;0.004
16270.9;0.004
16271.4;0.003
16271.9;0.003
16272.4;0.003
16272.9;0.003
16273.4;0.004
16273.9;0.004
16274.4;0.003
16274.9;0.003
16275.4;0.003
16275.9;0.004
16276.4;0.003
16276.9;0.003
16277.4;0.004
16277.9;0.003
16278.4;0.002
16278.9;0.002
16279.4;0.004
16279.9;0.003
16280.4;0.004
16280.9;0.004
16281.4;0.004
16281.9;0.004
16282.4;0.003
16282.9;0.003
16283.4;0.003
16283.9;0.002
16284.4;0.003
16284.9;0.003
16285.4;0.003
16285.9;0.004
16286.4;0.002
16286.9;0.003
16287.4;0.003
16287.9;0.003
16288.4;0.004
16288.9;0.003
16289.4;0.002
16289.9;0.003
16290.4;0.003
16290.9;0.003
16291.4;0.003
16291.9;0.004
16292.4;0.003
16292.9;0.002
16293.4;0.004
16293.9;0.003
16294.4;0.003
16294.9;0.003
16295.4;0.003
16295.9;0.005
16296.4;0.003
16296.9;0.003
16297.4;0.004
16297.9;0.003
16298.4;0.003
16298.9;0.003
16299.4;0.004
16299.9;0.002
16300.4;0.003
16300.9;0.003
16301.4;0.003
16301.9;0.002
16302.4;0.003
16302.9;0.004
16303.4;0.003
16303.9;0.002
16304.4;0.003
16304.9;0.005
16305.4;0.002
16305.9;0.003
16306.4;0.005
16306.9;0.003
16307.4;0.002
16307.9;0.003
16308.4;0.003
16308.9;0.002
16309.4;0.004
16309.9;0.003
16310.4;0.003
16310.9;0.002
16311.4;0.003
16311.9;0.004
16312.4;0.004
16312.9;0.004
16313.4;0.004
16313.9;0.003
16314.4;0.003
16314.9;0.003
16315.4;0.003
16315.9;0.003
16316.4;0.004
16316.9;0.004
16317.4;0.004
16317.9;0.002
16318.4;0.002
16318.9;0.003
16319.4;0.003
16319.9;0.003
16320.4;0.002
16320.9;0.003
16321.4;0.004
16321.9;0.003
16322.4;0.004
16322.9;0.004
16323.4;0.003
16323.9;0.003
16324.4;0.004
16324.9;0.002
16325.4;0.004
16325.9;0.003
16326.4;0.002
16326.9;0.004
16327.4;0.003
16327.9;0.004
16328.4;0.002
16328.9;0.003
16329.4;0.004
16329.9;0.003
16330.4;0.003
16330.9;0.003
16331.4;0.003
16331.9;0.003
16332.4;0.004
16332.9;0.002
16333.4;0.003
16333.9;0.003
16334.4;0.004
16334.9;0.004
16335.4;0.003
16335.9;0.004
16336.4;0.004
16336.9;0.003
16337.4;0.004
16337.9;0.003
16338.4;0.003
16338.9;0.002
16339.4;0.002
16339.9;0.004
16340.4;0.004
16340.9;0.004
16341.4;0.003
16341.9;0.002
16342.4;0.003
16342.9;0.003
16343.4;0.004
16343.9;0.003
16344.4;0.003
16344.9;0.003
16345.4;0.003
16345.9;0.003
16346.4;0.004
16346.9;0.005
16347.4;0.003
16347.9;0.003
16348.4;0.003
16348.9;0.002
16349.4;0.003
16349.9;0.004
16350.4;0.004
16350.9;0.002
16351.4;0.003
16351.9;0.001
16352.4;0.003
16352.9;0.004
16353.4;0.003
16353.9;0.003
16354.4;0.003
16354.9;0.005
16355.4;0.003
16355.9;0.003
16356.4;0.003
16356.9;0.004
16357.4;0.004
16357.9;0.003
16358.4;0.002
16358.9;0.001
16359.4;0.002
16359.9;0.003
16360.4;0.004
16360.9;0.002
16361.4;0.003
16361.9;0.003
16362.4;0.003
16362.9;0.003
16363.4;0.004
16363.9;0.002
16364.4;0.003
16364.9;0.004
16365.4;0.004
16365.9;0.004
16366.4;0.004
16366.9;0.004
16367.4;0.003
16367.9;0.003
16368.4;0.003
16368.9;0.003
16369.4;0.003
16369.9;0.002
16370.4;0.002
16370.9;0.003
16371.4;0.005
16371.9;0.002
16372.4;0.004
16372.9;0.003
16373.4;0.002
16373.9;0.002
16374.4;0.004
16374.9;0.003
16375.4;0.004
16375.9;0.003
16376.4;0.002
16376.9;0.004
16377.4;0.004
16377.9;0.003
16378.4;0.003
16378.9;0.002
16379.4;0.002
16379.9;0.003
16380.4;0.003
16380.9;0.003
16381.4;0.004
16381.9;0.004
16382.4;0.003
16382.9;0.002
16383.4;0.003
16383.9;0.003
16384.4;0.003
16384.9;0.003
16385.4;0.004
16385.9;0.003
16386.4;0.003
16386.9;0.003
16387.4;0.004
16387.9;0.004
16388.4;0.003
16388.9;0.004
16389.4;0.003
16389.9;0.003
16390.4;0.003
16390.9;0.003
16391.4;0.005
16391.9;0.004
16392.4;0.004
16392.9;0.004
16393.4;0.004
16393.9;0.004
16394.4;0.003
16394.9;0.003
16395.4;0.003
16395.9;0.002
16396.4;0.004
16396.9;0.004
16397.4;0.004
16397.9;0.004
16398.4;0.003
16398.9;0.003
16399.4;0.004
16399.9;0.004
16400.4;0.004
16400.9;0.004
16401.4;0.004
16401.9;0.004
16402.4;0.003
16402.9;0.002
16403.4;0.003
16403.9;0.004
16404.4;0.002
16404.9;0.003
16405.4;0.004
16405.9;0.004
16406.4;0.004
16406.9;0.003
16407.4;0.005
16407.9;0.003
16408.4;0.003
16408.9;0.002
16409.4;0.004
16409.9;0.004
16410.4;0.002
16410.9;0.004
16411.4;0.004
16411.9;0.003
16412.4;0.003
16412.9;0.003
16413.4;0.006
16413.9;0.004
16414.4;0.002
16414.9;0.003
16415.4;0.003
16415.9;0.004
16416.4;0.003
16416.9;0.003
16417.4;0.002
16417.9;0.003
16418.4;0.004
16418.9;0.003
16419.4;0.003
16419.9;0.003
16420.4;0.005
16420.9;0.003
16421.4;0.002
16421.9;0.002
16422.4;0.003
16422.9;0.003
16423.4;0.004
16423.9;0.004
16424.4;0.004
16424.9;0.004
16425.4;0.004
16425.9;0.003
16426.4;0.003
16426.9;0.004
16427.4;0.003
16427.9;0.003
16428.4;0.004
16428.9;0.003
16429.4;0.003
16429.9;0.004
16430.4;0.004
16430.9;0.003
16431.4;0.001
16431.9;0.004
16432.4;0.004
16432.9;0.003
16433.4;0.003
16433.9;0.004
16434.4;0.003
16434.9;0.003
16435.4;0.002
16435.9;0.003
16436.4;0.004
16436.9;0.003
16437.4;0.005
16437.9;0.003
16438.4;0.004
16438.9;0.002
16439.4;0.003
16439.9;0.004
16440.4;0.004
16440.9;0.004
16441.4;0.004
16441.9;0.004
16442.4;0.004
16442.9;0.004
16443.4;0.003
16443.9;0.003
16444.4;0.003
16444.9;0.004
16445.4;0.003
16445.9;0.002
16446.4;0.005
16446.9;0.004
16447.4;0.004
16447.9;0.003
16448.4;0.003
16448.9;0.003
16449.4;0.003
16449.9;0.003
16450.4;0.004
16450.9;0.003
16451.4;0.004
16451.9;0.003
16452.4;0.002
16452.9;0.004
16453.4;0.003
16453.9;0.004
16454.4;0.004
16454.9;0.002
16455.4;0.003
16455.9;0.002
16456.4;0.002
16456.9;0.002
16457.4;0.003
16457.9;0.003
16458.4;0.004
16458.9;0.002
16459.4;0.004
16459.9;0.002
16460.4;0.003
16460.9;0.003
16461.4;0.002
16461.9;0.005
16462.4;0.005
16462.9;0.003
16463.4;0.004
16463.9;0.002
16464.4;0.003
16464.9;0.003
16465.4;0.004
16465.9;0.002
16466.4;0.003
16466.9;0.003
16467.4;0.004
16467.9;0.003
16468.4;0.003
16468.9;0.003
16469.4;0.004
16469.9;0.003
16470.4;0.003
16470.9;0.003
16471.4;0.002
16471.9;0.004
16472.4;0.003
16472.9;0.004
16473.4;0.004
16473.9;0.002
16474.4;0.002
16474.9;0.004
16475.4;0.003
16475.9;0.002
16476.4;0.003
16476.9;0.003
16477.4;0.003
16477.9;0.003
16478.4;0.003
16478.9;0.004
16479.4;0.002
16479.9;0.003
16480.4;0.003
16480.9;0.003
16481.4;0.004
16481.9;0.003
16482.4;0.003
16482.9;0.003
16483.4;0.004
16483.9;0.003
16484.4;0.003
16484.9;0.003
16485.4;0.002
16485.9;0.003
16486.4;0.004
16486.9;0.003
16487.4;0.004
16487.9;0.002
16488.4;0.002
16488.9;0.003
16489.4;0.004
16489.9;0.003
16490.4;0.002
16490.9;0.005
16491.4;0.004
16491.9;0.004
16492.4;0.004
16492.9;0.003
16493.4;0.003
16493.9;0.003
16494.4;0.004
16494.9;0.002
16495.4;0.002
16495.9;0.004
16496.4;0.002
16496.9;0.004
16497.4;0.003
16497.9;0.004
16498.4;0.003
16498.9;0.002
16499.4;0.004
16499.9;0.004
16500.4;0.003
16500.9;0.003
16501.4;0.004
16501.9;0.003
16502.4;0.003
16502.9;0.004
16503.4;0.004
16503.9;0.003
16504.4;0.003
16504.9;0.004
16505.4;0.003
16505.9;0.002
16506.4;0.003
16506.9;0.002
16507.4;0.003
16507.9;0.003
16508.4;0.001
16508.9;0.004
16509.4;0.004
16509.9;0.003
16510.4;0.004
16510.9;0.003
16511.4;0.003
16511.9;0.003
16512.4;0.003
16512.9;0.004
16513.4;0.003
16513.9;0.003
16514.4;0.003
16514.9;0.003
16515.4;0.003
16515.9;0.003
16516.4;0.004
16516.9;0.003
16517.4;0.004
16517.9;0.004
16518.4;0.004
16518.9;0.004
16519.4;0.002
16519.9;0.004
16520.4;0.002
16520.9;0.004
16521.4;0.003
16521.9;0.004
16522.4;0.003
16522.9;0.004
16523.4;0.002
16523.9;0.002
16524.4;0.002
16524.9;0.002
16525.4;0.002
16525.9;0.004
16526.4;0.004
16526.9;0.003
16527.4;0.003
16527.9;0.004
16528.4;0.003
16528.9;0.003
16529.4;0.004
16529.9;0.004
16530.4;0.003
16530.9;0.003
16531.4;0.003
16531.9;0.003
16532.4;0.003
16532.9;0.003
16533.4;0.003
16533.9;0.004
16534.4;0.003
16534.9;0.003
16535.4;0.004
16535.9;0.004
16536.4;0.003
16536.9;0.003
16537.4;0.002
16537.9;0.003
16538.4;0.003
16538.9;0.004
16539.4;0.003
16539.9;0.004
16540.4;0.002
16540.9;0.003
16541.4;0.004
16541.9;0.003
16542.4;0.003
16542.9;0.004
16543.4;0.002
16543.9;0.003
16544.4;0.005
16544.9;0.002
16545.4;0.004
16545.9;0.003
16546.4;0.003
16546.9;0.004
16547.4;0.002
16547.9;0.003
16548.4;0.004
16548.9;0.004
16549.4;0.004
16549.9;0.003
16550.4;0.005
16550.9;0.004
16551.4;0.003
16551.9;0.004
16552.4;0.003
16552.9;0.002
16553.4;0.003
16553.9;0.004
16554.4;0.004
16554.9;0.004
16555.4;0.003
16555.9;0.003
16556.4;0.003
16556.9;0.002
16557.4;0.003
16557.9;0.003
16558.4;0.004
16558.9;0.003
16559.4;0.003
16559.9;0.004
16560.4;0.005
16560.9;0.002
16561.4;0.003
16561.9;0.003
16562.4;0.003
16562.9;0.003
16563.4;0.003
16563.9;0.003
16564.4;0.003
16564.9;0.003
16565.4;0.003
16565.9;0.003
16566.4;0.004
16566.9;0.003
16567.4;0.003
16567.9;0.004
16568.4;0.004
16568.9;0.005
16569.4;0.004
16569.9;0.003
16570.4;0.004
16570.9;0.004
16571.4;0.003
16571.9;0.004
16572.4;0.004
16572.9;0.002
16573.4;0.003
16573.9;0.003
16574.4;0.002
16574.9;0.001
16575.4;0.003
16575.9;0.004
16576.4;0.003
16576.9;0.003
16577.4;0.002
16577.9;0.004
16578.4;0.003
16578.9;0.005
16579.4;0.003
16579.9;0.003
16580.4;0.003
16580.9;0.002
16581.4;0.004
16581.9;0.003
16582.4;0.002
16582.9;0.002
16583.4;0.003
16583.9;0.003
16584.4;0.003
16584.9;0.004
16585.4;0.003
16585.9;0.003
16586.4;0.002
16586.9;0.002
16587.4;0.004
16587.9;0.003
16588.4;0.005
16588.9;0.003
16589.4;0.004
16589.9;0.003
16590.4;0.003
16590.9;0.004
16591.4;0.004
16591.9;0.002
16592.4;0.004
16592.9;0.003
16593.4;0.004
16593.9;0.004
16594.4;0.003
16594.9;0.002
16595.4;0.004
16595.9;0.004
16596.4;0.004
16596.9;0.004
16597.4;0.003
16597.9;0.004
16598.4;0.003
16598.9;0.003
16599.4;0.005
16599.9;0.003
16600.4;0.003
16600.9;0.003
16601.4;0.003
16601.9;0.004
16602.4;0.003
16602.9;0.003
16603.4;0.003
16603.9;0.003
16604.4;0.002
16604.9;0.004
16605.4;0.004
16605.9;0.003
16606.4;0.004
16606.9;0.003
16607.4;0.004
16607.9;0.003
16608.4;0.003
16608.9;0.004
16609.4;0.003
16609.9;0.003
16610.4;0.004
16610.9;0.004
16611.4;0.004
16611.9;0.003
16612.4;0.004
16612.9;0.005
16613.4;0.004
16613.9;0.004
16614.4;0.003
16614.9;0.003
16615.4;0.003
16615.9;0.004
16616.4;0.005
16616.9;0.002
16617.4;0.003
16617.9;0.003
16618.4;0.004
16618.9;0.004
16619.4;0.004
16619.9;0.003
16620.4;0.005
16620.9;0.003
16621.4;0.001
16621.9;0.004
16622.4;0.002
16622.9;0.003
16623.4;0.003
16623.9;0.002
16624.4;0.003
16624.9;0.004
16625.4;0.004
16625.9;0.002
16626.4;0.004
16626.9;0.004
16627.4;0.003
16627.9;0.003
16628.4;0.003
16628.9;0.004
16629.4;0.003
16629.9;0.004
16630.4;0.003
16630.9;0.002
16631.4;0.003
16631.9;0.004
16632.4;0.004
16632.9;0.003
16633.4;0.003
16633.9;0.003
16634.4;0.003
16634.9;0.003
16635.4;0.003
16635.9;0.003
16636.4;0.004
16636.9;0.003
16637.4;0.003
16637.9;0.002
16638.4;0.003
16638.9;0.004
16639.4;0.002
16639.9;0.003
16640.4;0.003
16640.9;0.003
16641.4;0.002
16641.9;0.003
16642.4;0.004
16642.9;0.003
16643.4;0.003
16643.9;0.004
16644.4;0.004
16644.9;0.004
16645.4;0.004
16645.9;0.004
16646.4;0.003
16646.9;0.003
16647.4;0.004
16647.9;0.004
16648.4;0.003
16648.9;0.003
16649.4;0.003
16649.9;0.002
16650.4;0.001
16650.9;0.004
16651.4;0.002
16651.9;0.002
16652.4;0.003
16652.9;0.004
16653.4;0.003
16653.9;0.004
16654.4;0.003
16654.9;0.001
16655.4;0.003
16655.9;0.005
16656.4;0.004
16656.9;0.003
16657.4;0.004
16657.9;0.005
16658.4;0.004
16658.9;0.003
16659.4;0.005
16659.9;0.004
16660.4;0.004
16660.9;0.003
16661.4;0.003
16661.9;0.002
16662.4;0.003
16662.9;0.003
16663.4;0.003
16663.9;0.003
16664.4;0.004
16664.9;0.003
16665.4;0.003
16665.9;0.004
16666.4;0.003
16666.9;0.003
16667.4;0.002
16667.9;0.003
16668.4;0.004
16668.9;0.003
16669.4;0.003
16669.9;0.003
16670.4;0.002
16670.9;0.003
16671.4;0.003
16671.9;0.004
16672.4;0.003
16672.9;0.004
16673.4;0.002
16673.9;0.004
16674.4;0.003
16674.9;0.002
16675.4;0.005
16675.9;0.004
16676.4;0.002
16676.9;0.003
16677.4;0.002
16677.9;0.004
16678.4;0.003
16678.9;0.005
16679.4;0.003
16679.9;0.005
16680.4;0.002
16680.9;0.003
16681.4;0.004
16681.9;0.002
16682.4;0.004
16682.9;0.004
16683.4;0.003
16683.9;0.002
16684.4;0.003
16684.9;0.003
16685.4;0.004
16685.9;0.002
16686.4;0.003
16686.9;0.004
16687.4;0.004
16687.9;0.002
16688.4;0.003
16688.9;0.003
16689.4;0.003
16689.9;0.003
16690.4;0.003
16690.9;0.003
16691.4;0.003
16691.9;0.003
16692.4;0.002
16692.9;0.003
16693.4;0.004
16693.9;0.004
16694.4;0.004
16694.9;0.003
16695.4;0.004
16695.9;0.005
16696.4;0.004
16696.9;0.003
16697.4;0.003
16697.9;0.003
16698.4;0.003
16698.9;0.003
16699.4;0.003
16699.9;0.003
16700.4;0.003
16700.9;0.003
16701.4;0.003
16701.9;0.005
16702.4;0.004
16702.9;0.003
16703.4;0.001
16703.9;0.003
16704.4;0.002
16704.9;0.003
16705.4;0.003
16705.9;0.002
16706.4;0.003
16706.9;0.004
16707.4;0.003
16707.9;0.003
16708.4;0.004
16708.9;0.003
16709.4;0.004
16709.9;0.003
16710.4;0.004
16710.9;0.005
16711.4;0.004
16711.9;0.003
16712.4;0.003
16712.9;0.002
16713.4;0.003
16713.9;0.003
16714.4;0.003
16714.9;0.003
16715.4;0.003
16715.9;0.003
16716.4;0.003
16716.9;0.003
16717.4;0.002
16717.9;0.002
16718.4;0.003
16718.9;0.004
16719.4;0.004
16719.9;0.002
16720.4;0.003
16720.9;0.003
16721.4;0.003
16721.9;0.003
16722.4;0.004
16722.9;0.003
16723.4;0.003
16723.9;0.004
16724.4;0.003
16724.9;0.002
16725.4;0.003
16725.9;0.003
16726.4;0.003
16726.9;0.004
16727.4;0.003
16727.9;0.004
16728.4;0.004
16728.9;0.002
16729.4;0.002
16729.9;0.004
16730.4;0.003
16730.9;0.002
16731.4;0.002
16731.9;0.002
16732.4;0.003
16732.9;0.003
16733.4;0.003
16733.9;0.003
16734.4;0.004
16734.9;0.003
16735.4;0.004
16735.9;0.003
16736.4;0.004
16736.9;0.002
16737.4;0.003
16737.9;0.003
16738.4;0.003
16738.9;0.003
16739.4;0.003
16739.9;0.004
16740.4;0.004
16740.9;0.003
16741.4;0.003
16741.9;0.002
16742.4;0.003
16742.9;0.003
16743.4;0.003
16743.9;0.003
16744.4;0.002
16744.9;0.004
16745.4;0.002
16745.9;0.003
16746.4;0.003
16746.9;0.003
16747.4;0.003
16747.9;0.002
16748.4;0.004
16748.9;0.003
16749.4;0.003
16749.9;0.004
16750.4;0.003
16750.9;0.002
16751.4;0.003
16751.9;0.003
16752.4;0.003
16752.9;0.002
16753.4;0.003
16753.9;0.002
16754.4;0.004
16754.9;0.003
16755.4;0.004
16755.9;0.004
16756.4;0.002
16756.9;0.003
16757.4;0.004
16757.9;0.004
16758.4;0.003
16758.9;0.003
16759.4;0.002
16759.9;0.004
16760.4;0.003
16760.9;0.003
16761.4;0.005
16761.9;0.004
16762.4;0.003
16762.9;0.002
16763.4;0.003
16763.9;0.004
16764.4;0.003
16764.9;0.005
16765.4;0.003
16765.9;0.003
16766.4;0.003
16766.9;0.003
16767.4;0.003
16767.9;0.003
16768.4;0.003
16768.9;0.003
16769.4;0.005
16769.9;0.004
16770.4;0.002
16770.9;0.003
16771.4;0.004
16771.9;0.004
16772.4;0.003
16772.9;0.004
16773.4;0.004
16773.9;0.003
16774.4;0.003
16774.9;0.004
16775.4;0.004
16775.9;0.003
16776.4;0.004
16776.9;0.003
16777.4;0.003
16777.9;0.003
16778.4;0.004
16778.9;0.002
16779.4;0.002
16779.9;0.003
16780.4;0.003
16780.9;0.004
16781.4;0.002
16781.9;0.003
16782.4;0.003
16782.9;0.003
16783.4;0.004
16783.9;0.002
16784.4;0.004
16784.9;0.003
16785.4;0.003
16785.9;0.003
16786.4;0.003
16786.9;0.004
16787.4;0.003
16787.9;0.003
16788.4;0.004
16788.9;0.003
16789.4;0.004
16789.9;0.003
16790.4;0.004
16790.9;0.003
16791.4;0.004
16791.9;0.003
16792.4;0.003
16792.9;0.004
16793.4;0.002
16793.9;0.003
16794.4;0.004
16794.9;0.005
16795.4;0.003
16795.9;0.004
16796.4;0.003
16796.9;0.004
16797.4;0.004
16797.9;0.003
16798.4;0.004
16798.9;0.003
16799.4;0.003
16799.9;0.003
16800.4;0.004
16800.9;0.002
16801.4;0.005
16801.9;0.003
16802.4;0.003
16802.9;0.004
16803.4;0.003
16803.9;0.003
16804.4;0.003
16804.9;0.003
16805.4;0.003
16805.9;0.003
16806.4;0.004
16806.9;0.003
16807.4;0.003
16807.9;0.003
16808.4;0.002
16808.9;0.002
16809.4;0.003
16809.9;0.004
16810.4;0.003
16810.9;0.002
16811.4;0.002
16811.9;0.002
16812.4;0.003
16812.9;0.004
16813.4;0.004
16813.9;0.003
16814.4;0.002
16814.9;0.004
16815.4;0.003
16815.9;0.003
16816.4;0.002
16816.9;0.003
16817.4;0.002
16817.9;0.003
16818.4;0.004
16818.9;0.003
16819.4;0.003
16819.9;0.003
16820.4;0.004
16820.9;0.003
16821.4;0.003
16821.9;0.004
16822.4;0.003
16822.9;0.003
16823.4;0.004
16823.9;0.003
16824.4;0.003
16824.9;0.005
16825.4;0.003
16825.9;0.004
16826.4;0.003
16826.9;0.003
16827.4;0.003
16827.9;0.003
16828.4;0.002
16828.9;0.003
16829.4;0.005
16829.9;0.003
16830.4;0.003
16830.9;0.004
16831.4;0.004
16831.9;0.002
16832.4;0.003
16832.9;0.004
16833.4;0.003
16833.9;0.004
16834.4;0.002
16834.9;0.004
16835.4;0.004
16835.9;0.004
16836.4;0.003
16836.9;0.004
16837.4;0.002
16837.9;0.003
16838.4;0.002
16838.9;0.003
16839.4;0.004
16839.9;0.004
16840.4;0.004
16840.9;0.004
16841.4;0.003
16841.9;0.003
16842.4;0.004
16842.9;0.004
16843.4;0.004
16843.9;0.003
16844.4;0.003
16844.9;0.003
16845.4;0.003
16845.9;0.003
16846.4;0.004
16846.9;0.002
16847.4;0.003
16847.9;0.004
16848.4;0.003
16848.9;0.003
16849.4;0.003
16849.9;0.003
16850.4;0.003
16850.9;0.003
16851.4;0.002
16851.9;0.002
16852.4;0.004
16852.9;0.003
16853.4;0.003
16853.9;0.004
16854.4;0.003
16854.9;0.003
16855.4;0.004
16855.9;0.005
16856.4;0.003
16856.9;0.003
16857.4;0.002
16857.9;0.004
16858.4;0.004
16858.9;0.002
16859.4;0.003
16859.9;0.003
16860.4;0.004
16860.9;0.004
16861.4;0.003
16861.9;0.003
16862.4;0.002
16862.9;0.004
16863.4;0.002
16863.9;0.004
16864.4;0.003
16864.9;0.002
16865.4;0.004
16865.9;0.003
16866.4;0.002
16866.9;0.004
16867.4;0.003
16867.9;0.003
16868.4;0.003
16868.9;0.004
16869.4;0.002
16869.9;0.002
16870.4;0.004
16870.9;0.003
16871.4;0.003
16871.9;0.004
16872.4;0.004
16872.9;0.003
16873.4;0.004
16873.9;0.002
16874.4;0.002
16874.9;0.004
16875.4;0.004
16875.9;0.004
16876.4;0.003
16876.9;0.004
16877.4;0.003
16877.9;0.003
16878.4;0.004
16878.9;0.005
16879.4;0.001
16879.9;0.003
16880.4;0.004
16880.9;0.002
16881.4;0.004
16881.9;0.004
16882.4;0.003
16882.9;0.002
16883.4;0.004
16883.9;0.003
16884.4;0.004
16884.9;0.002
16885.4;0.003
16885.9;0.003
16886.4;0.004
16886.9;0.004
16887.4;0.003
16887.9;0.003
16888.4;0.003
16888.9;0.004
16889.4;0.004
16889.9;0.003
16890.4;0.003
16890.9;0.004
16891.4;0.004
16891.9;0.003
16892.4;0.003
16892.9;0.003
16893.4;0.003
16893.9;0.003
16894.4;0.004
16894.9;0.002
16895.4;0.003
16895.9;0.004
16896.4;0.004
16896.9;0.003
16897.4;0.003
16897.9;0.003
16898.4;0.002
16898.9;0.003
16899.4;0.003
16899.9;0.002
16900.4;0.003
16900.9;0.004
16901.4;0.003
16901.9;0.003
16902.4;0.003
16902.9;0.005
16903.4;0.003
16903.9;0.005
16904.4;0.003
16904.9;0.003
16905.4;0.003
16905.9;0.004
16906.4;0.004
16906.9;0.003
16907.4;0.004
16907.9;0.001
16908.4;0.002
16908.9;0.004
16909.4;0.004
16909.9;0.003
16910.4;0.004
16910.9;0.003
16911.4;0.002
16911.9;0.003
16912.4;0.003
16912.9;0.003
16913.4;0.003
16913.9;0.003
16914.4;0.002
16914.9;0.004
16915.4;0.003
16915.9;0.003
16916.4;0.005
16916.9;0.004
16917.4;0.002
16917.9;0.003
16918.4;0.003
16918.9;0.004
16919.4;0.001
16919.9;0.003
16920.4;0.003
16920.9;0.003
16921.4;0.002
16921.9;0.002
16922.4;0.004
16922.9;0.003
16923.4;0.002
16923.9;0.003
16924.4;0.003
16924.9;0.004
16925.4;0.004
16925.9;0.004
16926.4;0.004
16926.9;0.003
16927.4;0.003
16927.9;0.002
16928.4;0.003
16928.9;0.003
16929.4;0.003
16929.9;0.004
16930.4;0.002
16930.9;0.004
16931.4;0.004
16931.9;0.004
16932.4;0.003
16932.9;0.003
16933.4;0.003
16933.9;0.004
16934.4;0.002
16934.9;0.002
16935.4;0.003
16935.9;0.002
16936.4;0.003
16936.9;0.003
16937.4;0.002
16937.9;0.003
16938.4;0.004
16938.9;0.003
16939.4;0.004
16939.9;0.004
16940.4;0.004
16940.9;0.005
16941.4;0.003
16941.9;0.004
16942.4;0.003
16942.9;0.002
16943.4;0.002
16943.9;0.003
16944.4;0.004
16944.9;0.003
16945.4;0.003
16945.9;0.002
16946.4;0.003
16946.9;0.003
16947.4;0.003
16947.9;0.003
16948.4;0.002
16948.9;0.004
16949.4;0.003
16949.9;0.004
16950.4;0.003
16950.9;0.003
16951.4;0.004
16951.9;0.002
16952.4;0.002
16952.9;0.004
16953.4;0.003
16953.9;0.004
16954.4;0.003
16954.9;0.004
16955.4;0.003
16955.9;0.002
16956.4;0.003
16956.9;0.004
16957.4;0.002
16957.9;0.003
16958.4;0.003
16958.9;0.003
16959.4;0.004
16959.9;0.004
16960.4;0.002
16960.9;0.003
16961.4;0.003
16961.9;0.003
16962.4;0.003
16962.9;0.002
16963.4;0.003
16963.9;0.003
16964.4;0.004
16964.9;0.002
16965.4;0.004
16965.9;0.002
16966.4;0.003
16966.9;0.004
16967.4;0.003
16967.9;0.003
16968.4;0.004
16968.9;0.003
16969.4;0.003
16969.9;0.003
16970.4;0.004
16970.9;0.003
16971.4;0.003
16971.9;0.002
16972.4;0.003
16972.9;0.002
16973.4;0.003
16973.9;0.004
16974.4;0.003
16974.9;0.002
16975.4;0.004
16975.9;0.004
16976.4;0.003
16976.9;0.003
16977.4;0.003
16977.9;0.003
16978.4;0.003
16978.9;0.003
16979.4;0.004
16979.9;0.003
16980.4;0.002
16980.9;0.003
16981.4;0.003
16981.9;0.003
16982.4;0.003
16982.9;0.004
16983.4;0.003
16983.9;0.004
16984.4;0.003
16984.9;0.004
16985.4;0.003
16985.9;0.004
16986.4;0.003
16986.9;0.003
16987.4;0.001
16987.9;0.004
16988.4;0.004
16988.9;0.002
16989.4;0.003
16989.9;0.004
16990.4;0.004
16990.9;0.003
16991.4;0.003
16991.9;0.004
16992.4;0.003
16992.9;0.004
16993.4;0.003
16993.9;0.003
16994.4;0.003
16994.9;0.003
16995.4;0.002
16995.9;0.004
16996.4;0.003
16996.9;0.003
16997.4;0.004
16997.9;0.003
16998.4;0.003
16998.9;0.003
16999.4;0.003
16999.9;0.003
17000.4;0.003
17000.9;0.003
17001.4;0.004
17001.9;0.003
17002.4;0.002
17002.9;0.003
17003.4;0.002
17003.9;0.003
17004.4;0.003
17004.9;0.003
17005.4;0.003
17005.9;0.004
17006.4;0.003
17006.9;0.004
17007.4;0.002
17007.9;0.003
17008.4;0.004
17008.9;0.004
17009.4;0.004
17009.9;0.003
17010.4;0.003
17010.9;0.003
17011.4;0.003
17011.9;0.003
17012.4;0.004
17012.9;0.004
17013.4;0.004
17013.9;0.004
17014.4;0.002
17014.9;0.003
17015.4;0.002
17015.9;0.005
17016.4;0.004
17016.9;0.004
17017.4;0.004
17017.9;0.004
17018.4;0.004
17018.9;0.003
17019.4;0.002
17019.9;0.004
17020.4;0.003
17020.9;0.003
17021.4;0.003
17021.9;0.003
17022.4;0.002
17022.9;0.003
17023.4;0.004
17023.9;0.003
17024.4;0.002
17024.9;0.002
17025.4;0.003
17025.9;0.003
17026.4;0.003
17026.9;0.003
17027.4;0.002
17027.9;0.003
17028.4;0.003
17028.9;0.003
17029.4;0.002
17029.9;0.002
17030.4;0.002
17030.9;0.003
17031.4;0.003
17031.9;0.004
17032.4;0.004
17032.9;0.002
17033.4;0.004
17033.9;0.003
17034.4;0.003
17034.9;0.002
17035.4;0.003
17035.9;0.004
17036.4;0.004
17036.9;0.003
17037.4;0.002
17037.9;0.003
17038.4;0.004
17038.9;0.004
17039.4;0.003
17039.9;0.004
17040.4;0.005
17040.9;0.005
17041.4;0.004
17041.9;0.003
17042.4;0.003
17042.9;0.004
17043.4;0.005
17043.9;0.002
17044.4;0.004
17044.9;0.002
17045.4;0.002
17045.9;0.004
17046.4;0.004
17046.9;0.004
17047.4;0.002
17047.9;0.003
17048.4;0.002
17048.9;0.004
17049.4;0.003
17049.9;0.002
17050.4;0.003
17050.9;0.003
17051.4;0.004
17051.9;0.002
17052.4;0.003
17052.9;0.004
17053.4;0.003
17053.9;0.004
17054.4;0.002
17054.9;0.004
17055.4;0.005
17055.9;0.003
17056.4;0.003
17056.9;0.004
17057.4;0.004
17057.9;0.002
17058.4;0.004
17058.9;0.002
17059.4;0.004
17059.9;0.004
17060.4;0.003
17060.9;0.003
17061.4;0.003
17061.9;0.003
17062.4;0.004
17062.9;0.003
17063.4;0.003
17063.9;0.005
17064.4;0.002
17064.9;0.002
17065.4;0.004
17065.9;0.003
17066.4;0.002
17066.9;0.003
17067.4;0.002
17067.9;0.003
17068.4;0.004
17068.9;0.003
17069.4;0.003
17069.9;0.002
17070.4;0.002
17070.9;0.003
17071.4;0.004
17071.9;0.002
17072.4;0.004
17072.9;0.004
17073.4;0.003
17073.9;0.002
17074.4;0.003
17074.9;0.003
17075.4;0.003
17075.9;0.002
17076.4;0.003
17076.9;0.003
17077.4;0.003
17077.9;0.003
17078.4;0.003
17078.9;0.005
17079.4;0.003
17079.9;0.003
17080.4;0.004
17080.9;0.003
17081.4;0.004
17081.9;0.004
17082.4;0.002
17082.9;0.004
17083.4;0.002
17083.9;0.003
17084.4;0.004
17084.9;0.003
17085.4;0.005
17085.9;0.004
17086.4;0.003
17086.9;0.003
17087.4;0.002
17087.9;0.004
17088.4;0.003
17088.9;0.002
17089.4;0.003
17089.9;0.004
17090.4;0.003
17090.9;0.003
17091.4;0.002
17091.9;0.004
17092.4;0.002
17092.9;0.004
17093.4;0.004
17093.9;0.002
17094.4;0.002
17094.9;0.004
17095.4;0.002
17095.9;0.003
17096.4;0.004
17096.9;0.004
17097.4;0.003
17097.9;0.003
17098.4;0.002
17098.9;0.003
17099.4;0.003
17099.9;0.003
17100.4;0.004
17100.9;0.003
17101.4;0.003
17101.9;0.004
17102.4;0.003
17102.9;0.003
17103.4;0.003
17103.9;0.003
17104.4;0.004
17104.9;0.004
17105.4;0.002
17105.9;0.004
17106.4;0.005
17106.9;0.004
17107.4;0.002
17107.9;0.003
17108.4;0.003
17108.9;0.001
17109.4;0.003
17109.9;0.003
17110.4;0.002
17110.9;0.004
17111.4;0.003
17111.9;0.003
17112.4;0.003
17112.9;0.003
17113.4;0.003
17113.9;0.002
17114.4;0.002
17114.9;0.003
17115.4;0.004
17115.9;0.003
17116.4;0.004
17116.9;0.003
17117.4;0.003
17117.9;0.002
17118.4;0.003
17118.9;0.004
17119.4;0.003
17119.9;0.003
17120.4;0.003
17120.9;0.004
17121.4;0.003
17121.9;0.003
17122.4;0.002
17122.9;0.004
17123.4;0.003
17123.9;0.002
17124.4;0.004
17124.9;0.004
17125.4;0.003
17125.9;0.003
17126.4;0.002
17126.9;0.003
17127.4;0.004
17127.9;0.004
17128.4;0.003
17128.9;0.004
17129.4;0.005
17129.9;0.003
17130.4;0.003
17130.9;0.003
17131.4;0.003
17131.9;0.003
17132.4;0.003
17132.9;0.003
17133.4;0.002
17133.9;0.004
17134.4;0.003
17134.9;0.003
17135.4;0.003
17135.9;0.004
17136.4;0.003
17136.9;0.003
17137.4;0.004
17137.9;0.003
17138.4;0.003
17138.9;0.003
17139.4;0.003
17139.9;0.004
17140.4;0.004
17140.9;0.003
17141.4;0.004
17141.9;0.003
17142.4;0.003
17142.9;0.004
17143.4;0.003
17143.9;0.003
17144.4;0.003
17144.9;0.002
17145.4;0.002
17145.9;0.004
17146.4;0.003
17146.9;0.002
17147.4;0.003
17147.9;0.002
17148.4;0.003
17148.9;0.002
17149.4;0.002
17149.9;0.002
17150.4;0.004
17150.9;0.004
17151.4;0.003
17151.9;0.003
17152.4;0.004
17152.9;0.002
17153.4;0.002
17153.9;0.004
17154.4;0.002
17154.9;0.003
17155.4;0.004
17155.9;0.003
17156.4;0.003
17156.9;0.003
17157.4;0.003
17157.9;0.002
17158.4;0.003
17158.9;0.004
17159.4;0.003
17159.9;0.003
17160.4;0.004
17160.9;0.004
17161.4;0.003
17161.9;0.003
17162.4;0.002
17162.9;0.002
17163.4;0.003
17163.9;0.004
17164.4;0.004
17164.9;0.003
17165.4;0.003
17165.9;0.003
17166.4;0.003
17166.9;0.002
17167.4;0.003
17167.9;0.003
17168.4;0.003
17168.9;0.004
17169.4;0.004
17169.9;0.002
17170.4;0.003
17170.9;0.004
17171.4;0.005
17171.9;0.003
17172.4;0.003
17172.9;0.003
17173.4;0.003
17173.9;0.003
17174.4;0.005
17174.9;0.004
17175.4;0.002
17175.9;0.004
17176.4;0.003
17176.9;0.003
17177.4;0.004
17177.9;0.003
17178.4;0.003
17178.9;0.003
17179.4;0.004
17179.9;0.004
17180.4;0.003
17180.9;0.002
17181.4;0.002
17181.9;0.002
17182.4;0.003
17182.9;0.005
17183.4;0.004
17183.9;0.003
17184.4;0.004
17184.9;0.003
17185.4;0.003
17185.9;0.002
17186.4;0.004
17186.9;0.003
17187.4;0.003
17187.9;0.003
17188.4;0.004
17188.9;0.004
17189.4;0.003
17189.9;0.005
17190.4;0.004
17190.9;0.004
17191.4;0.004
17191.9;0.003
17192.4;0.004
17192.9;0.004
17193.4;0.004
17193.9;0.003
17194.4;0.003
17194.9;0.003
17195.4;0.004
17195.9;0.004
17196.4;0.003
17196.9;0.003
17197.4;0.003
17197.9;0.002
17198.4;0.004
17198.9;0.003
17199.4;0.003
17199.9;0.002
17200.4;0.002
17200.9;0.004
17201.4;0.002
17201.9;0.003
17202.4;0.002
17202.9;0.004
17203.4;0.004
17203.9;0.002
17204.4;0.002
17204.9;0.002
17205.4;0.002
17205.9;0.003
17206.4;0.002
17206.9;0.003
17207.4;0.003
17207.9;0.003
17208.4;0.002
17208.9;0.004
17209.4;0.004
17209.9;0.004
17210.4;0.003
17210.9;0.003
17211.4;0.003
17211.9;0.003
17212.4;0.003
17212.9;0.004
17213.4;0.003
17213.9;0.003
17214.4;0.003
17214.9;0.002
17215.4;0.004
17215.9;0.003
17216.4;0.004
17216.9;0.004
17217.4;0.002
17217.9;0.003
17218.4;0.003
17218.9;0.003
17219.4;0.005
17219.9;0.003
17220.4;0.004
17220.9;0.004
17221.4;0.003
17221.9;0.004
17222.4;0.003
17222.9;0.003
17223.4;0.004
17223.9;0.003
17224.4;0.004
17224.9;0.003
17225.4;0.003
17225.9;0.004
17226.4;0.003
17226.9;0.004
17227.4;0.002
17227.9;0.003
17228.4;0.004
17228.9;0.003
17229.4;0.003
17229.9;0.003
17230.4;0.003
17230.9;0.004
17231.4;0.002
17231.9;0.004
17232.4;0.002
17232.9;0.002
17233.4;0.004
17233.9;0.002
17234.4;0.003
17234.9;0.004
17235.4;0.004
17235.9;0.002
17236.4;0.003
17236.9;0.002
17237.4;0.004
17237.9;0.003
17238.4;0.003
17238.9;0.003
17239.4;0.004
17239.9;0.003
17240.4;0.004
17240.9;0.002
17241.4;0.004
17241.9;0.004
17242.4;0.003
17242.9;0.003
17243.4;0.003
17243.9;0.003
17244.4;0.003
17244.9;0.003
17245.4;0.003
17245.9;0.004
17246.4;0.002
17246.9;0.002
17247.4;0.005
17247.9;0.003
17248.4;0.003
17248.9;0.004
17249.4;0.004
17249.9;0.003
17250.4;0.005
17250.9;0.004
17251.4;0.003
17251.9;0.002
17252.4;0.003
17252.9;0.004
17253.4;0.003
17253.9;0.005
17254.4;0.003
17254.9;0.003
17255.4;0.002
17255.9;0.002
17256.4;0.004
17256.9;0.004
17257.4;0.004
17257.9;0.003
17258.4;0.003
17258.9;0.002
17259.4;0.003
17259.9;0.003
17260.4;0.003
17260.9;0.002
17261.4;0.003
17261.9;0.004
17262.4;0.003
17262.9;0.003
17263.4;0.003
17263.9;0.002
17264.4;0.003
17264.9;0.003
17265.4;0.003
17265.9;0.005
17266.4;0.002
17266.9;0.003
17267.4;0.003
17267.9;0.003
17268.4;0.004
17268.9;0.004
17269.4;0.004
17269.9;0.003
17270.4;0.003
17270.9;0.003
17271.4;0.003
17271.9;0.003
17272.4;0.003
17272.9;0.004
17273.4;0.003
17273.9;0.004
17274.4;0.003
17274.9;0.002
17275.4;0.003
17275.9;0.004
17276.4;0.004
17276.9;0.003
17277.4;0.004
17277.9;0.002
17278.4;0.003
17278.9;0.002
17279.4;0.003
17279.9;0.004
17280.4;0.003
17280.9;0.002
17281.4;0.003
17281.9;0.002
17282.4;0.004
17282.9;0.004
17283.4;0.004
17283.9;0.002
17284.4;0.003
17284.9;0.003
17285.4;0.004
17285.9;0.005
17286.4;0.003
17286.9;0.005
17287.4;0.002
17287.9;0.004
17288.4;0.003
17288.9;0.003
17289.4;0.003
17289.9;0.001
17290.4;0.003
17290.9;0.003
17291.4;0.003
17291.9;0.003
17292.4;0.003
17292.9;0.003
17293.4;0.003
17293.9;0.003
17294.4;0.003
17294.9;0.002
17295.4;0.003
17295.9;0.004
17296.4;0.003
17296.9;0.003
17297.4;0.003
17297.9;0.003
17298.4;0.003
17298.9;0.004
17299.4;0.003
17299.9;0.004
17300.4;0.004
17300.9;0.003
17301.4;0.003
17301.9;0.004
17302.4;0.003
17302.9;0.004
17303.4;0.004
17303.9;0.003
17304.4;0.004
17304.9;0.004
17305.4;0.003
17305.9;0.004
17306.4;0.003
17306.9;0.004
17307.4;0.002
17307.9;0.003
17308.4;0.003
17308.9;0.003
17309.4;0.002
17309.9;0.003
17310.4;0.003
17310.9;0.003
17311.4;0.003
17311.9;0.002
17312.4;0.004
17312.9;0.004
17313.4;0.003
17313.9;0.003
17314.4;0.004
17314.9;0.003
17315.4;0.002
17315.9;0.003
17316.4;0.004
17316.9;0.003
17317.4;0.003
17317.9;0.003
17318.4;0.003
17318.9;0.002
17319.4;0.002
17319.9;0.003
17320.4;0.003
17320.9;0.004
17321.4;0.003
17321.9;0.002
17322.4;0.004
17322.9;0.003
17323.4;0.003
17323.9;0.003
17324.4;0.003
17324.9;0.003
17325.4;0.002
17325.9;0.003
17326.4;0.003
17326.9;0.004
17327.4;0.003
17327.9;0.002
17328.4;0.003
17328.9;0.004
17329.4;0.003
17329.9;0.003
17330.4;0.004
17330.9;0.004
17331.4;0.002
17331.9;0.003
17332.4;0.002
17332.9;0.003
17333.4;0.003
17333.9;0.003
17334.4;0.003
17334.9;0.003
17335.4;0.002
17335.9;0.004
17336.4;0.004
17336.9;0.002
17337.4;0.003
17337.9;0.003
17338.4;0.004
17338.9;0.003
17339.4;0.003
17339.9;0.004
17340.4;0.003
17340.9;0.002
17341.4;0.003
17341.9;0.002
17342.4;0.003
17342.9;0.003
17343.4;0.003
17343.9;0.003
17344.4;0.004
17344.9;0.002
17345.4;0.002
17345.9;0.002
17346.4;0.003
17346.9;0.002
17347.4;0.003
17347.9;0.003
17348.4;0.003
17348.9;0.004
17349.4;0.002
17349.9;0.002
17350.4;0.003
17350.9;0.003
17351.4;0.003
17351.9;0.004
17352.4;0.005
17352.9;0.003
17353.4;0.002
17353.9;0.003
17354.4;0.004
17354.9;0.004
17355.4;0.003
17355.9;0.004
17356.4;0.003
17356.9;0.005
17357.4;0.004
17357.9;0.002
17358.4;0.003
17358.9;0.003
17359.4;0.003
17359.9;0.003
17360.4;0.004
17360.9;0.002
17361.4;0.004
17361.9;0.003
17362.4;0.003
17362.9;0.003
17363.4;0.003
17363.9;0.003
17364.4;0.003
17364.9;0.003
17365.4;0.003
17365.9;0.004
17366.4;0.002
17366.9;0.002
17367.4;0.003
17367.9;0.003
17368.4;0.003
17368.9;0.003
17369.4;0.003
17369.9;0.002
17370.4;0.003
17370.9;0.004
17371.4;0.003
17371.9;0.003
17372.4;0.003
17372.9;0.003
17373.4;0.003
17373.9;0.002
17374.4;0.004
17374.9;0.004
17375.4;0.003
17375.9;0.004
17376.4;0.004
17376.9;0.003
17377.4;0.003
17377.9;0.003
17378.4;0.004
17378.9;0.003
17379.4;0.004
17379.9;0.003
17380.4;0.003
17380.9;0.003
17381.4;0.003
17381.9;0.003
17382.4;0.004
17382.9;0.004
17383.4;0.003
17383.9;0.003
17384.4;0.004
17384.9;0.003
17385.4;0.003
17385.9;0.002
17386.4;0.003
17386.9;0.003
17387.4;0.005
17387.9;0.003
17388.4;0.003
17388.9;0.003
17389.4;0.003
17389.9;0.003
17390.4;0.003
17390.9;0.003
17391.4;0.003
17391.9;0.004
17392.4;0.003
17392.9;0.004
17393.4;0.004
17393.9;0.004
17394.4;0.002
17394.9;0.003
17395.4;0.004
17395.9;0.003
17396.4;0.003
17396.9;0.002
17397.4;0.003
17397.9;0.003
17398.4;0.003
17398.9;0.004
17399.4;0.002
17399.9;0.004
17400.4;0.003
17400.9;0.004
17401.4;0.003
17401.9;0.003
17402.4;0.003
17402.9;0.003
17403.4;0.003
17403.9;0.004
17404.4;0.004
17404.9;0.004
17405.4;0.004
17405.9;0.003
17406.4;0.003
17406.9;0.002
17407.4;0.004
17407.9;0.003
17408.4;0.002
17408.9;0.004
17409.4;0.002
17409.9;0.003
17410.4;0.003
17410.9;0.003
17411.4;0.003
17411.9;0.003
17412.4;0.003
17412.9;0.004
17413.4;0.002
17413.9;0.003
17414.4;0.004
17414.9;0.002
17415.4;0.004
17415.9;0.003
17416.4;0.002
17416.9;0.002
17417.4;0.002
17417.9;0.004
17418.4;0.004
17418.9;0.003
17419.4;0.003
17419.9;0.002
17420.4;0.003
17420.9;0.003
17421.4;0.003
17421.9;0.003
17422.4;0.004
17422.9;0.002
17423.4;0.004
17423.9;0.002
17424.4;0.002
17424.9;0.003
17425.4;0.003
17425.9;0.003
17426.4;0.003
17426.9;0.004
17427.4;0.003
17427.9;0.004
17428.4;0.002
17428.9;0.003
17429.4;0.003
17429.9;0.003
17430.4;0.004
17430.9;0.003
17431.4;0.005
17431.9;0.003
17432.4;0.003
17432.9;0.003
17433.4;0.003
17433.9;0.002
17434.4;0.003
17434.9;0.003
17435.4;0.003
17435.9;0.003
17436.4;0.003
17436.9;0.002
17437.4;0.004
17437.9;0.002
17438.4;0.003
17438.9;0.004
17439.4;0.003
17439.9;0.003
17440.4;0.002
17440.9;0.003
17441.4;0.003
17441.9;0.003
17442.4;0.003
17442.9;0.003
17443.4;0.003
17443.9;0.003
17444.4;0.003
17444.9;0.003
17445.4;0.004
17445.9;0.004
17446.4;0.003
17446.9;0.003
17447.4;0.004
17447.9;0.004
17448.4;0.002
17448.9;0.003
17449.4;0.003
17449.9;0.003
17450.4;0.002
17450.9;0.002
17451.4;0.003
17451.9;0.004
17452.4;0.004
17452.9;0.003
17453.4;0.005
17453.9;0.003
17454.4;0.004
17454.9;0.004
17455.4;0.004
17455.9;0.004
17456.4;0.002
17456.9;0.005
17457.4;0.003
17457.9;0.004
17458.4;0.003
17458.9;0.003
17459.4;0.003
17459.9;0.003
17460.4;0.004
17460.9;0.003
17461.4;0.002
17461.9;0.003
17462.4;0.003
17462.9;0.004
17463.4;0.003
17463.9;0.002
17464.4;0.003
17464.9;0.005
17465.4;0.004
17465.9;0.004
17466.4;0.003
17466.9;0.004
17467.4;0.003
17467.9;0.003
17468.4;0.002
17468.9;0.004
17469.4;0.002
17469.9;0.003
17470.4;0.002
17470.9;0.003
17471.4;0.004
17471.9;0.004
17472.4;0.003
17472.9;0.002
17473.4;0.003
17473.9;0.004
17474.4;0.003
17474.9;0.003
17475.4;0.003
17475.9;0.003
17476.4;0.003
17476.9;0.004
17477.4;0.002
17477.9;0.003
17478.4;0.004
17478.9;0.003
17479.4;0.003
17479.9;0.004
17480.4;0.004
17480.9;0.003
17481.4;0.002
17481.9;0.003
17482.4;0.004
17482.9;0.004
17483.4;0.003
17483.9;0.005
17484.4;0.004
17484.9;0.004
17485.4;0.004
17485.9;0.003
17486.4;0.003
17486.9;0.003
17487.4;0.004
17487.9;0.002
17488.4;0.003
17488.9;0.003
17489.4;0.002
17489.9;0.004
17490.4;0.003
17490.9;0.003
17491.4;0.003
17491.9;0.003
17492.4;0.002
17492.9;0.003
17493.4;0.002
17493.9;0.004
17494.4;0.003
17494.9;0.004
17495.4;0.003
17495.9;0.003
17496.4;0.002
17496.9;0.003
17497.4;0.003
17497.9;0.004
17498.4;0.003
17498.9;0.003
17499.4;0.003
17499.9;0.002
17500.4;0.003
17500.9;0.002
17501.4;0.002
17501.9;0.004
17502.4;0.003
17502.9;0.003
17503.4;0.003
17503.9;0.002
17504.4;0.004
17504.9;0.003
17505.4;0.003
17505.9;0.004
17506.4;0.004
17506.9;0.003
17507.4;0.004
17507.9;0.002
17508.4;0.003
17508.9;0.002
17509.4;0.002
17509.9;0.002
17510.4;0.003
17510.9;0.005
17511.4;0.003
17511.9;0.004
17512.4;0.003
17512.9;0.003
17513.4;0.003
17513.9;0.002
17514.4;0.004
17514.9;0.004
17515.4;0.002
17515.9;0.002
17516.4;0.003
17516.9;0.003
17517.4;0.002
17517.9;0.003
17518.4;0.003
17518.9;0.003
17519.4;0.004
17519.9;0.004
17520.4;0.002
17520.9;0.003
17521.4;0.003
17521.9;0.004
17522.4;0.004
17522.9;0.003
17523.4;0.002
17523.9;0.004
17524.4;0.002
17524.9;0.002
17525.4;0.003
17525.9;0.003
17526.4;0.003
17526.9;0.004
17527.4;0.002
17527.9;0.003
17528.4;0.003
17528.9;0.004
17529.4;0.004
17529.9;0.003
17530.4;0.002
17530.9;0.004
17531.4;0.004
17531.9;0.004
17532.4;0.003
17532.9;0.003
17533.4;0.003
17533.9;0.003
17534.4;0.002
17534.9;0.002
17535.4;0.004
17535.9;0.004
17536.4;0.003
17536.9;0.003
17537.4;0.002
17537.9;0.003
17538.4;0.002
17538.9;0.004
17539.4;0.003
17539.9;0.003
17540.4;0.004
17540.9;0.005
17541.4;0.003
17541.9;0.002
17542.4;0.004
17542.9;0.003
17543.4;0.003
17543.9;0.004
17544.4;0.002
17544.9;0.003
17545.4;0.003
17545.9;0.004
17546.4;0.004
17546.9;0.003
17547.4;0.004
17547.9;0.003
17548.4;0.003
17548.9;0.003
17549.4;0.003
17549.9;0.004
17550.4;0.002
17550.9;0.004
17551.4;0.003
17551.9;0.003
17552.4;0.003
17552.9;0.003
17553.4;0.003
17553.9;0.003
17554.4;0.003
17554.9;0.003
17555.4;0.003
17555.9;0.004
17556.4;0.003
17556.9;0.004
17557.4;0.002
17557.9;0.004
17558.4;0.002
17558.9;0.002
17559.4;0.002
17559.9;0.003
17560.4;0.003
17560.9;0.003
17561.4;0.004
17561.9;0.004
17562.4;0.002
17562.9;0.003
17563.4;0.003
17563.9;0.003
17564.4;0.003
17564.9;0.003
17565.4;0.003
17565.9;0.003
17566.4;0.003
17566.9;0.002
17567.4;0.004
17567.9;0.003
17568.4;0.003
17568.9;0.005
17569.4;0.003
17569.9;0.003
17570.4;0.003
17570.9;0.004
17571.4;0.005
17571.9;0.002
17572.4;0.004
17572.9;0.003
17573.4;0.003
17573.9;0.003
17574.4;0.003
17574.9;0.005
17575.4;0.004
17575.9;0.004
17576.4;0.003
17576.9;0.003
17577.4;0.004
17577.9;0.003
17578.4;0.002
17578.9;0.004
17579.4;0.003
17579.9;0.004
17580.4;0.003
17580.9;0.003
17581.4;0.003
17581.9;0.003
17582.4;0.005
17582.9;0.003
17583.4;0.005
17583.9;0.003
17584.4;0.004
17584.9;0.003
17585.4;0.003
17585.9;0.003
17586.4;0.003
17586.9;0.003
17587.4;0.002
17587.9;0.003
17588.4;0.003
17588.9;0.004
17589.4;0.003
17589.9;0.003
17590.4;0.003
17590.9;0.004
17591.4;0.002
17591.9;0.003
17592.4;0.002
17592.9;0.003
17593.4;0.001
17593.9;0.003
17594.4;0.003
17594.9;0.003
17595.4;0.003
17595.9;0.003
17596.4;0.003
17596.9;0.004
17597.4;0.004
17597.9;0.003
17598.4;0.003
17598.9;0.004
17599.4;0.004
17599.9;0.004
17600.4;0.002
17600.9;0.003
17601.4;0.003
17601.9;0.002
17602.4;0.003
17602.9;0.004
17603.4;0.003
17603.9;0.003
17604.4;0.004
17604.9;0.004
17605.4;0.002
17605.9;0.004
17606.4;0.003
17606.9;0.003
17607.4;0.001
17607.9;0.004
17608.4;0.002
17608.9;0.003
17609.4;0.003
17609.9;0.003
17610.4;0.003
17610.9;0.002
17611.4;0.003
17611.9;0.004
17612.4;0.004
17612.9;0.003
17613.4;0.003
17613.9;0.003
17614.4;0.004
17614.9;0.002
17615.4;0.003
17615.9;0.003
17616.4;0.003
17616.9;0.004
17617.4;0.003
17617.9;0.003
17618.4;0.004
17618.9;0.003
17619.4;0.003
17619.9;0.004
17620.4;0.003
17620.9;0.002
17621.4;0.003
17621.9;0.002
17622.4;0.004
17622.9;0.003
17623.4;0.003
17623.9;0.002
17624.4;0.003
17624.9;0.003
17625.4;0.003
17625.9;0.003
17626.4;0.003
17626.9;0.003
17627.4;0.002
17627.9;0.003
17628.4;0.005
17628.9;0.003
17629.4;0.002
17629.9;0.002
17630.4;0.003
17630.9;0.004
17631.4;0.003
17631.9;0.003
17632.4;0.005
17632.9;0.005
17633.4;0.003
17633.9;0.003
17634.4;0.003
17634.9;0.002
17635.4;0.004
17635.9;0.002
17636.4;0.003
17636.9;0.004
17637.4;0.002
17637.9;0.003
17638.4;0.004
17638.9;0.002
17639.4;0.004
17639.9;0.003
17640.4;0.004
17640.9;0.003
17641.4;0.002
17641.9;0.002
17642.4;0.003
17642.9;0.002
17643.4;0.003
17643.9;0.003
17644.4;0.003
17644.9;0.002
17645.4;0.002
17645.9;0.003
17646.4;0.002
17646.9;0.003
17647.4;0.003
17647.9;0.003
17648.4;0.004
17648.9;0.004
17649.4;0.003
17649.9;0.003
17650.4;0.003
17650.9;0.003
17651.4;0.001
17651.9;0.003
17652.4;0.003
17652.9;0.003
17653.4;0.003
17653.9;0.003
17654.4;0.002
17654.9;0.002
17655.4;0.004
17655.9;0.004
17656.4;0.004
17656.9;0.003
17657.4;0.003
17657.9;0.003
17658.4;0.004
17658.9;0.003
17659.4;0.004
17659.9;0.003
17660.4;0.002
17660.9;0.003
17661.4;0.004
17661.9;0.003
17662.4;0.002
17662.9;0.005
17663.4;0.003
17663.9;0.002
17664.4;0.003
17664.9;0.003
17665.4;0.002
17665.9;0.004
17666.4;0.004
17666.9;0.003
17667.4;0.004
17667.9;0.003
17668.4;0.003
17668.9;0.003
17669.4;0.003
17669.9;0.003
17670.4;0.003
17670.9;0.003
17671.4;0.002
17671.9;0.003
17672.4;0.003
17672.9;0.003
17673.4;0.003
17673.9;0.004
17674.4;0.003
17674.9;0.003
17675.4;0.003
17675.9;0.002
17676.4;0.003
17676.9;0.001
17677.4;0.003
17677.9;0.002
17678.4;0.002
17678.9;0.003
17679.4;0.003
17679.9;0.003
17680.4;0.003
17680.9;0.002
17681.4;0.002
17681.9;0.003
17682.4;0.003
17682.9;0.005
17683.4;0.003
17683.9;0.004
17684.4;0.005
17684.9;0.004
17685.4;0.003
17685.9;0.003
17686.4;0.003
17686.9;0.003
17687.4;0.004
17687.9;0.003
17688.4;0.002
17688.9;0.003
17689.4;0.003
17689.9;0.003
17690.4;0.004
17690.9;0.003
17691.4;0.002
17691.9;0.004
17692.4;0.004
17692.9;0.004
17693.4;0.004
17693.9;0.003
17694.4;0.002
17694.9;0.002
17695.4;0.003
17695.9;0.003
17696.4;0.003
17696.9;0.003
17697.4;0.003
17697.9;0.002
17698.4;0.002
17698.9;0.004
17699.4;0.004
17699.9;0.004
17700.4;0.003
17700.9;0.003
17701.4;0.003
17701.9;0.003
17702.4;0.003
17702.9;0.004
17703.4;0.003
17703.9;0.004
17704.4;0.002
17704.9;0.003
17705.4;0.003
17705.9;0.003
17706.4;0.003
17706.9;0.003
17707.4;0.003
17707.9;0.002
17708.4;0.003
17708.9;0.003
17709.4;0.004
17709.9;0.003
17710.4;0.004
17710.9;0.003
17711.4;0.005
17711.9;0.002
17712.4;0.002
17712.9;0.003
17713.4;0.002
17713.9;0.004
17714.4;0.003
17714.9;0.002
17715.4;0.003
17715.9;0.002
17716.4;0.004
17716.9;0.004
17717.4;0.002
17717.9;0.004
17718.4;0.004
17718.9;0.003
17719.4;0.004
17719.9;0.003
17720.4;0.004
17720.9;0.002
17721.4;0.004
17721.9;0.004
17722.4;0.003
17722.9;0.004
17723.4;0.003
17723.9;0.003
17724.4;0.004
17724.9;0.003
17725.4;0.004
17725.9;0.003
17726.4;0.003
17726.9;0.003
17727.4;0.003
17727.9;0.003
17728.4;0.004
17728.9;0.003
17729.4;0.003
17729.9;0.003
17730.4;0.002
17730.9;0.003
17731.4;0.003
17731.9;0.004
17732.4;0.003
17732.9;0.003
17733.4;0.003
17733.9;0.004
17734.4;0.003
17734.9;0.003
17735.4;0.002
17735.9;0.003
17736.4;0.004
17736.9;0.002
17737.4;0.004
17737.9;0.004
17738.4;0.003
17738.9;0.004
17739.4;0.004
17739.9;0.002
17740.4;0.003
17740.9;0.003
17741.4;0.003
17741.9;0.003
17742.4;0.003
17742.9;0.002
17743.4;0.003
17743.9;0.001
17744.4;0.005
17744.9;0.004
17745.4;0.004
17745.9;0.002
17746.4;0.003
17746.9;0.003
17747.4;0.003
17747.9;0.003
17748.4;0.002
17748.9;0.004
17749.4;0.002
17749.9;0.003
17750.4;0.002
17750.9;0.003
17751.4;0.004
17751.9;0.003
17752.4;0.003
17752.9;0.003
17753.4;0.002
17753.9;0.004
17754.4;0.002
17754.9;0.005
17755.4;0.002
17755.9;0.003
17756.4;0.003
17756.9;0.003
17757.4;0.004
17757.9;0.003
17758.4;0.003
17758.9;0.003
17759.4;0.002
17759.9;0.003
17760.4;0.003
17760.9;0.003
17761.4;0.003
17761.9;0.003
17762.4;0.002
17762.9;0.003
17763.4;0.004
17763.9;0.003
17764.4;0.003
17764.9;0.003
17765.4;0.003
17765.9;0.002
17766.4;0.003
17766.9;0.004
17767.4;0.003
17767.9;0.003
17768.4;0.002
17768.9;0.003
17769.4;0.002
17769.9;0.004
17770.4;0.003
17770.9;0.004
17771.4;0.003
17771.9;0.004
17772.4;0.004
17772.9;0.004
17773.4;0.003
17773.9;0.003
17774.4;0.004
17774.9;0.002
17775.4;0.004
17775.9;0.003
17776.4;0.004
17776.9;0.003
17777.4;0.003
17777.9;0.004
17778.4;0.003
17778.9;0.004
17779.4;0.004
17779.9;0.002
17780.4;0.004
17780.9;0.003
17781.4;0.003
17781.9;0.003
17782.4;0.004
17782.9;0.003
17783.4;0.004
17783.9;0.004
17784.4;0.003
17784.9;0.003
17785.4;0.003
17785.9;0.004
17786.4;0.003
17786.9;0.004
17787.4;0.002
17787.9;0.002
17788.4;0.003
17788.9;0.003
17789.4;0.003
17789.9;0.003
17790.4;0.003
17790.9;0.004
17791.4;0.003
17791.9;0.004
17792.4;0.001
17792.9;0.003
17793.4;0.003
17793.9;0.003
17794.4;0.003
17794.9;0.004
17795.4;0.003
17795.9;0.002
17796.4;0.003
17796.9;0.003
17797.4;0.003
17797.9;0.004
17798.4;0.002
17798.9;0.004
17799.4;0.004
17799.9;0.004
17800.4;0.003
17800.9;0.004
17801.4;0.003
17801.9;0.003
17802.4;0.003
17802.9;0.003
17803.4;0.004
17803.9;0.003
17804.4;0.004
17804.9;0.003
17805.4;0.003
17805.9;0.004
17806.4;0.003
17806.9;0.003
17807.4;0.003
17807.9;0.004
17808.4;0.003
17808.9;0.003
17809.4;0.003
17809.9;0.002
17810.4;0.003
17810.9;0.002
17811.4;0.003
17811.9;0.003
17812.4;0.003
17812.9;0.004
17813.4;0.004
17813.9;0.004
17814.4;0.003
17814.9;0.002
17815.4;0.002
17815.9;0.002
17816.4;0.003
17816.9;0.003
17817.4;0.002
17817.9;0.002
17818.4;0.004
17818.9;0.004
17819.4;0.003
17819.9;0.004
17820.4;0.003
17820.9;0.004
17821.4;0.004
17821.9;0.003
17822.4;0.003
17822.9;0.002
17823.4;0.003
17823.9;0.003
17824.4;0.003
17824.9;0.004
17825.4;0.003
17825.9;0.003
17826.4;0.003
17826.9;0.002
17827.4;0.003
17827.9;0.003
17828.4;0.003
17828.9;0.003
17829.4;0.003
17829.9;0.004
17830.4;0.004
17830.9;0.002
17831.4;0.004
17831.9;0.003
17832.4;0.003
17832.9;0.002
17833.4;0.004
17833.9;0.006
17834.4;0.003
17834.9;0.003
17835.4;0.004
17835.9;0.004
17836.4;0.003
17836.9;0.003
17837.4;0.001
17837.9;0.003
17838.4;0.002
17838.9;0.004
17839.4;0.003
17839.9;0.003
17840.4;0.003
17840.9;0.003
17841.4;0.004
17841.9;0.004
17842.4;0.003
17842.9;0.003
17843.4;0.004
17843.9;0.004
17844.4;0.002
17844.9;0.003
17845.4;0.003
17845.9;0.002
17846.4;0.002
17846.9;0.004
17847.4;0.003
17847.9;0.004
17848.4;0.002
17848.9;0.003
17849.4;0.003
17849.9;0.004
17850.4;0.002
17850.9;0.002
17851.4;0.002
17851.9;0.003
17852.4;0.002
17852.9;0.004
17853.4;0.003
17853.9;0.003
17854.4;0.002
17854.9;0.002
17855.4;0.004
17855.9;0.004
17856.4;0.003
17856.9;0.003
17857.4;0.002
17857.9;0.004
17858.4;0.003
17858.9;0.004
17859.4;0.003
17859.9;0.003
17860.4;0.002
17860.9;0.003
17861.4;0.003
17861.9;0.003
17862.4;0.002
17862.9;0.002
17863.4;0.003
17863.9;0.004
17864.4;0.003
17864.9;0.005
17865.4;0.003
17865.9;0.003
17866.4;0.003
17866.9;0.002
17867.4;0.004
17867.9;0.003
17868.4;0.003
17868.9;0.003
17869.4;0.004
17869.9;0.002
17870.4;0.002
17870.9;0.003
17871.4;0.004
17871.9;0.004
17872.4;0.004
17872.9;0.004
17873.4;0.002
17873.9;0.003
17874.4;0.003
17874.9;0.004
17875.4;0.004
17875.9;0.003
17876.4;0.004
17876.9;0.001
17877.4;0.003
17877.9;0.003
17878.4;0.004
17878.9;0.003
17879.4;0.004
17879.9;0.003
17880.4;0.002
17880.9;0.003
17881.4;0.004
17881.9;0.003
17882.4;0.002
17882.9;0.003
17883.4;0.003
17883.9;0.003
17884.4;0.002
17884.9;0.003
17885.4;0.003
17885.9;0.003
17886.4;0.003
17886.9;0.004
17887.4;0.004
17887.9;0.003
17888.4;0.004
17888.9;0.004
17889.4;0.004
17889.9;0.003
17890.4;0.003
17890.9;0.004
17891.4;0.003
17891.9;0.003
17892.4;0.003
17892.9;0.004
17893.4;0.002
17893.9;0.003
17894.4;0.002
17894.9;0.004
17895.4;0.003
17895.9;0.003
17896.4;0.004
17896.9;0.003
17897.4;0.003
17897.9;0.004
17898.4;0.003
17898.9;0.003
17899.4;0.004
17899.9;0.003
17900.4;0.002
17900.9;0.003
17901.4;0.003
17901.9;0.003
17902.4;0.003
17902.9;0.003
17903.4;0.003
17903.9;0.003
17904.4;0.003
17904.9;0.003
17905.4;0.004
17905.9;0.004
17906.4;0.003
17906.9;0.004
17907.4;0.003
17907.9;0.003
17908.4;0.003
17908.9;0.005
17909.4;0.003
17909.9;0.003
17910.4;0.003
17910.9;0.003
17911.4;0.002
17911.9;0.003
17912.4;0.002
17912.9;0.002
17913.4;0.004
17913.9;0.004
17914.4;0.004
17914.9;0.004
17915.4;0.003
17915.9;0.002
17916.4;0.003
17916.9;0.004
17917.4;0.003
17917.9;0.003
17918.4;0.004
17918.9;0.002
17919.4;0.003
17919.9;0.003
17920.4;0.003
17920.9;0.004
17921.4;0.003
17921.9;0.003
17922.4;0.003
17922.9;0.003
17923.4;0.002
17923.9;0.003
17924.4;0.002
17924.9;0.001
17925.4;0.004
17925.9;0.003
17926.4;0.004
17926.9;0.005
17927.4;0.003
17927.9;0.003
17928.4;0.003
17928.9;0.003
17929.4;0.003
17929.9;0.003
17930.4;0.003
17930.9;0.003
17931.4;0.003
17931.9;0.002
17932.4;0.004
17932.9;0.005
17933.4;0.005
17933.9;0.005
17934.4;0.003
17934.9;0.002
17935.4;0.002
17935.9;0.003
17936.4;0.003
17936.9;0.003
17937.4;0.004
17937.9;0.003
17938.4;0.002
17938.9;0.003
17939.4;0.002
17939.9;0.005
17940.4;0.004
17940.9;0.002
17941.4;0.003
17941.9;0.003
17942.4;0.003
17942.9;0.004
17943.4;0.004
17943.9;0.003
17944.4;0.004
17944.9;0.002
17945.4;0.003
17945.9;0.003
17946.4;0.003
17946.9;0.003
17947.4;0.002
17947.9;0.004
17948.4;0.003
17948.9;0.002
17949.4;0.002
17949.9;0.004
17950.4;0.003
17950.9;0.003
17951.4;0.002
17951.9;0.003
17952.4;0.002
17952.9;0.003
17953.4;0.003
17953.9;0.003
17954.4;0.005
17954.9;0.003
17955.4;0.002
17955.9;0.002
17956.4;0.002
17956.9;0.003
17957.4;0.004
17957.9;0.004
17958.4;0.003
17958.9;0.004
17959.4;0.003
17959.9;0.002
17960.4;0.003
17960.9;0.003
17961.4;0.004
17961.9;0.003
17962.4;0.002
17962.9;0.004
17963.4;0.003
17963.9;0.003
17964.4;0.003
17964.9;0.003
17965.4;0.003
17965.9;0.002
17966.4;0.004
17966.9;0.005
17967.4;0.003
17967.9;0.003
17968.4;0.003
17968.9;0.004
17969.4;0.003
17969.9;0.003
17970.4;0.003
17970.9;0.004
17971.4;0.001
17971.9;0.003
17972.4;0.003
17972.9;0.004
17973.4;0.003
17973.9;0.002
17974.4;0.003
17974.9;0.002
17975.4;0.003
17975.9;0.004
17976.4;0.004
17976.9;0.004
17977.4;0.004
17977.9;0.003
17978.4;0.003
17978.9;0.002
17979.4;0.003
17979.9;0.003
17980.4;0.003
17980.9;0.004
17981.4;0.003
17981.9;0.003
17982.4;0.003
17982.9;0.003
17983.4;0.002
17983.9;0.002
17984.4;0.003
17984.9;0.004
17985.4;0.003
17985.9;0.004
17986.4;0.003
17986.9;0.004
17987.4;0.004
17987.9;0.004
17988.4;0.002
17988.9;0.003
17989.4;0.005
17989.9;0.003
17990.4;0.003
17990.9;0.003
17991.4;0.002
17991.9;0.002
17992.4;0.004
17992.9;0.003
17993.4;0.002
17993.9;0.003
17994.4;0.004
17994.9;0.002
17995.4;0.004
17995.9;0.002
17996.4;0.003
17996.9;0.004
17997.4;0.002
17997.9;0.004
17998.4;0.004
17998.9;0.003
17999.4;0.003
17999.9;0.004
